OK
1038.214427
157
Boogie Dump Took : 1.083994
0.006905
295.253506
6.45893053503185
104.732295,0,53.410678,2.522944,17012,362,0.004754,103.777397,21,0,15
74.507708,0,52.0382269999999,2.97271,17264,466,0.006393,73.169899,22,0,17
89.894103,0,46.8649880000001,3.040636,15279,436,0.00575899999999999,88.564762,19,0,17
97.050316,0,41.67114,3.571884,14289,496,0.00624399999999999,96.04007,19,0,22
105.31788,0,42.74756,4.822577,14198,544,0.00766699999999998,103.842712,17,0,18
86.370662,0,44.638477,5.009172,14528,570,0.008307,84.7424,19,0,26
94.686515,0,35.0142789999999,4.630724,11836,572,0.00846,93.320907,15,1,22
115.094241,0,55.8536370000001,3.443997,19208,416,0.00558699999999999,113.951967,24,0,19
