OK
289.421292
132
Boogie Dump Took : 1.191164
0.007717
21.51028
2.07195053030303
59.887012,0,25.586933,3.6828,9778,304,0.002542,58.931134,14,0,28
72.23246,0,30.2717290000001,1.5441,11373,170,0.001651,71.372916,16,0,12
64.798615,0,28.729735,2.596526,11228,274,0.002491,63.973088,16,1,19
52.381864,0,29.921488,2.140115,11778,256,0.002225,51.673346,18,0,12
50.037937,0,29.7739439999999,2.575552,10862,284,0.002675,49.140638,17,1,14
74.5641,0,25.0192239999999,2.692334,9506,268,0.002477,73.695201,13,1,18
47.826646,0,26.732598,4.75228,10187,256,0.002373,45.84354,15,1,14
62.202834,0,31.0338529999999,1.980273,11941,234,0.002322,61.349562,18,1,10
