OK
82.381835
90
Boogie Dump Took : 3.20355
0.000704
9.497172
0.825533744444444
31.481406,0,15.718934,0.793025,3576,80,0.00095,30.80928,12,0,8
35.181494,0,17.027143,0.379305,4031,52,0.000821,34.544331,15,0,5
25.766549,0,17.09719,0.839035,4053,100,0.00116,25.268856,15,0,11
26.955036,0,7.003196,1.860931,1614,182,0.001894,26.15141,4,0,30
28.943399,0,17.039985,0.692464,4078,72,0.000913,28.126665,14,1,9
41.249582,0,13.840366,0.621252,3263,54,0.000834,40.751209,13,0,10
35.948341,0,11.55961,1.038012,2477,72,0.001064,35.23037,8,0,8
33.561818,0,12.657707,1.040328,2942,84,0.001108,32.82566,8,0,8
