NOK
472.960497
444
Boogie Dump Took : 4.941712
0.000683
5.966922
1.04050277027027
0,0,0,0,0,0,0,29.618673,3,2,3
0,0,0,0,0,0,0,24.237748,4,3,4
0,0,0,0,0,0,0,26.30011,3,4,2
0,0,0,0,0,0,0,19.089025,3,3,4
0,0,0,0,0,0,0,29.091284,11,5,7
0,0,0,0,0,0,0,21.843333,8,0,10
0,0,0,0,0,0,0,17.301545,10,3,6
0,0,0,0,0,0,0,14.957648,7,3,12
0,0,0,0,0,0,0,39.216593,5,0,4
0,0,0,0,0,0,0,45.13883,5,0,3
0,0,0,0,0,0,0,30.166988,4,3,6
0,0,0,0,0,0,0,35.030826,4,0,4
0,0,0,0,0,0,0,35.835475,6,2,6
0,0,0,0,0,0,0,32.569489,5,3,6
0,0,0,0,0,0,0,23.84636,3,1,3
0,0,0,0,0,0,0,25.792606,7,4,5
0,0,0,0,0,0,0,24.243214,3,2,3
0,0,0,0,0,0,0,23.232826,3,1,3
0,0,0,0,0,0,0,30.410893,3,1,3
0,0,0,0,0,0,0,29.704756,3,4,2
0,0,0,0,0,0,0,23.317609,4,7,3
0,0,0,0,0,0,0,34.719634,4,0,3
0,0,0,0,0,0,0,28.334061,3,4,5
0,0,0,0,0,0,0,20.939094,3,0,2
0,0,0,0,0,0,0,34.416454,9,1,4
0,0,0,0,0,0,0,30.894126,5,0,7
0,0,0,0,0,0,0,30.644546,5,3,5
0,0,0,0,0,0,0,27.720043,4,0,6
0,0,0,0,0,0,0,20.061133,4,0,4
0,0,0,0,0,0,0,22.266212,4,1,3
0,0,0,0,0,0,0,22.043028,4,4,4
0,0,0,0,0,0,0,25.312245,3,5,3
#ALGO Details#
Best Algo splitMode:30
SplitMode:totalANDSplits
100:65
0:61
50:42
50:43
50:31
30:65
30:65
30:64