ReachedBound
135.332302
289
Boogie Dump Took : 2.286324
0.003042
3.52265
0.456498619377163
0,0,0,0,0,0,0,17.700492,7,1,9
0,0,0,0,0,0,0,8.506036,7,2,6
0,0,0,0,0,0,0,9.348692,10,3,8
0,0,0,0,0,0,0,17.099588,7,1,8
0,0,0,0,0,0,0,8.148494,5,2,6
0,0,0,0,0,0,0,4.08097,6,2,5
0,0,0,0,0,0,0,5.672755,6,2,5
0,0,0,0,0,0,0,4.166934,6,2,6
0,0,0,0,0,0,0,9.196845,7,0,8
0,0,0,0,0,0,0,9.467989,7,0,10
0,0,0,0,0,0,0,18.305188,11,0,9
0,0,0,0,0,0,0,24.365853,12,0,9
0,0,0,0,0,0,0,18.923622,7,1,6
0,0,0,0,0,0,0,9.847129,7,2,7
0,0,0,0,0,0,0,4.482484,5,2,5
0,0,0,0,0,0,0,8.241334,6,1,6
0,0,0,0,0,0,0,17.630055,9,1,4
0,0,0,0,0,0,0,7.504281,8,0,7
0,0,0,0,0,0,0,10.172271,5,1,8
0,0,0,0,0,0,0,10.859882,6,1,8
0,0,0,0,0,0,0,10.508924,8,1,9
0,0,0,0,0,0,0,9.751844,8,1,11
0,0,0,0,0,0,0,13.025417,7,1,4
0,0,0,0,0,0,0,9.744934,7,1,5
0,0,0,0,0,0,0,9.27033,9,1,9
0,0,0,0,0,0,0,11.218139,9,1,6
0,0,0,0,0,0,0,10.118226,7,1,12
0,0,0,0,0,0,0,11.521387,11,1,8
0,0,0,0,0,0,0,8.050143,9,1,10
0,0,0,0,0,0,0,13.111654,14,0,11
0,0,0,0,0,0,0,10.14081,11,0,11
0,0,0,0,0,0,0,12.477536,11,0,12
#ALGO Details#
Best Algo splitMode:100
SplitMode:totalANDSplits
100:38
0:30
50:36
50:30
50:30
30:33
30:39
30:45