TIMEDOUT
3600
177
Boogie Dump Took : 13.890372
0,0,0,0,0,0,0,39.204621,3,0,3
0,0,0,0,0,0,0,17.335927,2,27,4
0,0,0,0,0,0,0,41.334534,3,21,3
0,0,0,0,0,0,0,34.944484,4,25,2
0,0,0,0,0,0,0,5.116572,3,2,2
0,0,0,0,0,0,0,5.208532,3,1,2
0,0,0,0,0,0,0,3.692567,2,1,4
0,0,0,0,0,0,0,4.709836,2,1,1
0,0,0,0,0,0,0,16.780383,3,0,2
0,0,0,0,0,0,0,35.304503,3,0,2
0,0,0,0,0,0,0,28.841716,2,1,2
0,0,0,0,0,0,0,13.711712,1,0,2
0,0,0,0,0,0,0,30.5153,2,1,1
0,0,0,0,0,0,0,68.633533,3,0,2
0,0,0,0,0,0,0,14.939024,2,0,3
0,0,0,0,0,0,0,40.584772,2,1,2
0,0,0,0,0,0,0,13.131841,2,2,1
0,0,0,0,0,0,0,13.523677,2,2,2
0,0,0,0,0,0,0,6.70453,2,1,1
0,0,0,0,0,0,0,5.187002,2,0,3
0,0,0,0,0,0,0,15.125245,2,1,2
0,0,0,0,0,0,0,18.888621,4,0,2
0,0,0,0,0,0,0,13.67596,2,1,4
0,0,0,0,0,0,0,14.656816,2,1,1
0,0,0,0,0,0,0,3.868229,2,0,3
0,0,0,0,0,0,0,5.181745,3,1,2
0,0,0,0,0,0,0,3.455257,2,0,3
0,0,0,0,0,0,0,13.234125,3,1,1
0,0,0,0,0,0,0,4.44988,4,1,3
0,0,0,0,0,0,0,4.356538,2,0,2
0,0,0,0,0,0,0,6.145735,3,1,4
0,0,0,0,0,0,0,4.696708,2,0,1
#ALGO Details#
Best Algo splitMode:-1
SplitMode:totalANDSplits
100:89
0:14
50:9
50:10
50:12
30:12
30:11
30:12