NOK
53.149497
100
Boogie Dump Took : 4.803192
0.00294
7.151285
0.44219009
0,0,0,0,0,0,0,16.801415,2,0,2
0,0,0,0,0,0,0,10.634198,2,0,2
0,0,0,0,0,0,0,8.792477,2,0,2
0,0,0,0,0,0,0,12.270696,2,0,2
0,0,0,0,0,0,0,2.80863,3,0,4
0,0,0,0,0,0,0,3.008281,3,0,2
0,0,0,0,0,0,0,2.956752,3,1,3
0,0,0,0,0,0,0,2.96547,3,1,2
0,0,0,0,0,0,0,8.258536,2,0,3
0,0,0,0,0,0,0,8.895977,4,0,2
0,0,0,0,0,0,0,10.664667,4,0,2
0,0,0,0,0,0,0,4.412055,2,0,4
0,0,0,0,0,0,0,10.673261,5,0,3
0,0,0,0,0,0,0,8.857607,4,0,4
0,0,0,0,0,0,0,9.058123,3,0,4
0,0,0,0,0,0,0,8.2054,3,0,3
0,0,0,0,0,0,0,9.667071,3,0,1
0,0,0,0,0,0,0,5.063303,3,0,4
0,0,0,0,0,0,0,4.207928,1,0,2
0,0,0,0,0,0,0,4.122991,2,0,1
0,0,0,0,0,0,0,7.815395,3,0,5
0,0,0,0,0,0,0,8.007519,2,0,1
0,0,0,0,0,0,0,9.4857,3,0,2
0,0,0,0,0,0,0,7.870866,3,0,2
0,0,0,0,0,0,0,4.082284,3,0,2
0,0,0,0,0,0,0,5.865438,3,0,2
0,0,0,0,0,0,0,4.365439,2,0,2
0,0,0,0,0,0,0,4.765677,2,0,3
0,0,0,0,0,0,0,11.028827,4,0,6
0,0,0,0,0,0,0,9.4827,2,0,3
0,0,0,0,0,0,0,10.574524,6,0,3
0,0,0,0,0,0,0,7.232147,2,0,1
#ALGO Details#
Best Algo splitMode:0
SplitMode:totalANDSplits
100:8
0:18
50:11
50:14
50:8
30:10
30:10
30:13