ReachedBound
151.355535
313
Boogie Dump Took : 2.873159
0.000744
8.132133
0.471924785942492
0,0,0,0,0,0,0,12.978688,5,2,8
0,0,0,0,0,0,0,25.941791,8,2,6
0,0,0,0,0,0,0,14.885529,7,2,8
0,0,0,0,0,0,0,24.952373,8,2,6
0,0,0,0,0,0,0,10.295907,10,2,8
0,0,0,0,0,0,0,19.523464,8,2,8
0,0,0,0,0,0,0,12.289488,7,2,6
0,0,0,0,0,0,0,14.336138,7,2,9
0,0,0,0,0,0,0,20.987595,9,2,6
0,0,0,0,0,0,0,9.341971,7,2,8
0,0,0,0,0,0,0,7.366395,6,2,8
0,0,0,0,0,0,0,12.390177,7,2,6
0,0,0,0,0,0,0,14.220937,5,2,6
0,0,0,0,0,0,0,13.127655,7,2,5
0,0,0,0,0,0,0,8.860463,4,2,7
0,0,0,0,0,0,0,20.243409,7,2,4
0,0,0,0,0,0,0,29.655645,11,1,9
0,0,0,0,0,0,0,26.670936,10,1,11
0,0,0,0,0,0,0,14.570077,7,1,6
0,0,0,0,0,0,0,13.495075,6,3,7
0,0,0,0,0,0,0,9.57702,9,2,8
0,0,0,0,0,0,0,17.471853,8,3,9
0,0,0,0,0,0,0,8.496118,7,2,7
0,0,0,0,0,0,0,20.295771,8,2,7
0,0,0,0,0,0,0,17.365489,11,2,10
0,0,0,0,0,0,0,14.879498,9,2,10
0,0,0,0,0,0,0,22.343091,9,2,10
0,0,0,0,0,0,0,18.343438,10,2,8
0,0,0,0,0,0,0,11.814189,10,2,10
0,0,0,0,0,0,0,5.342605,5,0,5
0,0,0,0,0,0,0,22.263361,9,2,9
0,0,0,0,0,0,0,7.436307,10,2,9
#ALGO Details#
Best Algo splitMode:100
SplitMode:totalANDSplits
100:36
0:39
50:36
50:30
50:39
30:40
30:46
30:39