ReachedBound
658.279663
508
Boogie Dump Took : 8.761491
0.003961
30.695434
1.24224867716535
0,0,0,0,0,0,0,363.349634,4,0,5
0,0,0,0,0,0,0,191.622358,5,0,4
0,0,0,0,0,0,0,448.595181,5,0,4
0,0,0,0,0,0,0,253.926681,4,0,5
0,0,0,0,0,0,0,123.083417,47,5,48
0,0,0,0,0,0,0,120.707998,48,3,48
0,0,0,0,0,0,0,124.343206,46,3,46
0,0,0,0,0,0,0,119.833087,50,3,48
0,0,0,0,0,0,0,353.241645,10,0,9
0,0,0,0,0,0,0,261.728114,12,0,12
0,0,0,0,0,0,0,167.315595,11,0,11
0,0,0,0,0,0,0,479.036946,10,0,10
0,0,0,0,0,0,0,10.343155,3,0,3
0,0,0,0,0,0,0,20.366859,4,1,3
0,0,0,0,0,0,0,21.045094,4,0,4
0,0,0,0,0,0,0,16.007286,3,0,3
0,0,0,0,0,0,0,524.272205,12,0,11
0,0,0,0,0,0,0,371.689956,11,0,10
0,0,0,0,0,0,0,254.343738,11,0,7
0,0,0,0,0,0,0,284.766777,9,0,14
0,0,0,0,0,0,0,427.996358,13,0,13
0,0,0,0,0,0,0,452.872514,14,0,11
0,0,0,0,0,0,0,357.629894,15,0,16
0,0,0,0,0,0,0,292.268954,14,0,15
0,0,0,0,0,0,0,321.812163,18,0,14
0,0,0,0,0,0,0,253.259018,19,0,15
0,0,0,0,0,0,0,350.166884,17,0,21
0,0,0,0,0,0,0,443.659426,18,0,21
0,0,0,0,0,0,0,363.047792,15,0,13
0,0,0,0,0,0,0,468.439742,13,0,13
0,0,0,0,0,0,0,506.611827,13,0,14
0,0,0,0,0,0,0,376.169776,14,0,14
#ALGO Details#
Best Algo splitMode:100
SplitMode:totalANDSplits
100:18
0:204
50:42
50:14
50:42
30:55
30:71
30:54