NOK
745.916515
344
Boogie Dump Took : 6.569003
0.011995
23.187278
2.13634035465116
0,0,0,0,0,0,0,25.89903,2,0,6
0,0,0,0,0,0,0,49.429914,4,2,3
0,0,0,0,0,0,0,66.290029,5,2,4
0,0,0,0,0,0,0,52.766861,6,3,4
0,0,0,0,0,0,0,227.858257,19,4,23
0,0,0,0,0,0,0,248.79556,20,2,21
0,0,0,0,0,0,0,178.433543,22,4,17
0,0,0,0,0,0,0,170.351195,18,3,17
0,0,0,0,0,0,0,246.315719,6,2,10
0,0,0,0,0,0,0,152.464279,9,0,7
0,0,0,0,0,0,0,250.978312,6,1,4
0,0,0,0,0,0,0,98.36884,8,0,7
0,0,0,0,0,0,0,124.646913,7,4,9
0,0,0,0,0,0,0,55.755676,6,0,3
0,0,0,0,0,0,0,190.893487,8,1,9
0,0,0,0,0,0,0,85.874397,7,0,6
0,0,0,0,0,0,0,291.243575,9,1,5
0,0,0,0,0,0,0,47.845503,11,0,5
0,0,0,0,0,0,0,28.841925,5,1,3
0,0,0,0,0,0,0,50.681587,4,3,15
0,0,0,0,0,0,0,90.596976,12,3,9
0,0,0,0,0,0,0,67.635109,8,3,11
0,0,0,0,0,0,0,89.978946,13,1,6
0,0,0,0,0,0,0,52.857564,9,4,15
0,0,0,0,0,0,0,68.294852,4,1,11
0,0,0,0,0,0,0,204.585133,7,0,5
0,0,0,0,0,0,0,344.749371,8,0,3
0,0,0,0,0,0,0,41.472563,4,1,3
0,0,0,0,0,0,0,266.037942,15,0,10
0,0,0,0,0,0,0,126.449771,7,1,10
0,0,0,0,0,0,0,238.878698,10,2,11
0,0,0,0,0,0,0,276.045866,9,2,9
#ALGO Details#
Best Algo splitMode:50
SplitMode:totalANDSplits
100:26
0:91
50:33
50:32
50:33
30:52
30:24
30:45