NOK
1333.852635
222
Boogie Dump Took : 7.25543
0.003857
50.716475
5.95405356306306
0,0,0,0,0,0,0,73.455582,2,0,2
0,0,0,0,0,0,0,67.393328,2,7,1
0,0,0,0,0,0,0,57.554586,2,4,1
0,0,0,0,0,0,0,17.976597,1,5,3
0,0,0,0,0,0,0,4.70752,4,2,3
0,0,0,0,0,0,0,4.546437,4,2,3
0,0,0,0,0,0,0,4.083078,3,2,5
0,0,0,0,0,0,0,4.915406,4,1,3
0,0,0,0,0,0,0,35.743353,4,2,2
0,0,0,0,0,0,0,17.499721,2,0,4
0,0,0,0,0,0,0,5.716303,2,5,1
0,0,0,0,0,0,0,18.528322,2,1,2
0,0,0,0,0,0,0,16.488111,2,5,4
0,0,0,0,0,0,0,23.776501,3,0,1
0,0,0,0,0,0,0,16.978267,2,1,2
0,0,0,0,0,0,0,36.524617,2,4,1
0,0,0,0,0,0,0,46.75397,3,3,2
0,0,0,0,0,0,0,35.653552,2,5,4
0,0,0,0,0,0,0,50.852534,3,0,1
0,0,0,0,0,0,0,36.679138,2,3,2
0,0,0,0,0,0,0,23.359613,4,3,2
0,0,0,0,0,0,0,16.691347,2,0,4
0,0,0,0,0,0,0,17.400097,2,3,2
0,0,0,0,0,0,0,16.999292,2,1,1
0,0,0,0,0,0,0,39.906943,5,1,2
0,0,0,0,0,0,0,4.736899,3,2,3
0,0,0,0,0,0,0,4.111531,2,0,4
0,0,0,0,0,0,0,19.53857,3,2,3
0,0,0,0,0,0,0,76.45435,6,0,2
0,0,0,0,0,0,0,16.32577,2,3,4
0,0,0,0,0,0,0,35.502305,2,4,4
0,0,0,0,0,0,0,61.252353,3,2,2
#ALGO Details#
Best Algo splitMode:50
SplitMode:totalANDSplits
100:41
0:27
50:22
50:28
50:24
30:21
30:23
30:28