NOK
170.223389
117
Boogie Dump Took : 4.450772
0.001127
14.594268
1.12926166666667
0,0,0,0,0,0,0,60.920326,2,0,3
0,0,0,0,0,0,0,19.744527,2,0,3
0,0,0,0,0,0,0,81.036635,3,0,2
0,0,0,0,0,0,0,65.492615,3,0,2
0,0,0,0,0,0,0,4.130617,6,1,8
0,0,0,0,0,0,0,4.718642,6,2,6
0,0,0,0,0,0,0,3.742423,5,1,4
0,0,0,0,0,0,0,4.788314,7,2,5
0,0,0,0,0,0,0,18.639415,3,0,3
0,0,0,0,0,0,0,34.833115,2,0,2
0,0,0,0,0,0,0,35.80232,2,0,1
0,0,0,0,0,0,0,22.494969,2,0,2
0,0,0,0,0,0,0,36.520607,3,0,2
0,0,0,0,0,0,0,51.206501,3,0,4
0,0,0,0,0,0,0,65.22144,2,0,1
0,0,0,0,0,0,0,52.870316,2,0,2
0,0,0,0,0,0,0,5.758609,2,0,2
0,0,0,0,0,0,0,18.119121,2,0,2
0,0,0,0,0,0,0,33.708813,2,0,1
0,0,0,0,0,0,0,31.945333,2,0,2
0,0,0,0,0,0,0,19.595736,2,0,2
0,0,0,0,0,0,0,32.435511,3,0,2
0,0,0,0,0,0,0,17.712594,3,0,3
0,0,0,0,0,0,0,18.117323,3,0,3
0,0,0,0,0,0,0,30.887268,7,0,6
0,0,0,0,0,0,0,3.920232,5,0,3
0,0,0,0,0,0,0,17.037675,4,1,5
0,0,0,0,0,0,0,3.637631,3,0,4
0,0,0,0,0,0,0,58.90199,3,0,3
0,0,0,0,0,0,0,36.816116,3,0,2
0,0,0,0,0,0,0,76.139441,5,0,2
0,0,0,0,0,0,0,16.90893,1,0,4
#ALGO Details#
Best Algo splitMode:0
SplitMode:totalANDSplits
100:10
0:34
50:8
50:9
50:7
30:11
30:19
30:11