TIMEDOUT
3600
94
Boogie Dump Took : 15.013363
0,0,0,0,0,0,0,0,0,0,1
0,0,0,0,0,0,0,4.353916,1,0,1
0,0,0,0,0,0,0,10.749546,1,0,0
0,0,0,0,0,0,0,0,0,0,0
0,0,0,0,0,0,0,17.054509,3,0,4
0,0,0,0,0,0,0,17.755816,3,1,2
0,0,0,0,0,0,0,19.535536,3,6,2
0,0,0,0,0,0,0,19.575311,3,5,3
0,0,0,0,0,0,0,0.001311,1,0,1
0,0,0,0,0,0,0,2.91372,1,0,1
0,0,0,0,0,0,0,9.985947,1,0,0
0,0,0,0,0,0,0,0,0,0,0
0,0,0,0,0,0,0,0.008456,1,0,1
0,0,0,0,0,0,0,1.048923,1,0,1
0,0,0,0,0,0,0,0,0,0,0
0,0,0,0,0,0,0,7.071663,1,0,0
0,0,0,0,0,0,0,0.000877,1,0,1
0,0,0,0,0,0,0,1.523021,1,0,1
0,0,0,0,0,0,0,7.263236,1,0,0
0,0,0,0,0,0,0,0,0,0,0
0,0,0,0,0,0,0,9.957776,1,0,0
0,0,0,0,0,0,0,2.891946,1,0,1
0,0,0,0,0,0,0,1.673548,1,0,1
0,0,0,0,0,0,0,0.002495,1,0,1
0,0,0,0,0,0,0,17.621794,2,0,3
0,0,0,0,0,0,0,17.666571,2,0,1
0,0,0,0,0,0,0,19.632305,2,0,1
0,0,0,0,0,0,0,13.467942,1,0,1
0,0,0,0,0,0,0,13.372748,2,0,1
0,0,0,0,0,0,0,1.077948,1,0,1
0,0,0,0,0,0,0,2.242579,1,0,1
0,0,0,0,0,0,0,8.31284,1,0,1
#ALGO Details#
Best Algo splitMode:-1
SplitMode:totalANDSplits
100:2
0:64
50:2
50:2
50:2
30:3
30:7
30:4