NOK
202.567447
93
Boogie Dump Took : 22.204899
0.002961
97.919866
1.91613675268817
0,0,0,0,0,0,0,0,0,0,1
0,0,0,0,0,0,0,158.283026,1,0,0
0,0,0,0,0,0,0,0,0,0,0
0,0,0,0,0,0,0,0,0,0,0
0,0,0,0,0,0,0,36.532174,11,0,12
0,0,0,0,0,0,0,37.628203,12,0,12
0,0,0,0,0,0,0,5.189011,8,0,8
0,0,0,0,0,0,0,25.3866,11,0,9
0,0,0,0,0,0,0,141.938377,3,0,2
0,0,0,0,0,0,0,140.493643,3,0,3
0,0,0,0,0,0,0,4.684768,2,0,2
0,0,0,0,0,0,0,140.222202,2,0,2
0,0,0,0,0,0,0,6.953146,3,0,3
0,0,0,0,0,0,0,154.3832,2,0,2
0,0,0,0,0,0,0,155.510439,3,0,2
0,0,0,0,0,0,0,154.999816,2,0,2
0,0,0,0,0,0,0,0.001031,1,0,1
0,0,0,0,0,0,0,1.133973,1,0,1
0,0,0,0,0,0,0,2.883233,1,0,1
0,0,0,0,0,0,0,149.234977,1,0,0
0,0,0,0,0,0,0,2.542931,2,0,2
0,0,0,0,0,0,0,140.504608,2,0,1
0,0,0,0,0,0,0,139.321155,2,0,2
0,0,0,0,0,0,0,140.417898,2,0,2
0,0,0,0,0,0,0,4.237255,3,0,3
0,0,0,0,0,0,0,148.497152,3,0,3
0,0,0,0,0,0,0,4.990637,3,0,2
0,0,0,0,0,0,0,3.087032,2,0,2
0,0,0,0,0,0,0,2.636356,2,0,2
0,0,0,0,0,0,0,134.821534,2,0,1
0,0,0,0,0,0,0,0.967331,1,0,1
0,0,0,0,0,0,0,1.453258,1,0,1
#ALGO Details#
Best Algo splitMode:0
SplitMode:totalANDSplits
100:1
0:41
50:9
50:9
50:3
30:7
30:10
30:5