93417472
91228

96223232
93968

101289984
98916

103186432
100768

107204608
104692

120520704
117696

123531264
120636

125628416
122684

133705728
130572

133705728
130572

136785920
133580

138473472
135228

140435456
137144

142499840
139160

144846848
141452

146391040
142960

160337920
156580

164057088
160212

164859904
160996

167014400
163100

172617728
168572

172888064
168836

174436352
170348

179302400
175100

182120448
177852

186425344
182056

188911616
184484

190922752
186448

191062016
186584

192651264
188136

193437696
188904

196055040
191460

201752576
197024

212221952
207248

212221952
207248

212221952
207248

212746240
207760

220368896
215204

221941760
216740

221941760
216740

225533952
220248

232001536
226564

232943616
227484

239493120
233880

240017408
234392

240599040
234960

241377280
235720

245956608
240192

246943744
241156

248127488
242312

249163776
243324

252018688
246112

256475136
250464

259489792
253408

259489792
253408

260796416
254684

261484544
255356

264429568
258232

264568832
258368

267939840
261660

269275136
262964

272130048
265752

275484672
269028

277835776
271324

278999040
272460

281309184
274716

290746368
283932

290746368
283932

295464960
288540

295464960
288540

301125632
294068

301125632
294068

302354432
295268

304181248
297052

305426432
298268

310136832
302868

310136832
302868

315113472
307728

315113472
307728

318021632
310568

320663552
313148

322465792
314908

335872000
328000

335872000
328000

335872000
328000

338706432
330768

339177472
331228

361340928
352872

371503104
362796

372121600
363400

372645888
363912

374034432
365268

375734272
366928

375992320
367180

378048512
369188

380006400
371100

382509056
373544

383225856
374244

385265664
376236

391839744
382796

405762048
396252

406773760
397240

409915392
400308

417181696
407404

417181696
407404

418201600
408400

420384768
410532

420384768
410532

420384768
410532

420384768
410532

427991040
417960

430002176
419924

430002176
419924

430002176
419924

430002176
419924

431677440
421560

436252672
426028

436252672
426028

438484992
428208

440659968
430332

441561088
431212

446214144
435756

447393792
436908

449437696
438904

452272128
441672

452272128
441672

455942144
445256

459698176
448924

459698176
448924

459698176
448924

462024704
451196

462024704
451196

465874944
454956

465874944
454956

465874944
454956

467972096
457004

467972096
457004

469020672
458028

469020672
458028

469020672
458028

471588864
460536

471588864
460536

481792000
470500

481792000
470500

481792000
470500

481792000
470500

481792000
470500

489914368
478432

489914368
478432

489914368
478432

489914368
478432

489914368
478432

490962944
479456

490962944
479456

492642304
481096

494858240
483260

494858240
483260

494858240
483260

499576832
487868

499576832
487868

499576832
487868

499576832
487868

499576832
487868

501161984
489416

502210560
490440

502210560
490440

504332288
492512

504332288
492512

504332288
492512

506429440
494560

506429440
494560

506429440
494560

508551168
496632

508551168
496632

509599744
497656

509599744
497656

509599744
497656

511705088
499712

511705088
499712

511705088
499712

512331776
500324

512331776
500324

517931008
505792

517931008
505792

525398016
513084

525398016
513084

525398016
513084

525398016
513084

525398016
513084

530640896
518204

530640896
518204

530640896
518204

530640896
518204

530640896
518204

530640896
518204

530640896
518204

530640896
518204

531689472
519228

531689472
519228

531689472
519228

533401600
520900

533401600
520900

533401600
520900

535498752
522948

535498752
522948

535498752
522948

536547328
523972

536547328
523972

537137152
524548

538185728
525572

538185728
525572

540192768
527532

542289920
529580

542289920
529580

542289920
529580

542289920
529580

542289920
529580

542289920
529580

543354880
530620

543354880
530620

543354880
530620

545378304
532596

545378304
532596

545378304
532596

546426880
533620

547475456
534644

547475456
534644

547475456
534644

549572608
536692

549572608
536692

549572608
536692

550621184
537716

551669760
538740

551669760
538740

570568704
557196

570568704
557196

570568704
557196

570568704
557196

570568704
557196

570568704
557196

570568704
557196

570568704
557196

570568704
557196

570568704
557196

570568704
557196

570568704
557196

570568704
557196

570568704
557196

570568704
557196

570568704
557196

576577536
563064

588185600
574400

588185600
574400

588185600
574400

588185600
574400

588185600
574400

588185600
574400

588185600
574400

588185600
574400

596049920
582080

596049920
582080

596049920
582080

596049920
582080

596049920
582080

596049920
582080

597512192
583508

598704128
584672

598704128
584672

599752704
585696

603590656
589444

603590656
589444

603783168
589632

604639232
590468

605687808
591492

605687808
591492

605687808
591492

607784960
593540

607784960
593540

607784960
593540

607784960
593540

608083968
593832

608083968
593832

608083968
593832

610181120
595880

610181120
595880

610181120
595880

611229696
596904

612278272
597928

612278272
597928

612278272
597928

613326848
598952

613326848
598952

613326848
598952

614739968
600332

615186432
600768

616382464
601936

616382464
601936

617431040
602960

619696128
605172

621318144
606756

621318144
606756

622108672
607528

622108672
607528

623157248
608552

623157248
608552

624205824
609576

624205824
609576

625254400
610600

625254400
610600

625254400
610600

625254400
610600

628834304
614096

628834304
614096

628834304
614096

628834304
614096

628969472
614228

630128640
615360

630128640
615360

632913920
618080

632913920
618080

633962496
619104

633962496
619104

633962496
619104

635011072
620128

635011072
620128

636059648
621152

636059648
621152

636059648
621152

636059648
621152

638619648
623652

638619648
623652

638619648
623652

639668224
624676

640237568
625232

641433600
626400

646569984
631416

647704576
632524

652644352
637348

655929344
640556

667058176
651424

0

