OK
1114.885128
301
Boogie Dump Took : 1.663719
0.000158
51.966855
3.48838681063123
212.269307,0,54.7541819999997,19.476557,18645,744,0.012894,211.127676,12,6,43
194.900675,0,92.735193,9.657113,27897,496,0.00895299999999999,193.638209,32,16,7
187.969394,0,92.6320640000004,8.747922,28457,522,0.0170150000000001,186.809494,34,15,9
222.586619,0,29.5086489999999,113.53273,10569,1340,0.0356369999999999,221.10816,6,5,81
257.116676,0,77.6531700000004,14.884417,23076,690,0.013874,255.987854,29,19,17
267.709068,0,94.5490430000001,5.878216,28229,424,0.00700099999999999,266.55121,32,11,7
228.089906,0,67.2866120000001,23.334838,21992,908,0.036546,227.009067,17,14,23
154.739154,0,95.8694610000001,15.96443,28710,598,0.011601,153.283257,33,20,8
