OK
98.132347
128
Boogie Dump Took : 1.667563
0.010666
8.834912
0.73284
33.285581,0,11.183253,0.594951,3198,200,0.003756,32.472341,13,1,10
38.659696,0,11.122937,1.23462,3319,152,0.002183,37.805821,15,1,16
41.968749,0,12.596571,0.569102,3517,156,0.001983,41.378689,16,2,8
34.335014,0,11.647344,0.837316,3507,190,0.002508,33.673655,17,2,15
24.011244,0,7.93166700000002,2.255337,2345,260,0.003708,23.174213,8,0,31
43.155844,0,12.391034,0.920322,3431,142,0.002259,42.449818,17,2,15
42.282378,0,10.294385,0.556909,2856,166,0.002481,41.618921,14,3,13
39.909656,0,13.047975,0.612593,3755,130,0.001714,39.237674,16,1,8
