OK
432.580989
193
Boogie Dump Took : 1.827576
0.00337
10.865171
2.1194819896373
70.206468,0,34.6112060000001,2.003608,8447,198,0.002589,69.472483,15,6,18
55.394299,0,30.856503,2.436248,7881,236,0.002663,54.66993,16,9,21
51.246266,0,30.070788,1.85633,7862,190,0.002324,50.531823,16,8,13
74.413568,0,28.6146120000001,2.058234,7555,234,0.002519,73.521349,13,8,18
57.923804,0,34.4797240000001,2.029686,8816,194,0.002448,57.107098,18,10,15
61.557821,0,30.8185760000002,2.072501,8344,194,0.004323,60.603529,14,11,12
55.040256,0,35.8704879999999,1.790623,9280,188,0.002305,54.284965,17,9,11
86.346382,0,23.9550570000001,2.205097,6180,236,0.00495399999999999,85.683295,11,12,12
