OK
164.990225
80
Boogie Dump Took : 1.952927
0.002194
10.498582
1.935761725
94.445328,0,13.595697,0.489312,3248,84,0.001312,93.855824,12,2,8
87.911101,0,9.50142400000001,0.64946,2372,92,0.001301,87.397634,7,0,12
94.004114,0,8.71564699999999,0.546824,1935,98,0.001275,93.422509,8,0,11
94.47959,0,9.87786799999999,0.529018,2468,98,0.001554,93.895058,8,0,10
93.840518,0,10.106441,0.569417,2456,86,0.001259,93.154535,9,2,9
96.830749,0,10.562941,0.477667,2443,88,0.001358,96.285442,10,2,8
96.988551,0,11.337923,0.501253,2507,96,0.001593,96.420601,8,1,7
95.434321,0,11.658426,0.462852,2945,76,0.00116,94.915243,9,2,6
