OK
74.103055
57
Boogie Dump Took : 1.856751
0.006484
7.691064
1.19323735087719
37.040833,0,5.29557300000001,0.308038,1753,78,0.000851,36.567902,7,1,5
38.340339,0,4.66330299999999,0.409004,1459,68,0.000806,37.883117,6,1,6
38.801714,0,3.89219,0.468385,1274,76,0.00142,38.342885,5,2,9
36.638023,0,5.923048,0.36747,1808,80,0.000925,36.120381,10,1,6
40.796812,0,4.008328,0.371288,1323,64,0.000956,40.196588,5,1,5
38.670936,0,4.59297200000001,0.401195,1474,72,0.000894,38.162085,6,2,6
38.428648,0,3.429292,0.511174,1141,76,0.000898,37.935204,4,0,8
40.282201,0,4.130971,0.302579,1342,60,0.000797999999999999,39.830053,5,1,3
