OK
73.107117
72
Boogie Dump Took : 1.91435
0.001139
8.922282
0.935861597222222
27.949292,0,4.772315,0.359334,1441,90,0.001215,27.458394,8,1,6
25.087116,0,3.722237,0.643405,1148,88,0.001371,24.343508,6,1,8
29.264041,0,4.735447,0.368978,1456,92,0.001114,28.725807,8,3,7
26.265616,0,4.444994,0.436825,1237,96,0.007709,25.717788,8,3,7
29.672638,0,3.790465,0.416724,1224,92,0.001019,29.181014,7,2,8
25.955616,0,5.485605,0.391991,1687,94,0.000943999999999999,25.427458,8,2,7
24.948621,0,3.943836,0.443378,1190,100,0.001152,24.403667,6,2,9
29.320378,0,4.14491999999999,0.338594,1220,80,0.000963999999999999,28.845134,6,1,5
