OK
985.108584
437
Boogie Dump Took : 1.391893
0.003343
12.288464
2.05482113043478
49.170364,0,29.2328739999999,32.370596,9732,644,0.00862899999999997,47.743205,20,34,5
7.785165,0,17.894054,53.627857,5972,952,0.065115,6.355072,10,49,12
32.410029,0,16.112392,48.130372,5555,954,0.0268880000000001,31.013854,10,49,11
13.379922,0,26.1701,31.185196,8556,726,0.0326280000000001,11.968235,14,41,6
78.976561,0,17.099237,49.678904,5835,772,0.035992,77.531212,9,35,16
8.870079,0,22.4705549999999,42.326516,7498,718,0.015748,7.649034,10,39,9
32.705249,0,16.372969,57.7929600000001,5465,962,0.0290010000000002,31.138884,8,48,15
36.26367,0,13.962621,58.899201,4709,1006,0.0273550000000003,34.450707,7,54,14
