OK
18.47416
11
Boogie Dump Took : 3.844521
0.48481
1.865833
1.22311563636364
11.852427,0,1.024436,0.181466,118,10,0.000362,11.389013,1,0,2
11.870365,0,0.8961,0.201567,126,8,0.000338,11.408737,2,0,2
12.21372,0,1.014186,0.151761,135,6,0.000309,11.764793,2,0,1
12.12493,0,1.007821,0.182894,132,6,0.000299,11.701807,2,0,1
13.000374,0,0.589948,0.157508,48,4,0.000312,12.611637,1,0,1
12.872408,0,0.695058,0.189666,68,4,0.000322,12.462216,1,0,1
11.939489,0,0.823345,0.184695,96,6,0.000354,11.45763,1,0,2
12.146651,0,0.81776,0.178719,90,4,0.000327,11.64901,1,0,1
