OK
46.469449
35
Boogie Dump Took : 1.784336
0.000726
16.196472
0.775138657142857
6.785392,0,2.149918,0.213647,375,30,0.000572,6.309704,5,1,2
24.24285,0,1.271073,0.2047,254,26,0.000525,23.780157,4,1,3
14.142387,0,0.706562,0.158389,146,8,0.000347,13.680688,2,0,1
27.995982,0,2.168884,0.20099,402,40,0.000613,27.460897,5,1,6
30.423165,0,1.873168,0.206035,327,34,0.000569,29.938767,4,1,5
27.862109,0,1.442329,0.187722,232,26,0.00064,27.425737,3,0,4
6.426807,0,1.25242,0.267135,256,28,0.000507,5.976001,3,0,8
30.065502,0,1.691458,0.244035,275,18,0.000475,29.572547,4,1,1
