OK
1450.736699
671
Boogie Dump Took : 2.250122
0.004201
45.00442
2.11956061549926
206.898883,0,36.4065480000001,16.243813,7304,556,0.009741,205.799481,8,71,13
221.487207,0,39.8048940000001,17.073088,6630,586,0.01439,220.158763,8,77,10
238.610265,0,40.6475920000001,16.150498,7465,550,0.00796499999999998,237.065999,10,76,11
228.260547,0,39.0441240000002,13.089061,7147,570,0.016004,226.875665,9,75,13
229.367764,0,42.5299219999999,16.76398,7331,548,0.011255,228.133461,12,78,5
244.927715,0,44.0283080000002,11.563984,5798,426,0.016567,243.891733,8,68,7
208.877193,0,33.334733,22.945231,7674,592,0.013369,207.595201,9,80,5
239.185844,0,34.9719010000001,16.143218,6613,590,0.00893999999999999,237.86222,6,76,6
