OK
189.638475
119
Boogie Dump Took : 2.042498
0.005919
7.821567
1.49370890756302
37.129931,0,15.958016,0.575612,2511,120,0.001457,36.540197,9,10,4
36.898626,0,19.626506,0.696965,2757,104,0.001414,36.293263,10,7,9
18.03304,0,16.138164,1.188415,2879,140,0.002752,17.374876,7,8,8
30.581038,0,18.332909,0.64313,2576,106,0.001851,29.997815,8,4,10
37.418358,0,20.816519,0.656081,2125,100,0.001677,36.864465,8,7,6
34.212465,0,20.6176310000001,0.773308,2567,100,0.002422,33.507338,10,8,6
35.751455,0,13.783592,0.826488,1780,116,0.013831,35.17228,6,2,16
44.59028,0,15.663866,0.789298,2474,100,0.001356,43.821147,8,7,7
