OK
556.787349
237
Boogie Dump Took : 1.616901
0.000654
25.216837
2.24790770042194
92.901915,0,20.613061,1.127896,3147,194,0.0025,92.263117,9,17,13
64.689138,0,24.417385,1.221738,3334,198,0.00568099999999998,64.005118,10,17,15
61.893553,0,24.387397,1.277635,3698,216,0.002681,61.18114,11,22,10
67.787784,0,22.989084,1.280147,3680,192,0.002331,67.055789,11,20,10
53.652527,0,23.525382,1.29917,3725,208,0.002517,52.977197,12,20,9
88.013348,0,19.40102,1.250173,3026,188,0.002409,87.296973,9,18,11
57.334421,0,26.236617,1.030019,3638,170,0.002338,56.61973,12,17,11
79.596655,0,20.837907,1.169896,3522,204,0.00438599999999999,78.918039,11,21,6
