OK
373.287587
227
Boogie Dump Took : 1.506672
0.022561
8.925084
1.60641768722467
91.264353,0,19.921663,1.579419,5495,282,0.003357,90.517131,19,11,17
93.003011,0,16.8773769999999,1.660963,4744,288,0.00431999999999999,92.282126,19,12,16
101.577548,0,22.3871189999999,1.518145,5831,316,0.00535799999999999,100.842784,21,12,13
92.59531,0,18.262784,1.778153,4833,336,0.00572199999999999,91.917309,18,8,22
99.472982,0,21.586641,1.535654,5422,328,0.00499699999999999,98.723851,20,11,19
94.684054,0,14.893487,2.739057,4458,430,0.00710299999999999,93.998417,12,5,24
100.502446,0,15.991826,2.146544,4470,334,0.004447,99.578691,14,9,19
83.512945,0,26.5803060000001,2.086303,7048,352,0.004994,82.63585,25,11,18
