OK
105.23395
96
Boogie Dump Took : 1.423444
0.002514
9.083087
1.03601272916667
14.306057,0,3.904539,0.301324,658,102,0.001376,13.82104,6,4,7
16.054561,0,2.769634,0.372295,446,106,0.001463,15.545871,5,2,9
16.6563,0,3.294547,0.47221,528,164,0.002291,16.082604,7,5,11
22.059316,0,4.170665,0.499262,589,158,0.002223,21.479086,7,6,7
14.776546,0,3.204894,0.531216,494,160,0.002608,14.162847,6,6,8
17.647193,0,4.367622,0.338029,712,122,0.001614,17.074789,8,5,5
21.528952,0,4.890824,0.377733,786,116,0.001656,20.88702,10,5,7
21.586162,0,5.1216,0.409656,822,106,0.001474,20.955398,8,6,3
