OK
594.643559
299
Boogie Dump Took : 1.607751
0.001086
11.404166
1.9293066354515
93.636043,0,26.8029410000001,2.082511,4073,256,0.00560299999999999,92.778719,14,22,11
76.366785,0,16.658198,2.114436,2681,280,0.00590899999999998,75.518269,9,31,10
86.663814,0,17.471722,1.926356,2491,278,0.013877,85.862094,8,27,11
86.57545,0,21.329169,2.724618,3008,286,0.003216,85.69383,11,30,12
93.857656,0,20.609337,2.646471,3161,270,0.003099,92.968557,10,29,9
80.696007,0,26.2264169999999,1.955996,4140,238,0.002632,79.771326,14,23,11
59.220098,0,17.793479,1.99637,2707,260,0.003696,58.318925,9,25,13
73.039556,0,24.735457,1.644658,3186,248,0.003089,72.176616,11,26,9
