OK
48.670231
53
Boogie Dump Took : 3.414031
0.023641
7.059211
0.781306849056603
16.863691,0,8.795663,0.3217,1687,48,0.001091,16.360695,6,1,4
19.38039,0,6.433215,0.532711,1338,48,0.000811,18.853697,6,1,8
22.486492,0,7.42511000000001,0.415387,1494,34,0.000644,21.985966,8,0,4
13.09894,0,7.42012299999999,0.590063,1446,82,0.001174,12.609184,4,0,13
13.417978,0,9.25819699999998,0.423823,1910,52,0.001152,12.796539,7,0,8
23.904083,0,7.50714800000001,0.194662,1546,26,0.000564,23.276599,6,1,2
24.040821,0,6.645196,0.427683,1300,28,0.000764,23.542303,5,0,5
15.821578,0,7.330489,0.390151,1376,48,0.001102,15.308993,7,1,5
