OK
859.003829
389
Boogie Dump Took : 2.05022
0.001405
22.23885
2.10380518508997
97.822027,0,50.1514199999998,9.459383,8003,558,0.00993999999999999,96.838278,14,39,9
98.111578,0,52.6625590000002,10.314469,8805,546,0.011542,97.054327,17,32,16
132.446665,0,69.9803840000003,5.704938,10784,474,0.00670599999999998,131.547429,18,28,14
107.737109,0,61.80186,9.067975,9543,446,0.010367,106.720529,19,26,23
100.298591,0,89.3689910000002,5.24094,13334,400,0.00585299999999999,99.394922,24,26,17
122.596062,0,43.787365,9.26818800000001,6959,578,0.009347,121.642372,9,42,16
112.479961,0,46.8194869999998,9.596374,7641,578,0.029199,111.510514,11,32,27
109.777776,0,79.3810300000002,7.483821,11573,408,0.00727599999999999,108.906269,21,31,11
