OK
125.113791
85
Boogie Dump Took : 2.142709
0.000655
5.491901
1.32632002352941
37.029097,0,16.237849,0.455703,2213,70,0.000969,36.50398,8,2,9
35.081845,0,14.656891,0.461778,2193,70,0.001033,34.432076,9,1,9
40.347353,0,16.65244,0.399922,2343,58,0.000973,39.781495,10,2,7
46.418572,0,15.845441,0.620714,2159,60,0.000832,45.83067,10,0,12
40.996857,0,15.280963,0.435088,2193,54,0.000933,40.345723,10,0,10
39.673794,0,12.225777,0.490795,1872,80,0.001062,38.939699,7,1,12
48.616266,0,14.3749,0.542964,2211,52,0.000827,48.008751,11,1,11
45.180034,0,17.558103,0.4974,2538,42,0.000915,44.661382,12,1,7
