OK
158.96337
145
Boogie Dump Took : 2.09223
0.000385
8.094863
1.03777193103448
27.483543,0,17.204311,1.069701,3482,192,0.002453,26.841197,19,3,11
21.040706,0,14.231611,1.035413,3026,214,0.003778,20.363764,14,4,16
27.39839,0,17.938471,1.057804,3740,194,0.003389,26.712434,19,3,14
14.581916,0,13.40825,1.182032,2843,266,0.003344,13.960685,8,5,19
20.399321,0,13.693679,1.157054,3018,222,0.002861,19.733286,13,4,17
25.788763,0,14.645554,0.945604,3059,208,0.002347,25.237097,12,8,5
24.505829,0,12.417547,1.121507,2562,202,0.002848,23.891488,13,2,17
24.662759,0,13.3976009999999,1.048727,2681,214,0.003142,24.021955,13,5,12
