OK
874.080496
340
Boogie Dump Took : 2.082727
0.004741
38.485364
2.44546929411765
145.685096,0,47.640293,11.466236,13905,420,0.00699399999999998,144.75327,14,26,16
162.075647,0,44.2362900000002,9.994228,12240,426,0.00625099999999999,161.022125,14,22,20
142.074445,0,48.995068,10.932945,13224,452,0.00789999999999999,141.020072,17,30,14
161.168231,0,46.8413569999998,10.52303,13507,442,0.00693399999999998,160.026954,13,24,22
194.750267,0,48.7392899999999,10.078391,13651,390,0.00770199999999999,193.627625,20,27,13
176.473245,0,48.0996429999998,13.429017,13205,386,0.00653799999999999,175.262079,17,29,14
160.58695,0,45.314838,11.054892,12780,410,0.00711999999999998,159.668987,16,27,15
166.677569,0,52.6353550000001,10.86987,14702,436,0.010563,165.553353,17,27,14
