OK
148.670591
68
Boogie Dump Took : 1.837817
0.008183
16.692221
1.95440001470588
68.748416,0,9.853434,0.325269,973,46,0.000848,68.21183,6,3,6
71.698679,0,6.42764199999999,0.332621,1043,38,0.00061,71.177988,7,1,6
69.002494,0,10.481155,0.344226,997,44,0.000786,68.458015,7,2,8
68.620444,0,10.60377,0.426143,898,44,0.000774,68.134443,6,2,7
44.087209,0,10.263758,0.372761,1127,40,0.000753,43.559027,7,1,7
59.656292,0,7.646798,0.302729,1368,32,0.000619,59.164115,8,1,6
60.546293,0,10.322883,0.360934,1184,42,0.001622,60.020308,7,2,7
65.592758,0,11.747338,0.384016,956,38,0.000842,65.137555,6,2,7
