OK
1360.502972
186
Boogie Dump Took : 1.665175
0.00601
68.992087
4.98853215053763
5.515372,0,13.693363,2.861366,3553,117,0.001384,4.952796,6,7,8
224.103707,0,15.373897,3.249108,4206,144,0.003698,223.392204,7,10,6
372.443401,0,27.5795369999999,7.116539,7445,220,0.00259,371.51863,11,26,11
416.179841,0,30.54496,5.386164,8497,203,0.00790899999999998,415.358475,12,17,15
464.295447,0,17.881572,5.169682,5085,215,0.002668,463.41382,7,15,8
216.830631,0,19.709556,4.966356,5137,193,0.002225,216.047986,9,16,6
463.222718,0,19.834701,3.803647,5168,143,0.001686,462.513817,8,12,6
399.311272,0,23.860945,3.843663,6730,170,0.004033,398.621728,9,14,9
