OK
1076.43306
479
Boogie Dump Took : 3.523603
0.005328
43.556073
2.14114882463466
184.2302,0,47.5843209999999,16.661418,10149,503,0.00698399999999999,182.777145,11,47,17
145.238203,0,57.2174609999998,17.554985,12484,417,0.004048,144.043553,16,46,8
182.601923,0,55.130352,14.698797,11975,401,0.012702,181.211245,15,43,14
162.811301,0,40.3253919999999,19.625668,8797,518,0.010996,161.373886,10,54,18
161.205095,0,45.9705939999998,14.646577,10198,393,0.00992700000000001,160.106124,14,46,10
155.977733,0,49.2149989999999,17.269292,10923,399,0.0146,154.793472,13,49,10
164.534367,0,51.114349,15.232295,11389,317,0.022619,163.433385,14,42,11
163.952254,0,42.4280170000001,18.974399,9333,534,0.010227,162.854864,8,51,13
