OK
853.893087
7
Boogie Dump Took : 1.560209
2.234695
58.022015
15.8304055714286
0,0,0,0,0,0,0,0,0,0,1
0,0,0,0,0,0,0,5.084866,1,0,1
0,0,0,0,0,0,0,2.216672,1,0,1
0,0,0,0,0,0,0,10.739128,1,0,1
0,0,0,0,0,0,0,36.915178,1,0,1
0,0,0,0,0,0,0,20.108117,1,0,1
0,0,0,0,0,0,0,52.672796,1,0,1
0,0,0,0,0,0,0,110.653252,1,0,0
0,0,0,0,0,0,0,0,0,0,0
0,0,0,0,0,0,0,0,0,0,0
0,0,0,0,0,0,0,0,0,0,0
0,0,0,0,0,0,0,0,0,0,0
0,0,0,0,0,0,0,0,0,0,0
0,0,0,0,0,0,0,0,0,0,0
0,0,0,0,0,0,0,0,0,0,0
0,0,0,0,0,0,0,0,0,0,0
0,0,0,0,0,0,0,0,0,0,0
0,0,0,0,0,0,0,0,0,0,0
0,0,0,0,0,0,0,0,0,0,0
0,0,0,0,0,0,0,0,0,0,0
0,0,0,0,0,0,0,0,0,0,0
0,0,0,0,0,0,0,0,0,0,0
0,0,0,0,0,0,0,0,0,0,0
0,0,0,0,0,0,0,0,0,0,0
0,0,0,0,0,0,0,0,0,0,0
0,0,0,0,0,0,0,0,0,0,0
0,0,0,0,0,0,0,0,0,0,0
0,0,0,0,0,0,0,0,0,0,0
0,0,0,0,0,0,0,0,0,0,0
0,0,0,0,0,0,0,0,0,0,0
0,0,0,0,0,0,0,0,0,0,0
0,0,0,0,0,0,0,0,0,0,0
#stats#
TotalSplitsOR: 0
TotalSplitsAND: 7
Non-Leading client : comma seperated leading clients killed
Node : startTime, EndTime