OK
577.717103
127
Boogie Dump Took : 1.785193
0.002514
29.270338
4.39281409448819
69.958787,0,24.092424,1.23658,7341,152,0.001615,69.393149,14,2,14
86.078299,0,29.1392969999999,1.25443,7928,166,0.001707,85.303084,15,4,8
74.038642,0,22.7000260000001,1.410738,5808,202,0.002052,73.372484,12,5,12
85.582145,0,18.3847570000001,1.766963,4560,198,0.001924,84.612836,8,5,12
74.573667,0,23.676802,1.459231,6348,206,0.001944,73.776497,11,6,12
69.845799,0,24.8102020000001,1.487482,6439,196,0.001903,69.254011,11,6,11
59.137568,0,28.989437,1.697457,7528,164,0.001655,58.357295,14,4,15
72.714756,0,15.594422,1.165717,4265,158,0.001658,72.084015,7,3,8
