OK
243.297396
120
Boogie Dump Took : 1.167544
0.000562
10.149124
1.94349868333333
129.122312,0,19.535688,1.13369,6074,164,0.001646,128.394339,11,1,11
119.563447,0,22.45319,1.163494,7330,200,0.001722,118.560513,17,1,11
123.897463,0,18.478499,2.328662,6051,244,0.002217,122.654548,11,0,16
120.309031,0,24.3988240000001,1.476042,7695,222,0.002095,119.498388,17,1,17
132.082647,0,18.97963,1.543881,5959,234,0.002273,131.049908,12,3,9
116.691144,0,23.064095,1.864492,7481,242,0.002164,115.781747,16,1,21
118.795197,0,20.386716,2.219893,6657,240,0.002161,117.629341,12,1,17
116.794566,0,21.565024,1.227332,7174,140,0.001464,116.032495,13,3,7
