OK
337.95066
151
Boogie Dump Took : 1.141477
0.00437
15.23575
2.1358071986755
143.875979,0,32.921301,1.609781,10626,178,0.001729,143.21533,16,0,14
132.094452,0,38.7824320000001,2.167334,11792,170,0.00164,131.353128,20,1,15
133.450471,0,36.069133,1.968145,11202,194,0.001774,132.497526,20,1,11
139.466445,0,28.719793,4.69441,9275,366,0.0031,138.587962,13,1,27
123.437201,0,35.5800439999999,2.780243,11460,212,0.001962,122.43255,20,1,22
147.28028,0,30.356427,3.010074,9682,256,0.002373,146.267235,16,1,25
143.55257,0,35.5479549999999,2.284614,10841,192,0.001765,142.744991,18,1,17
131.192537,0,38.6098089999999,1.936731,11784,136,0.001429,130.358071,21,1,13
