OK
322.556308
165
Boogie Dump Took : 1.184905
0.005114
15.44823
1.85914573939394
58.818455,0,34.658994,3.693741,13702,266,0.002352,57.913067,17,2,22
57.020023,0,35.7732689999998,2.426266,13972,220,0.001981,56.276463,20,4,14
63.4535,0,27.984366,6.098006,11060,396,0.003161,61.838774,13,2,33
77.147121,0,31.748004,2.163147,12063,238,0.002119,76.30004,18,3,11
70.373181,0,33.826722,2.309822,12795,202,0.001966,69.521343,19,1,14
58.191957,0,30.7783580000001,4.132159,12682,272,0.002541,57.291245,18,2,26
61.265773,0,35.456777,2.430612,14219,244,0.002113,60.011373,19,4,12
67.250782,0,38.449255,2.391719,15112,178,0.001845,66.42107,22,1,14
