OK
325.99686
136
Boogie Dump Took : 1.136122
0.003637
17.207061
2.27392583088235
88.002447,0,27.4050170000001,2.950363,10868,232,0.002134,87.208933,13,1,16
84.991077,0,27.2774039999999,3.141958,11020,244,0.00225,84.125602,16,3,14
84.272499,0,29.8334129999999,2.074699,11953,192,0.001877,83.41274,17,3,8
92.329121,0,27.4991659999999,3.507873,10962,326,0.002864,91.414598,12,3,25
94.280053,0,27.649137,4.015686,10745,264,0.002255,93.330867,16,4,12
97.142606,0,23.7034540000001,2.933089,9539,278,0.002447,95.995254,12,2,13
84.399011,0,26.58722,2.52531,10472,314,0.002709,83.498806,13,5,11
106.641576,0,26.693331,2.938011,11086,240,0.002193,105.614078,14,2,14
