OK
63.2894
61
Boogie Dump Took : 3.230654
0.000909
6.179978
0.869268918032787
27.271332,0,4.59579800000001,0.376937,1038,66,0.000872,26.89571,3,2,2
30.856526,0,8.47376199999998,0.241532,2266,48,0.000702,30.466219,13,0,3
29.892522,0,5.950843,0.542223,1419,62,0.000846,29.390532,6,1,5
23.653678,0,5.37938,0.484643,1320,92,0.001013,23.206318,5,0,15
30.526679,0,4.533387,0.476367,1064,66,0.000855,30.133341,5,0,12
30.849784,0,7.200685,0.361668,1931,52,0.000752,30.443017,11,0,7
32.160069,0,5.662701,0.372876,1399,50,0.000856,31.770958,6,1,4
31.516094,0,6.53324199999999,0.41547,1527,52,0.000971,31.123179,8,0,9
