NOK
112.013854
133
Boogie Dump Took : 82.732386
0.001754
0.863808
0.216714203007519
0,0,0,0,0,0,0,12.640302,1,0,2
0,0,0,0,0,0,0,13.156422,2,0,2
0,0,0,0,0,0,0,11.19366,2,0,2
0,0,0,0,0,0,0,16.513842,2,0,1
0,0,0,0,0,0,0,12.304122,3,0,3
0,0,0,0,0,0,0,14.350377,3,0,2
0,0,0,0,0,0,0,9.856489,4,0,3
0,0,0,0,0,0,0,14.051058,3,0,4
0,0,0,0,0,0,0,15.779832,4,0,3
0,0,0,0,0,0,0,15.887384,4,0,3
0,0,0,0,0,0,0,14.566787,3,0,4
0,0,0,0,0,0,0,15.391447,3,0,3
0,0,0,0,0,0,0,13.877437,4,0,2
0,0,0,0,0,0,0,11.770247,4,0,2
0,0,0,0,0,0,0,9.254085,3,0,2
0,0,0,0,0,0,0,4.865887,2,0,6
0,0,0,0,0,0,0,20.151697,3,0,2
0,0,0,0,0,0,0,15.756207,3,0,3
0,0,0,0,0,0,0,5.717779,2,0,3
0,0,0,0,0,0,0,18.437832,3,0,2
0,0,0,0,0,0,0,14.204778,4,0,3
0,0,0,0,0,0,0,19.404855,3,0,3
0,0,0,0,0,0,0,16.042513,3,0,2
0,0,0,0,0,0,0,11.824231,3,0,4
0,0,0,0,0,0,0,16.211949,3,0,4
0,0,0,0,0,0,0,22.275884,4,0,3
0,0,0,0,0,0,0,12.603721,3,0,2
0,0,0,0,0,0,0,11.05828,4,0,4
0,0,0,0,0,0,0,17.280964,13,0,12
0,0,0,0,0,0,0,18.342804,12,0,11
0,0,0,0,0,0,0,17.995864,12,0,13
0,0,0,0,0,0,0,17.644432,11,0,11
#ALGO Details#
Best Algo splitMode:50
SplitMode:totalANDSplits
100:7
50:12
50:13
50:12
50:10
50:12
50:13
0:47