NOK
111.41006
17
Boogie Dump Took : 59.781278
0.002159
41.572691
2.94769752941176
0,0,0,0,0,0,0,0,0,0,1
0,0,0,0,0,0,0,1.359382,1,0,1
0,0,0,0,0,0,0,0,0,0,0
0,0,0,0,0,0,0,3.17363,1,0,0
0,0,0,0,0,0,0,0,0,0,0
0,0,0,0,0,0,0,0,0,0,0
0,0,0,0,0,0,0,0,0,0,0
0,0,0,0,0,0,0,0,0,0,0
0,0,0,0,0,0,0,0.059636,1,0,1
0,0,0,0,0,0,0,0.782301,1,0,1
0,0,0,0,0,0,0,2.272639,1,0,1
0,0,0,0,0,0,0,3.401523,1,0,1
0,0,0,0,0,0,0,4.565824,1,0,1
0,0,0,0,0,0,0,5.654021,1,0,1
0,0,0,0,0,0,0,6.857167,1,0,1
0,0,0,0,0,0,0,8.220004,1,0,0
0,0,0,0,0,0,0,0.000368,1,0,1
0,0,0,0,0,0,0,1.083646,1,0,1
0,0,0,0,0,0,0,2.906718,1,0,0
0,0,0,0,0,0,0,0,0,0,0
0,0,0,0,0,0,0,0,0,0,0
0,0,0,0,0,0,0,0,0,0,0
0,0,0,0,0,0,0,0,0,0,0
0,0,0,0,0,0,0,0,0,0,0
0,0,0,0,0,0,0,0.000392,1,0,1
0,0,0,0,0,0,0,1.427361,1,0,1
0,0,0,0,0,0,0,2.507101,1,0,1
0,0,0,0,0,0,0,49.302122,1,0,0
0,0,0,0,0,0,0,0,0,0,0
0,0,0,0,0,0,0,0,0,0,0
0,0,0,0,0,0,0,0,0,0,0
0,0,0,0,0,0,0,0,0,0,0
#ALGO Details#
Best Algo splitMode:50
SplitMode:totalANDSplits
100:2
50:7
50:2
50:3