NOK
98.366205
44
Boogie Dump Took : 77.972797
0.001717
3.447607
0.288989818181818
0,0,0,0,0,0,0,0,0,0,0
0,0,0,0,0,0,0,0,0,0,0
0,0,0,0,0,0,0,0,0,0,0
0,0,0,0,0,0,0,0,0,0,0
0,0,0,0,0,0,0,3.373453,2,0,2
0,0,0,0,0,0,0,4.038832,2,0,2
0,0,0,0,0,0,0,2.780397,2,0,2
0,0,0,0,0,0,0,4.734136,2,0,1
0,0,0,0,0,0,0,0.00024,1,0,1
0,0,0,0,0,0,0,2.260514,1,0,1
0,0,0,0,0,0,0,3.542078,1,0,0
0,0,0,0,0,0,0,0,0,0,0
0,0,0,0,0,0,0,0.000187,1,0,1
0,0,0,0,0,0,0,1.096606,1,0,1
0,0,0,0,0,0,0,1.752559,1,0,1
0,0,0,0,0,0,0,2.617557,1,0,0
0,0,0,0,0,0,0,3.39486,2,0,2
0,0,0,0,0,0,0,5.309835,2,0,2
0,0,0,0,0,0,0,4.487928,2,0,2
0,0,0,0,0,0,0,6.024339,2,0,1
0,0,0,0,0,0,0,0.000251,1,0,1
0,0,0,0,0,0,0,0,0,0,0
0,0,0,0,0,0,0,0.932018,1,0,1
0,0,0,0,0,0,0,1.705096,1,0,0
0,0,0,0,0,0,0,1.366557,2,0,2
0,0,0,0,0,0,0,2.530462,2,0,2
0,0,0,0,0,0,0,3.022302,2,0,1
0,0,0,0,0,0,0,2.008329,1,0,1
0,0,0,0,0,0,0,2.924915,3,0,2
0,0,0,0,0,0,0,2.671887,2,0,1
0,0,0,0,0,0,0,1.57568,2,1,1
0,0,0,0,0,0,0,2.174362,2,0,4
#ALGO Details#
Best Algo splitMode:100
SplitMode:totalANDSplits
100:0
50:7
50:2
50:3
50:7
50:2
50:6
0:10