NOK
38.354012
34
Boogie Dump Took : 28.172051
0.00205
1.4009
0.2971485
0,0,0,0,0,0,0,0,0,0,1
0,0,0,0,0,0,0,0.645171,1,0,1
0,0,0,0,0,0,0,1.418333,1,0,1
0,0,0,0,0,0,0,3.783027,1,0,1
0,0,0,0,0,0,0,5.17306,1,0,1
0,0,0,0,0,0,0,8.031028,1,0,0
0,0,0,0,0,0,0,0,0,0,0
0,0,0,0,0,0,0,0,0,0,0
0,0,0,0,0,0,0,7.934604,2,0,2
0,0,0,0,0,0,0,9.649662,2,0,1
0,0,0,0,0,0,0,1.007386,1,0,1
0,0,0,0,0,0,0,1.447221,1,0,1
0,0,0,0,0,0,0,1.882894,1,0,1
0,0,0,0,0,0,0,3.892034,1,0,1
0,0,0,0,0,0,0,4.473725,1,0,1
0,0,0,0,0,0,0,5.743136,1,0,1
0,0,0,0,0,0,0,7.936226,2,0,1
0,0,0,0,0,0,0,0.307841,1,0,1
0,0,0,0,0,0,0,0.899735,1,0,1
0,0,0,0,0,0,0,1.900811,1,0,1
0,0,0,0,0,0,0,3.197183,1,0,1
0,0,0,0,0,0,0,5.036559,1,0,1
0,0,0,0,0,0,0,5.781994,1,0,1
0,0,0,0,0,0,0,7.1977,1,0,1
0,0,0,0,0,0,0,7.177815,2,0,2
0,0,0,0,0,0,0,8.42361,2,0,1
0,0,0,0,0,0,0,1.277414,1,0,1
0,0,0,0,0,0,0,0.663291,1,0,1
0,0,0,0,0,0,0,1.692836,1,0,1
0,0,0,0,0,0,0,2.777459,1,0,1
0,0,0,0,0,0,0,4.039423,1,0,1
0,0,0,0,0,0,0,5.561913,1,0,1
#ALGO Details#
Best Algo splitMode:50
SplitMode:totalANDSplits
100:5
50:9
50:8
50:9