NOK
92.421839
84
Boogie Dump Took : 41.250738
0.000543
2.331955
0.59960875
0,0,0,0,0,0,0,28.269077,1,0,2
0,0,0,0,0,0,0,36.785325,2,0,1
0,0,0,0,0,0,0,36.189385,2,0,1
0,0,0,0,0,0,0,21.408476,1,0,2
0,0,0,0,0,0,0,27.248733,3,0,1
0,0,0,0,0,0,0,22.12078,1,0,3
0,0,0,0,0,0,0,24.548735,2,0,2
0,0,0,0,0,0,0,22.219178,2,0,1
0,0,0,0,0,0,0,19.927559,2,0,2
0,0,0,0,0,0,0,31.182376,2,0,2
0,0,0,0,0,0,0,35.71532,2,0,1
0,0,0,0,0,0,0,17.826068,1,0,1
0,0,0,0,0,0,0,35.494404,3,0,2
0,0,0,0,0,0,0,22.208739,2,0,2
0,0,0,0,0,0,0,19.718792,2,0,2
0,0,0,0,0,0,0,32.817695,2,0,2
0,0,0,0,0,0,0,29.158335,4,0,4
0,0,0,0,0,0,0,20.567138,4,0,4
0,0,0,0,0,0,0,32.132649,4,0,3
0,0,0,0,0,0,0,18.101868,3,0,3
0,0,0,0,0,0,0,26.521371,2,0,3
0,0,0,0,0,0,0,34.16128,2,0,2
0,0,0,0,0,0,0,33.06958,2,0,1
0,0,0,0,0,0,0,37.469916,2,0,1
0,0,0,0,0,0,0,29.856224,3,0,3
0,0,0,0,0,0,0,40.763381,3,0,2
0,0,0,0,0,0,0,13.903281,2,0,2
0,0,0,0,0,0,0,19.555739,2,0,2
0,0,0,0,0,0,0,38.596337,6,0,5
0,0,0,0,0,0,0,30.461276,5,0,5
0,0,0,0,0,0,0,34.185814,5,0,5
0,0,0,0,0,0,0,33.923947,5,0,5
#ALGO Details#
Best Algo splitMode:50
SplitMode:totalANDSplits
100:6
50:7
50:6
50:8
50:14
50:7
50:9
0:20