NOK
123.873715
113
Boogie Dump Took : 22.288062
0.000444
5.629338
0.888075752212389
0,0,0,0,0,0,0,32.930196,1,0,4
0,0,0,0,0,0,0,55.673504,4,0,2
0,0,0,0,0,0,0,63.218054,2,0,1
0,0,0,0,0,0,0,53.12314,2,0,2
0,0,0,0,0,0,0,47.543799,3,0,2
0,0,0,0,0,0,0,36.147875,2,0,5
0,0,0,0,0,0,0,48.450899,2,0,1
0,0,0,0,0,0,0,52.379375,3,0,1
0,0,0,0,0,0,0,33.357335,2,0,3
0,0,0,0,0,0,0,53.14921,2,0,1
0,0,0,0,0,0,0,49.830755,2,0,2
0,0,0,0,0,0,0,57.93659,3,0,2
0,0,0,0,0,0,0,76.512851,4,0,3
0,0,0,0,0,0,0,53.290618,3,0,5
0,0,0,0,0,0,0,59.893804,3,0,2
0,0,0,0,0,0,0,72.29523,3,0,2
0,0,0,0,0,0,0,67.80354,3,0,2
0,0,0,0,0,0,0,58.386829,4,0,2
0,0,0,0,0,0,0,42.106007,2,0,3
0,0,0,0,0,0,0,59.688553,3,0,4
0,0,0,0,0,0,0,42.935322,3,0,3
0,0,0,0,0,0,0,42.341412,3,0,3
0,0,0,0,0,0,0,63.508672,3,0,3
0,0,0,0,0,0,0,86.286954,3,0,2
0,0,0,0,0,0,0,48.692544,3,0,3
0,0,0,0,0,0,0,53.071769,4,0,3
0,0,0,0,0,0,0,51.314196,5,0,2
0,0,0,0,0,0,0,38.108084,2,0,5
0,0,0,0,0,0,0,72.942929,9,0,8
0,0,0,0,0,0,0,61.819354,8,0,8
0,0,0,0,0,0,0,67.901754,8,0,8
0,0,0,0,0,0,0,74.32308,8,0,8
#ALGO Details#
Best Algo splitMode:50
SplitMode:totalANDSplits
100:9
50:10
50:8
50:12
50:11
50:11
50:13
0:32