NOK
758.792881
41
Boogie Dump Took : 13.529689
0.000277
729.437451
18.135458804878
0,0,0,0,0,0,0,0,0,0,1
0,0,0,0,0,0,0,1.178795,1,0,1
0,0,0,0,0,0,0,3.688384,1,0,1
0,0,0,0,0,0,0,740.754119,1,0,0
0,0,0,0,0,0,0,6.402441,2,0,1
0,0,0,0,0,0,0,0.554228,1,0,1
0,0,0,0,0,0,0,2.46998,1,0,1
0,0,0,0,0,0,0,4.586441,1,0,1
0,0,0,0,0,0,0,5.905006,2,0,2
0,0,0,0,0,0,0,5.202187,1,0,1
0,0,0,0,0,0,0,741.528791,2,0,1
0,0,0,0,0,0,0,740.217332,2,0,2
0,0,0,0,0,0,0,0.141557,1,0,1
0,0,0,0,0,0,0,1.176053,1,0,1
0,0,0,0,0,0,0,3.227935,1,0,1
0,0,0,0,0,0,0,5.007121,1,0,0
0,0,0,0,0,0,0,1.22944,1,0,1
0,0,0,0,0,0,0,0.120271,1,0,1
0,0,0,0,0,0,0,3.657467,1,0,0
0,0,0,0,0,0,0,0,0,0,0
0,0,0,0,0,0,0,0.518143,1,0,1
0,0,0,0,0,0,0,4.972717,2,0,1
0,0,0,0,0,0,0,3.167779,1,0,1
0,0,0,0,0,0,0,0.94563,1,0,1
0,0,0,0,0,0,0,0.073698,1,0,1
0,0,0,0,0,0,0,0.550789,1,0,1
0,0,0,0,0,0,0,2.511053,1,0,0
0,0,0,0,0,0,0,0,0,0,0
0,0,0,0,0,0,0,5.057944,3,1,2
0,0,0,0,0,0,0,5.602378,3,0,2
0,0,0,0,0,0,0,4.7526,2,0,4
0,0,0,0,0,0,0,5.763023,2,0,1
#ALGO Details#
Best Algo splitMode:0
SplitMode:totalANDSplits
100:3
50:4
50:6
50:3
50:2
50:4
50:2
0:10