NOK
92.912388
245
Boogie Dump Took : 17.120045
0.000229
6.130109
0.273178902040816
0,0,0,0,0,0,0,19.89381,3,2,3
0,0,0,0,0,0,0,16.652767,2,1,4
0,0,0,0,0,0,0,23.013193,3,0,2
0,0,0,0,0,0,0,20.861321,3,1,2
0,0,0,0,0,0,0,21.535764,7,0,6
0,0,0,0,0,0,0,15.390149,9,0,10
0,0,0,0,0,0,0,19.084486,8,0,7
0,0,0,0,0,0,0,19.588956,9,0,9
0,0,0,0,0,0,0,17.070517,3,1,3
0,0,0,0,0,0,0,17.387933,4,0,3
0,0,0,0,0,0,0,17.042126,3,0,4
0,0,0,0,0,0,0,17.581828,3,0,2
0,0,0,0,0,0,0,20.246371,10,0,9
0,0,0,0,0,0,0,22.517054,7,0,10
0,0,0,0,0,0,0,23.557804,10,0,7
0,0,0,0,0,0,0,17.746166,8,0,8
0,0,0,0,0,0,0,13.648204,7,0,8
0,0,0,0,0,0,0,30.584877,9,0,8
0,0,0,0,0,0,0,22.927628,9,0,9
0,0,0,0,0,0,0,23.86381,8,0,7
0,0,0,0,0,0,0,16.362946,6,0,9
0,0,0,0,0,0,0,27.972331,11,0,9
0,0,0,0,0,0,0,29.900841,10,0,9
0,0,0,0,0,0,0,22.573655,10,0,9
0,0,0,0,0,0,0,17.866427,8,0,10
0,0,0,0,0,0,0,23.467226,9,0,7
0,0,0,0,0,0,0,17.417632,8,0,9
0,0,0,0,0,0,0,26.370422,10,0,8
0,0,0,0,0,0,0,3.025073,7,2,7
0,0,0,0,0,0,0,3.940252,10,2,10
0,0,0,0,0,0,0,2.893198,9,3,9
0,0,0,0,0,0,0,9.190288,5,1,4
#ALGO Details#
Best Algo splitMode:0
SplitMode:totalANDSplits
100:15
50:32
50:13
50:34
50:32
50:36
50:34
0:42