NOK
8.845522
11
Boogie Dump Took : 7.986909
0.002293
0.274709
0.0626276363636363
0,0,0,0,0,0,0,0,0,0,0
0,0,0,0,0,0,0,0,0,0,0
0,0,0,0,0,0,0,0,0,0,0
0,0,0,0,0,0,0,0,0,0,0
0,0,0,0,0,0,0,0,0,0,0
0,0,0,0,0,0,0,0,0,0,0
0,0,0,0,0,0,0,0.145211,1,0,0
0,0,0,0,0,0,0,0,0,0,0
0,0,0,0,0,0,0,0,0,0,0
0,0,0,0,0,0,0,0.628781,1,0,0
0,0,0,0,0,0,0,0,0,0,0
0,0,0,0,0,0,0,0.158148,1,0,1
0,0,0,0,0,0,0,0,0,0,0
0,0,0,0,0,0,0,0.15414,1,0,1
0,0,0,0,0,0,0,0.529919,1,0,0
0,0,0,0,0,0,0,0,0,0,0
0,0,0,0,0,0,0,0.14336,1,0,1
0,0,0,0,0,0,0,0,0,0,0
0,0,0,0,0,0,0,0.414989,1,0,0
0,0,0,0,0,0,0,0,0,0,0
0,0,0,0,0,0,0,0.058805,1,0,1
0,0,0,0,0,0,0,0.489357,1,0,0
0,0,0,0,0,0,0,0,0,0,0
0,0,0,0,0,0,0,0,0,0,0
0,0,0,0,0,0,0,0,0,0,0
0,0,0,0,0,0,0,0,0,0,0
0,0,0,0,0,0,0,0,0,0,0
0,0,0,0,0,0,0,0,0,0,0
0,0,0,0,0,0,0,0,0,0,0
0,0,0,0,0,0,0,0,0,0,0
0,0,0,0,0,0,0,0,0,0,0
0,0,0,0,0,0,0,0,0,0,0
#ALGO Details#
Best Algo splitMode:50
SplitMode:totalANDSplits
100:0
50:0
50:1
50:1
50:1
50:1
-1:0
-1:0