OK
191.913887
133
Boogie Dump Took : 1.144337
0.003697
7.472061
1.37182881203007
25.160256,0,29.3049189999999,4.43166,13161,187,0.103163,24.697724,15,4,22
24.463613,0,30.8687509999999,3.974187,13614,188,0.056404,23.957342,18,4,19
38.976723,0,33.737166,3.070505,14753,123,0.054836,38.496254,19,2,17
33.123413,0,27.323622,5.25288,11927,220,0.07927,32.694096,18,5,20
29.296756,0,35.2872899999998,3.296386,15211,140,0.05141,28.805719,21,6,12
33.205376,0,27.4393569999999,3.748349,11443,207,0.021409,32.617208,16,5,17
