OK
145.245423
80
Boogie Dump Took : 0.901349
0.005202
7.099301
1.7045248125
14.291978,0,9.484663,1.191263,4573,124,0.011813,13.921675,6,3,12
25.405181,0,8.48318499999999,0.970218,4005,75,0.000574,25.03237,11,2,10
16.41865,0,16.41955,0.766525,7964,110,0.000718999999999999,16.047745,16,4,8
8.24051,0,9.92821799999999,1.096937,5110,88,0.000596,7.933308,9,2,14
9.291328,0,6.77658799999997,1.532475,3315,101,0.000694,8.973721,8,3,10
18.676859,0,9.66897300000002,1.088418,4772,107,0.020822,18.292715,10,6,6
