OK
305.200269
152
Boogie Dump Took : 0.812293
0.021862
11.432098
1.93428425657895
56.353487,0,12.499613,2.902976,8543,235,0.0508370000000001,55.749615,11,12,20
46.073302,0,13.647318,3.534308,9262,205,0.0860540000000001,45.502891,16,7,23
57.094245,0,13.883774,2.979636,9035,209,0.0778560000000001,56.663694,13,11,11
54.079771,0,12.372466,3.345236,8328,189,0.059242,53.625755,14,10,14
37.558618,0,18.5830700000001,2.826698,12374,225,0.047393,37.09334,21,12,10
47.832305,0,12.62733,3.253428,8589,244,0.111673,47.344604,13,12,10
