OK
728.851019
109
Boogie Dump Took : 1.484809
0.110631
45.278814
6.2312129266055
136.079273,0,44.9848920000005,6.044556,16810,78,0.057955,135.570762,12,5,22
109.448424,0,55.2478419999996,5.692798,20392,63,0.028594,108.949506,17,4,13
161.433568,0,43.591147,5.08442,15440,61,0.055632,161.014054,13,5,15
177.590941,0,42.404778,4.819488,14840,68,0.001452,177.097428,12,5,13
178.574329,0,48.4925220000002,3.309832,17203,75,0.03399,177.988634,13,5,9
147.647853,0,52.310388,2.672094,19137,64,0.015666,147.240478,15,3,10
