OK
969.914248
479
Boogie Dump Took : 1.063555
0.001723
10.510099
1.98914092275574
28.781324,0,30.39624,22.895822,14140,238,0.00210999999999999,27.79921,11,54,4
30.463033,0,20.260556,24.448646,9480,300,0.00601100000000001,29.27322,12,58,9
29.107342,0,14.7035749999999,26.171249,7449,271,0.00227999999999999,27.807619,8,54,11
16.900371,0,22.935723,26.704125,10428,299,0.00243199999999999,15.687379,9,61,5
42.697603,0,26.7076639999999,23.988761,12450,260,0.00220699999999999,41.296042,12,55,7
34.621031,0,15.888407,40.208681,7211,194,0.001824,33.69428,5,39,22
37.756938,0,25.6015199999999,35.636694,11700,180,0.001655,36.70828,8,39,10
27.24398,0,26.9240069999999,26.228928,12342,214,0.001869,25.963266,9,45,6
