OK
1412.904889
209
Boogie Dump Took : 1.627586
0.002079
63.114091
3.88435155023924
634.297389,0,17.155416,5.211536,4555,197,0.048936,633.606095,8,14,13
593.885277,0,24.406003,7.574652,6791,263,0.003648,593.107827,10,22,11
757.333268,0,13.936866,5.974663,3460,257,0.003237,756.594754,7,22,8
743.523367,0,15.106141,5.839346,4492,262,0.01554,742.835086,6,18,14
235.31797,0,15.952956,6.573287,4129,209,0.002807,234.604613,7,22,4
722.747882,0,16.182871,2.687212,4216,188,0.00269,722.10099,8,10,5
13.278506,0,16.799365,3.682786,4182,203,0.002476,12.638843,9,16,3
665.553854,0,22.945323,6.529413,6461,240,0.003555,664.525145,9,21,6
