OK
1512.23258
807
Boogie Dump Took : 5.239943
0.00242
39.090701
1.81938282527881
102.950388,0,61.1987850000002,31.004474,11398,1056,0.0129620000000001,101.053813,15,89,12
118.802735,0,53.2783959999999,29.123481,10279,848,0.0146750000000001,117.080283,15,80,10
110.809079,0,43.0983690000001,37.420782,8181,964,0.015952,109.113614,11,89,15
79.850193,0,55.3647109999997,31.467091,10813,955,0.0165360000000001,78.269082,10,88,11
98.733385,0,44.20446,46.25077,8701,787,0.0176020000000001,96.997232,12,83,16
99.902918,0,57.5927320000002,39.995215,10735,932,0.0303840000000002,97.898028,13,91,16
120.399452,0,39.5908810000001,54.238102,7512,987,0.015018,118.693017,10,93,11
105.639599,0,60.894781,44.930482,11576,1106,0.0173880000000001,103.903087,14,94,9
