OK
108.433773
100
Boogie Dump Took : 1.800992
0.016338
5.784716
1.01150827
39.581682,0,11.782592,0.606349,2444,76,0.001129,38.946278,11,0,10
35.452202,0,11.042793,0.497218,2239,80,0.001259,35.001377,11,0,13
31.73856,0,13.575101,0.598812,2809,84,0.001241,30.882565,13,0,14
34.809903,0,13.28299,0.530989,2728,82,0.001195,34.323231,13,0,15
38.11268,0,14.409407,0.490819,2785,68,0.001037,37.607546,13,0,12
37.797089,0,13.455978,0.631353,2810,74,0.001144,37.150617,13,0,10
30.090798,0,13.214295,0.516565,2725,86,0.001309,29.568287,12,0,15
39.480914,0,15.835236,0.421715,3172,60,0.001059,39.031434,14,0,11
