OK
450.241231
128
Boogie Dump Took : 1.025286
0.030359
21.378906
3.43565784375
39.513877,0,20.515925,1.311429,6777,318,0.003907,38.789424,14,4,9
43.46873,0,13.198135,1.940575,4336,384,0.00464,42.578263,10,6,13
39.409289,0,28.0072169999999,0.861072,9230,254,0.002804,38.599984,20,5,6
36.438131,0,19.066409,1.467912,6385,322,0.00404399999999999,35.600272,13,3,10
28.215171,0,6.92945299999999,2.894371,2198,336,0.003634,27.366112,7,6,16
33.012949,0,10.195135,2.738741,3336,358,0.004321,32.011541,8,7,11
35.871562,0,11.22929,1.306293,3824,290,0.003259,35.220312,9,4,8
36.089337,0,3.982642,3.21649,1212,378,0.004531,35.356566,4,8,12
