OK
1863.810136
406
Boogie Dump Took : 1.038341
0.002039
24.920729
4.54518876108375
106.366927,0,20.0633000000001,7.545735,7385,1134,0.014138,104.308756,11,30,16
104.055221,0,31.53482,11.989145,11444,1376,0.017657,101.405474,17,38,13
109.063953,0,30.1879600000001,9.135702,10758,1194,0.014727,107.093378,17,33,14
114.240303,0,28.136912,8.173268,10047,1260,0.015013,112.331746,15,32,19
100.958121,0,30.5313430000001,9.18873000000001,10712,1182,0.015021,98.320784,16,32,12
85.5344749999999,0,31.9181130000002,13.403186,11580,1510,0.0188210000000001,82.320805,16,38,22
99.388476,0,35.2295480000001,17.204106,12680,1488,0.0183190000000001,96.359289,17,44,12
89.808278,0,25.4299349999999,10.389921,9222,1288,0.0213940000000002,87.643412,13,37,14
