OK
194.105923
118
Boogie Dump Took : 1.125488
0.017655
8.273949
1.57079357627119
85.48073,0,17.66205,1.884379,5496,210,0.002027,84.570882,12,2,16
86.875823,0,18.525232,1.085133,5990,238,0.002069,86.212683,14,2,17
81.837439,0,19.049025,0.817718,6155,162,0.001503,81.271724,11,1,9
83.973407,0,17.8336620000001,0.964814,5601,138,0.001364,83.440789,11,3,8
82.29781,0,19.599417,1.479037,6247,230,0.002266,81.448553,13,2,17
83.039814,0,19.149251,1.38859,5894,230,0.002124,82.274773,12,1,12
90.483383,0,18.935001,1.454699,6188,194,0.001869,89.642858,15,3,10
79.751088,0,20.140562,1.411155,6507,240,0.002271,79.094734,14,2,13
