OK
759.498342
332
Boogie Dump Took : 3.256084
0.001331
16.3292
2.21968554819277
34.517447,0,39.5446290000001,4.426764,9863,918,0.00785399999999996,33.146865,17,26,15
32.418654,0,35.7777140000001,5.19422100000001,8762,806,0.00679999999999997,30.744995,18,22,20
35.253299,0,38.1438849999999,4.831872,9232,828,0.00746599999999997,33.649688,19,22,18
28.576287,0,30.576853,4.70654,7507,748,0.00671199999999998,27.102276,14,25,20
49.424744,0,37.325594,6.089012,9179,892,0.00796199999999996,47.345364,18,27,16
38.039173,0,32.5904580000001,5.65892,7933,852,0.00716699999999996,36.101088,14,22,17
32.640923,0,34.6377389999999,5.345206,8746,930,0.00878899999999995,30.655345,17,25,15
38.584872,0,36.2765369999999,5.095175,8837,888,0.00803699999999997,37.035525,16,30,12
