OK
202.499242
184
Boogie Dump Took : 1.123352
0.003763
6.889305
1.02939026086956
46.18813,0,21.3511089999999,3.089692,7778,340,0.003611,45.031247,22,1,29
43.133086,0,21.972686,2.364528,8291,308,0.003207,42.308925,21,1,23
47.881302,0,29.711159,1.383702,10754,232,0.002437,47.139707,30,1,21
46.586645,0,25.5361139999999,1.595526,9040,282,0.003084,45.728826,23,1,18
41.244349,0,18.732986,2.789283,7179,398,0.004001,40.071032,15,1,29
39.492734,0,22.3147769999999,2.918904,8335,334,0.00366499999999999,38.425691,20,2,20
34.551877,0,25.2751910000001,3.489543,9125,376,0.0041,33.135418,18,0,27
50.849433,0,27.974373,1.270537,10386,220,0.002429,49.891436,27,1,9
