OK
28.784146
34
Boogie Dump Took : 1.23302
0.000671
8.124362
0.634949735294118
13.566474,0,4.432975,0.134091,1094,36,0.000378,13.283166,5,0,3
4.717427,0,5.233823,0.345607,1540,48,0.000457,4.412839,4,1,5
12.332302,0,3.05997,0.144265,769,63,0.000498,12.045783,3,0,6
7.969843,0,5.859398,0.158121,1513,31,0.000373,7.526781,5,0,4
10.927816,0,1.900599,0.284236,552,48,0.00046,10.656909,2,0,3
11.456876,0,1.999723,0.272216,465,59,0.000501,11.191564,2,0,2
6.267181,0,3.720602,0.601834,933,73,0.000578,5.977964,2,2,5
9.155578,0,5.99610899999999,0.329023,1473,42,0.000597,8.840787,7,1,2
