OK
176.708891
67
Boogie Dump Took : 1.236161
0.003863
18.836149
2.24350853731343
91.125122,0,13.687556,0.4524,5170,53,0.000452,90.780666,10,0,5
79.718286,0,13.564073,1.347822,5265,53,0.00052,79.336261,9,0,8
98.500105,0,11.683713,0.698365,4712,44,0.000403,98.149741,10,1,4
90.840792,0,13.7066679999999,0.750208,5522,32,0.001991,90.459929,12,0,5
105.664152,0,9.38425699999999,0.807246,3868,41,0.000441,105.028767,8,1,8
94.587993,0,13.096957,0.428032,4632,43,0.000554,94.204086,8,1,3
91.642252,0,7.503323,2.053985,3270,171,0.001117,91.201714,3,0,14
89.424843,0,7.83197800000001,3.261198,3254,172,0.049437,89.002033,3,1,16
