OK
75.719889
81
Boogie Dump Took : 1.198258
0.007783
8.57154
0.873578888888889
19.753701,0,6.193595,0.378369,1647,84,0.000775,19.432521,6,0,12
28.338439,0,9.22189599999999,0.241764,2561,80,0.000695,28.005928,14,1,8
14.647623,0,2.435142,0.48328,322,100,0.000899,14.278149,2,2,12
33.639019,0,7.144978,0.281282,2127,62,0.000557,33.311764,11,0,9
33.947222,0,8.01006400000001,0.206705,1997,40,0.000451,33.592886,11,0,6
21.141757,0,5.97411400000001,0.418317,1597,95,0.000842,20.667534,9,2,13
30.830466,0,7.61622700000001,0.24942,2128,49,0.000549,30.501728,10,1,9
36.53056,0,7.223899,0.190314,1876,60,0.000595,36.207048,11,1,5
