OK
13.292952
12
Boogie Dump Took : 3.532477
0.004972
1.185592
0.740992666666667
8.732256,0,0.42672,0.101015,63,8,0.000195,8.480178,1,0,1
8.079195,0,0.656093,0.123196,109,8,0.000204,7.818474,2,0,2
7.632723,0,0.704552,0.144593,125,12,0.000225,7.350649,2,0,3
7.3653,0,0.822552,0.148211,141,10,0.000231,7.090938,2,0,2
8.104402,0,0.839742,0.116098,151,6,0.000201,7.850123,2,0,1
8.630215,0,0.506328,0.127389,49,4,0.000172,8.367638,1,0,1
8.645292,0,0.432612,0.106227,54,4,0.000185,8.4066,1,0,1
8.329503,0,0.653091,0.114716,107,5,0.000204,8.080176,1,0,1
