OK
1134.712838
207
Boogie Dump Took : 1.075771
0.003659
58.86959
5.15131920289855
361.025789,0,58.5575320000004,8.395031,27498,310,0.002053,360.029196,19,4,20
384.160833,0,54.7354660000001,11.796892,25546,359,0.002386,382.612641,16,3,27
383.130187,0,60.1390120000001,7.716611,26743,283,0.001976,382.300398,22,7,14
350.497946,0,57.032629,9.489489,25059,254,0.001798,349.536162,19,6,19
318.304006,0,57.6996629999998,10.351886,26100,447,0.003234,317.066833,17,6,27
394.391872,0,59.5007920000003,6.956556,25885,255,0.001868,393.566621,21,7,15
359.540973,0,57.1764359999999,9.504477,25038,333,0.002807,358.633134,19,9,16
324.315809,0,60.0386610000003,9.631419,26920,327,0.002301,323.285417,24,8,19
