OK
2468.146467
1327
Boogie Dump Took : 1.104324
0.002882
38.419731
1.83063313262999
128.928476,0,59.5135929999998,38.687207,27965,1422,0.010288,125.478887,22,143,28
120.02286,0,58.1191790000001,52.03926,27305,1521,0.0298740000000002,116.606366,20,143,18
114.741708,0,63.4596290000002,38.950998,25202,1238,0.00901999999999996,111.444863,23,138,18
96.927665,0,59.304224,55.201087,23810,1354,0.00999400000000001,93.839202,18,136,33
116.694677,0,57.6179170000004,40.106375,25906,1143,0.00864999999999999,113.48772,24,146,15
122.312226,0,42.344856,54.238451,20466,1445,0.00901499999999999,118.984295,16,165,13
144.913699,0,52.8982170000001,64.984207,23642,1526,0.00971999999999998,141.196519,15,150,19
123.841379,0,59.1214060000004,56.6289139999999,26540,1443,0.292408999999997,120.895146,19,149,13
