OK
840.293955
359
Boogie Dump Took : 1.330297
0.00079
33.520852
2.25906883286908
227.592163,0,31.037497,12.757802,13082,433,0.003082,226.276787,12,30,15
227.174507,0,26.2076190000001,11.640924,11214,423,0.002936,226.098562,12,35,10
232.927272,0,25.864228,8.596689,10448,440,0.00334000000000001,232.015005,13,32,11
232.74373,0,29.0851609999998,8.216926,9490,375,0.00267600000000001,231.957751,8,31,13
241.099985,0,33.1255350000001,5.801948,12968,385,0.002792,240.136201,14,34,11
251.489431,0,28.1101970000001,7.10194,11118,426,0.016812,250.612436,12,33,12
259.635085,0,26.358828,8.752611,9469,383,0.002835,258.766378,9,37,8
233.121359,0,28.920429,7.972176,11421,474,0.00343000000000001,232.265562,11,36,11
