OK
978.817023
433
Boogie Dump Took : 1.393802
0.001836
22.663047
2.21413941108545
226.76092,0,39.1810549999999,10.674227,13477,432,0.003106,225.791982,13,38,18
237.479052,0,29.4279000000002,16.876589,13742,674,0.004289,236.376628,13,38,20
228.040395,0,32.322955,16.744089,13636,585,0.004037,226.810482,14,39,12
226.142581,0,34.563855,13.631413,14438,625,0.004299,225.067204,13,45,13
245.436577,0,30.3942570000001,10.091631,12460,500,0.003684,244.292109,13,46,7
232.754051,0,36.1476529999998,10.437906,17566,536,0.00388200000000001,231.647121,17,40,10
214.475978,0,36.9146119999999,9.1589,10965,418,0.00331,213.411634,11,45,8
219.898032,0,32.772926,17.46039,12446,650,0.004171,218.747665,9,39,15
