OK
321.91604
102
Boogie Dump Took : 1.208393
0.000793
18.737269
2.97548219607843
156.206257,0,17.617847,0.975612,10199,131,0.000914999999999999,155.660034,10,1,6
145.214094,0,16.674051,2.531111,9715,165,0.001028,144.322638,12,3,13
160.975097,0,16.990462,1.690271,10088,155,0.001028,160.250526,11,3,13
150.173507,0,20.291997,1.851771,11988,129,0.000875999999999999,149.385905,12,1,13
174.719399,0,16.786081,1.844695,9995,106,0.000754,174.014089,10,2,14
167.017917,0,18.318034,1.494361,10244,105,0.000742999999999999,166.36243,12,1,11
159.180927,0,17.260981,1.299414,9643,125,0.000954999999999999,158.617599,10,2,8
148.383005,0,18.056475,1.419516,10759,147,0.001013,147.790231,10,2,9
