OK
3250.377747
2068
Boogie Dump Took : 3.47427
0.001889
25.829788
1.55662008655706
74.384396,0,69.9547800000001,169.220791,13396,2863,0.0609559999999994,71.481721,13,247,20
72.530272,0,101.15068,136.319292,19410,2814,0.0515259999999991,69.676645,24,241,15
88.630516,0,72.0083140000001,130.222177,14079,2560,0.0480540000000001,85.78144,17,238,17
67.40234,0,64.1880220000001,196.491642,12427,2652,0.0418839999999995,64.315773,11,246,20
90.241251,0,88.5678700000005,129.945251,17092,2723,0.0498289999999998,87.160631,17,237,14
66.287043,0,81.3100150000004,123.759235,15673,2798,0.0455199999999997,62.832031,18,245,14
83.309008,0,66.7772530000002,175.068035,12383,2858,0.0644159999999992,80.189045,9,244,15
79.364035,0,82.0338780000001,126.3115,15426,2706,0.0680459999999994,76.174158,18,243,12
