OK
165.461874
74
Boogie Dump Took : 1.291405
0.049347
12.251582
2.00330824324324
38.250659,0,8.863371,1.097319,3303,164,0.010101,37.761848,5,5,6
32.162699,0,9.99145899999998,1.034445,3601,161,0.000861999999999999,31.752083,7,5,9
33.931702,0,9.45885299999999,0.974064,3442,181,0.001611,33.60394,10,5,8
21.975519,0,10.091625,1.344516,3559,188,0.003757,21.590485,7,4,13
25.677711,0,12.592484,0.834781,4411,144,0.000818999999999999,25.28476,7,6,4
22.8906,0,12.079816,0.991211,4619,170,0.009132,22.49793,7,6,3
