OK
608.768196
178
Boogie Dump Took : 1.127664
0.009014
31.673864
3.22470203932584
114.233655,0,39.0629510000002,6.855196,14137,461,0.0334620000000001,113.791122,16,15,12
111.36911,0,34.048538,5.999469,12528,700,0.0334030000000001,110.793339,15,16,20
83.935045,0,39.9699000000002,5.497557,14558,498,0.0984230000000002,83.296687,19,14,11
118.934175,0,41.6052459999999,5.585937,14557,494,0.0898870000000001,118.498583,17,11,15
136.278047,0,34.6658050000002,10.05509,12400,628,0.147417000000001,135.061534,15,13,14
95.47056,0,34.9267240000001,8.294876,12458,672,0.126633000000001,94.931986,13,14,23
