OK
661.086936
302
Boogie Dump Took : 1.352535
0.009037
12.406293
2.14502490728477
39.531078,0,36.147452,5.539893,11389,544,0.047987,38.945631,22,34,13
35.769947,0,28.4880070000001,7.599238,8881,548,0.00296,35.095632,14,34,16
41.7782,0,25.493183,11.429058,8614,698,0.180697000000001,41.119785,11,40,17
41.893532,0,20.107773,6.382592,7329,558,0.0747270000000001,41.365961,11,37,13
46.61553,0,24.220792,9.131162,7084,575,0.049479,45.97202,11,37,14
53.485849,0,27.3618180000001,5.274018,7625,534,0.01769,52.915917,11,40,7
