OK
188.75819
118
Boogie Dump Took : 0.857662
0.001868
7.40938
1.56437668644068
17.480472,0,8.954515,1.516624,3633,363,0.00836200000000001,17.150348,11,11,6
26.053835,0,9.02339600000002,1.42757,3742,242,0.016607,25.567706,9,6,10
22.329331,0,17.772742,1.665653,7029,329,0.002318,21.899959,18,9,7
11.392364,0,8.84868399999998,2.644201,3849,457,0.0657080000000002,10.954478,9,12,13
20.578852,0,8.13180900000001,3.159323,3612,424,0.0533290000000001,20.192892,7,11,10
20.858904,0,8.934587,2.635066,3708,372,0.002544,20.452381,9,6,17
