OK
219.179329
107
Boogie Dump Took : 0.82929
0.036818
8.366329
2.00644611214953
95.093923,0,10.428401,0.361409,3464,127,0.000914999999999999,94.787569,15,5,11
92.32768,0,10.880669,0.377847,3451,92,0.000741,91.936887,16,3,14
85.015302,0,8.90425799999999,0.513194,2964,121,0.000890999999999999,84.519936,12,2,17
97.340288,0,9.99198899999999,0.355592,3367,102,0.000855,97.042872,14,2,16
83.883802,0,10.848026,0.414329,3591,122,0.000912,83.528411,14,5,16
82.88987,0,11.284079,0.504159,3712,108,0.000799999999999999,82.420532,16,3,13
