OK
144.460818
83
Boogie Dump Took : 0.881578
0.006593
11.503394
1.63396180722892
28.515611,0,10.113138,2.563821,4996,294,0.0354590000000001,28.169715,7,2,15
26.989841,0,12.38281,2.28262,6208,217,0.044337,26.572394,11,8,9
30.253778,0,11.341441,1.38066,5228,288,0.0972790000000006,29.894894,8,4,8
39.409158,0,15.761294,0.771397,7390,182,0.0572020000000001,39.028836,12,3,6
30.626507,0,11.70277,0.994699,5591,230,0.0664170000000002,30.271248,9,5,7
22.696384,0,16.858066,1.669208,7644,228,0.125463000000001,22.135316,10,4,12
