OK
226.037802
58
Boogie Dump Took : 2.73761
0.003004
19.847372
3.50664167241379
113.249108,0,15.97347,2.014122,5673,59,0.002958,112.905876,9,1,13
103.193037,0,20.0913219999999,0.811999,6726,53,0.000323,102.80662,10,1,6
113.333773,0,18.459764,0.752214,6173,37,0.000319,112.985522,12,0,5
97.773081,0,14.664213,2.145083,5225,190,0.0359800000000001,97.413094,5,1,21
108.664871,0,18.833347,1.070368,6342,55,0.000417,108.213252,8,1,5
103.924548,0,18.0583650000001,0.550433,6540,42,0.00718800000000001,103.583959,9,1,3
