OK
361.424461
92
Boogie Dump Took : 1.75555
0.02609
35.306033
3.75281693478261
29.363392,0,33.565317,4.532321,9231,60,0.000939,28.631449,8,0,11
41.037939,0,43.024802,5.984626,11736,99,0.001099,40.023481,14,3,12
22.30094,0,18.090958,9.201513,5673,64,0.000768,21.50158,5,0,14
42.019294,0,45.3063089999999,3.393226,12111,85,0.001432,41.036981,12,2,10
39.064836,0,36.378974,4.188634,9622,66,0.000669,38.182478,10,0,11
39.912469,0,38.7299859999999,3.933438,10630,62,0.000718,39.118797,11,1,9
42.887264,0,47.7923379999998,4.644331,12551,66,0.003563,42.029636,13,1,11
45.182477,0,47.642291,2.909944,12714,64,0.001203,44.345614,12,0,7
