OK
352.722203
146
Boogie Dump Took : 2.149821
0.003817
35.474932
2.31619789041096
54.944851,0,48.9782330000001,4.005343,12741,139,0.014435,53.699592,18,1,20
55.490306,0,52.979033,3.924856,13748,144,0.001414,54.177797,23,0,21
62.118143,0,44.841902,4.136834,11736,157,0.004348,60.722737,19,1,21
62.726869,0,35.2000329999999,3.608679,9288,149,0.009862,61.569828,15,0,18
54.595711,0,46.618447,3.774379,12609,149,0.00793899999999999,53.508255,20,1,17
57.799311,0,37.9738829999999,4.558584,10443,153,0.0298310000000001,56.827991,14,0,17
60.876117,0,49.1756260000003,3.23966,12705,123,0.001155,59.925725,15,2,11
67.529537,0,44.2030500000001,4.313978,11561,103,0.001105,66.413604,17,0,16
