OK
659.43645
113
Boogie Dump Took : 1.930245
0.015507
40.659416
5.41802638053097
133.505252,0,50.43066,8.019267,11932,91,0.000733,132.557221,8,1,14
128.400144,0,61.251395,6.301099,14440,113,0.001062,127.368337,16,0,17
108.221314,0,55.6912119999998,5.435308,13723,102,0.000903,107.232299,10,0,12
90.247706,0,68.7964360000002,7.606004,16038,121,0.001263,89.065194,13,0,20
92.243078,0,68.3165260000002,6.473407,16215,113,0.004781,91.292352,15,0,19
115.712878,0,67.3120520000002,2.603554,15806,99,0.014197,114.537982,16,0,6
117.417321,0,72.5055670000001,7.259053,16657,92,0.000836,116.45133,17,0,15
107.773348,0,68.8698489999999,4.998549,15601,103,0.001015,106.713945,17,0,9
