OK
18.971386
23
Boogie Dump Took : 3.776098
0.044128
1.57071
0.566941913043478
5.581794,0,6.55993,0.192055,842,11,0.000319,5.026274,3,0,1
7.283569,0,5.728104,0.218334,644,14,0.000352,6.804411,4,0,2
3.325358,0,5.296478,0.582256,817,33,0.000451,2.746238,3,0,10
6.326303,0,5.137789,0.304552,623,12,0.00037,5.810391,3,0,3
5.116587,0,6.182973,0.401792,839,14,0.000571,4.532139,3,0,2
5.086942,0,6.56231100000001,0.292327,883,13,0.000537,4.474213,3,0,1
7.111454,0,4.98486599999999,0.3459,555,11,0.000355,6.617593,2,0,1
6.240688,0,4.220727,0.437895,415,11,0.000343,5.738851,2,0,3
