OK
16.419936
18
Boogie Dump Took : 3.627436
0.031145
1.489476
0.555751888888889
6.528306,0,3.812859,0.262044,395,10,0.000363,6.088396,2,0,3
7.115283,0,4.472844,0.164056,514,12,0.000418,6.586269,4,0,1
1.823225,0,3.869924,0.502505,586,35,0.000461,1.210754,2,0,7
5.760293,0,3.764199,0.30968,379,11,0.000364,5.184266,2,0,3
4.038621,0,4.41461999999999,0.318491,599,16,0.000407,3.549022,2,0,1
5.048273,0,4.464004,0.293204,567,13,0.000365,4.567673,2,0,1
4.459027,0,4.43766500000001,0.33719,552,12,0.000384,3.999333,2,0,1
6.471827,0,2.916217,0.309341,299,15,0.005141,5.954634,1,1,0
