OK
19.070393
22
Boogie Dump Took : 3.817841
0.028988
1.78165
0.600118545454546
6.918036,0,6.157452,0.273866,651,10,0.000488,6.360466,3,1,1
6.319867,0,5.166642,0.259884,584,20,0.000399,5.711154,3,0,2
4.035001,0,4.16896,0.607329,557,31,0.000496,3.394983,2,0,10
4.384338,0,6.39723799999999,0.296227,915,15,0.000466,3.731487,3,0,1
5.442003,0,5.585161,0.319595,684,12,0.000356,4.912544,3,0,3
5.4168,0,5.096687,0.412975,601,14,0.00054,4.892476,2,0,3
6.331618,0,5.276993,0.276094,592,12,0.000659,5.754992,2,0,1
6.507011,0,5.85998099999999,0.015984,649,7,0.000566,6.001723,3,0,0
