OK
1354.973861
120
Boogie Dump Took : 4.53994
0.025215
79.300546
10.5865819416667
611.333509,0,176.499591,5.195982,18326,47,0.00063,610.466161,17,0,11
695.197696,0,155.017406,6.589019,16168,64,0.000617,694.346057,15,0,13
661.528246,0,146.692849,10.17928,15936,103,0.010823,660.531627,14,1,27
590.793405,0,159.692679,8.053264,17371,80,0.000908999999999999,589.888104,14,0,16
614.930226,0,160.307955000001,5.932959,16941,70,0.000827,614.052601,13,0,12
680.425399,0,157.559332,5.73407,16465,52,0.000785,679.539432,15,1,10
638.212514,0,164.232263,9.308786,17097,70,0.000717,637.313174,15,0,15
664.824117,0,152.835878000001,8.519513,16422,60,0.000787,663.95033,15,0,14
