OK
952.261634
128
Boogie Dump Took : 1.773291
0.004634
339.845733
7.298931
50.270168,0,48.0616909999999,5.128666,13560,108,0.003193,49.289857,17,0,18
51.498035,0,63.027082,6.343498,17343,151,0.007238,50.047359,17,1,18
46.442394,0,50.116364,4.540762,13573,130,0.018621,45.497986,16,0,16
77.317976,0,49.3987370000003,4.510047,13958,129,0.001718,76.022762,16,1,11
61.702067,0,59.3056120000002,6.461283,17014,117,0.001112,60.374025,14,1,18
59.433591,0,36.95013,5.279749,10882,122,0.00144,58.411752,13,0,17
68.410677,0,44.3068350000002,6.576463,12520,108,0.001212,67.448088,14,1,15
69.296703,0,55.929987,5.446192,16740,128,0.005551,68.090444,17,0,11
