OK
2538.317509
101
Boogie Dump Took : 1.743807
0.000994
649.386226
24.5243216831683
230.634692,0,51.245171,5.200088,14056,103,0.000890999999999999,229.623042,13,0,15
326.467283,0,36.2820319999999,3.85647,11134,101,0.000908999999999999,325.515319,11,0,10
333.842657,0,54.6443230000002,2.613906,15478,123,0.001034,332.667022,12,0,12
281.0917,0,60.8496060000003,6.095354,15876,111,0.000974999999999999,280.088141,15,0,15
291.545362,0,44.5295109999999,5.247547,13284,108,0.00103,290.533128,14,0,13
180.220008,0,63.5293369999997,8.933319,17472,131,0.001141,178.984395,14,0,19
262.423903,0,47.7710259999999,2.620507,13156,112,0.000949999999999999,261.460567,10,0,7
283.417897,0,50.426578,4.951665,13655,110,0.000937999999999999,282.017822,12,0,10
