OK
334.939362
61
Boogie Dump Took : 1.695039
0.049049
38.867723
4.96067075409836
90.846409,0,24.778366,8.28009,8006,59,0.000624,89.98489,7,0,12
68.583172,0,27.3114380000001,3.209492,9132,63,0.000629,67.826942,5,0,7
78.782295,0,31.26395,2.398894,9619,45,0.000588,78.136501,7,0,6
65.022128,0,32.4100469999999,6.338474,10664,73,0.000777,64.20032,9,1,16
66.866784,0,30.2210330000001,3.678551,10510,61,0.000589,66.136242,8,0,5
65.848237,0,30.9972939999998,2.338614,10963,57,0.000663,65.066818,9,0,4
70.629286,0,28.732331,3.437382,9716,82,0.00076,69.579872,7,1,3
89.007886,0,28.296134,4.724237,8834,73,0.000706999999999999,88.106219,7,0,6
