OK
1720.324952
129
Boogie Dump Took : 1.506506
0.001332
581.163428
12.9807484728682
175.907963,0,54.306464,17.569601,16971,340,0.022078,174.350583,9,0,20
147.917966,0,83.3030639999997,6.333954,25967,297,0.00896400000000003,146.176925,21,1,8
144.151856,0,80.4497089999999,6.078722,25720,376,0.003819,142.316823,17,0,7
138.043071,0,53.0882190000001,18.229182,16960,382,0.0267310000000001,136.084327,13,0,28
148.336166,0,73.3496990000003,12.038303,23517,359,0.00784299999999999,146.184705,19,3,12
187.11226,0,55.5855450000002,11.717364,17982,368,0.040477,185.317199,14,2,16
185.619942,0,72.759774,12.132561,23093,369,0.00690699999999999,183.73201,14,0,17
153.914262,0,65.3573049999995,14.7089,20834,384,0.0241800000000001,152.040481,15,1,14
