OK
1629.142818
150
Boogie Dump Took : 1.617785
0.013451
156.816374
10.4572702733333
381.663238,0,120.269341,21.558149,29831,248,0.003014,379.896335,18,3,15
388.764664,0,109.958351000001,23.394363,27356,273,0.00435299999999999,387.095587,14,1,19
426.161606,0,123.577253,13.732032,30601,310,0.00914399999999999,424.203776,19,0,15
377.668706,0,130.11012,11.580518,31871,237,0.00479399999999999,376.196915,20,1,12
406.22482,0,123.919337,23.38397,29775,255,0.007353,404.517662,17,1,25
361.630652,0,129.55229,21.622992,32331,217,0.00516599999999999,360.006349,20,1,16
362.641521,0,99.8199659999996,34.356264,25203,224,0.00734499999999999,360.989141,11,2,22
390.777849,0,131.499890999999,16.188983,32924,232,0.014494,389.190377,20,2,15
