OK
1021.80291
193
Boogie Dump Took : 1.836287
0.009124
134.06404
5.18873587564767
94.439742,0,59.5778439999998,7.094942,20728,269,0.014551,92.784545,19,1,21
91.607843,0,70.517551,9.368744,24170,221,0.001841,90.022399,26,0,30
91.052559,0,67.6297510000002,6.127967,23390,290,0.011427,89.039908,25,1,16
90.332823,0,63.5844850000003,6.28753,21592,238,0.002187,88.76457,23,1,25
101.310788,0,69.3384249999999,8.761851,23572,352,0.010592,99.077692,23,2,25
100.621248,0,87.7191290000006,5.874792,29478,281,0.014987,98.864252,30,0,21
101.391025,0,55.1657830000003,10.825471,19081,265,0.018916,99.473901,17,1,26
97.661175,0,69.207184,6.870723,23051,277,0.012259,95.808683,23,1,22
