OK
1471.988369
118
Boogie Dump Took : 3.827059
0.00635
87.180451
11.7679591101695
251.854017,0,142.596931,14.602372,22372,169,0.00714699999999999,250.481398,13,1,15
269.090865,0,137.740523,14.376548,21079,177,0.011796,267.811474,14,1,15
243.552665,0,163.354018999999,9.494576,24271,140,0.002902,242.50691,15,0,10
205.56396,0,159.14981,16.555793,24649,194,0.00640699999999998,204.157841,14,0,23
220.881731,0,157.207997999999,14.359521,23860,156,0.001421,219.653375,13,1,12
262.079859,0,168.038679,12.301586,25001,133,0.00148,260.704985,15,1,12
236.173015,0,142.215452,15.791462,21967,148,0.001402,234.991149,12,0,15
270.079214,0,141.682375000001,12.859409,21729,176,0.002054,268.823702,14,4,8
