OK
1053.832534
130
Boogie Dump Took : 4.010602
0.001621
63.881941
7.43831681538462
117.953216,0,44.4710159999999,4.466956,9902,205,0.001683,116.697569,12,0,17
69.784676,0,76.4385229999997,4.630838,15695,166,0.00118,68.541046,17,0,18
81.456445,0,78.1388650000002,4.642878,15471,188,0.001379,80.06554,18,0,17
134.622721,0,46.8199019999998,4.811819,9243,137,0.00671199999999999,133.597137,10,1,21
90.461805,0,66.4665049999998,4.232197,13927,164,0.002788,89.229679,14,1,19
103.502091,0,83.5791370000003,3.34848,16730,140,0.001431,102.401744,17,1,15
73.654329,0,87.7293309999999,3.734826,18405,158,0.00510899999999999,72.449916,22,1,11
151.355492,0,87.8975500000001,2.744534,17841,117,0.00236,150.021368,15,1,7
