OK
1080.267039
158
Boogie Dump Took : 3.560332
0.006477
43.464785
6.5083369556962
191.690547,0,143.22637,13.964689,19785,156,0.001262,190.516748,15,1,21
201.752307,0,188.138619000001,11.513991,24508,180,0.001182,200.454691,20,3,14
199.202938,0,179.134393,11.844567,24053,139,0.001143,197.920298,20,0,20
194.918979,0,193.117833000001,7.765663,25788,142,0.001241,193.799511,20,1,14
184.28895,0,184.256549000001,10.764111,25081,132,0.00457199999999999,182.977627,19,2,22
202.902855,0,174.479015000001,12.223236,22949,159,0.00252,201.640114,19,1,20
177.868797,0,138.998306999999,14.393123,18554,118,0.00506299999999999,176.571768,13,0,20
186.777664,0,172.252924999999,14.188883,23621,170,0.00498799999999999,185.427408,22,2,17
