OK
119.585952
138
Boogie Dump Took : 2.013181
0.000685
4.56097
0.818084876811594
63.46473,0,18.7411410000001,0.787345,4505,103,0.001249,62.641168,19,0,19
58.95924,0,17.850971,0.891505,4117,107,0.00977700000000002,58.149909,15,1,14
59.556926,0,16.820304,0.860666,4109,88,0.000821,58.690982,16,0,18
59.594627,0,17.860209,1.233095,4208,126,0.000945999999999999,58.691563,15,0,18
52.06585,0,17.586476,1.134225,4097,121,0.001066,51.080464,14,0,15
60.871804,0,21.706788,0.766333,4868,56,0.000695,60.184666,20,0,18
59.100646,0,20.704183,0.872312,5006,58,0.000613,58.356419,20,0,17
59.249684,0,19.000003,0.974054,4410,70,0.003409,58.409171,18,0,18
