OK
354.212155
114
Boogie Dump Took : 1.376003
0.001742
24.597198
2.88338445614035
113.176083,0,30.179173,2.6124,11563,61,0.000584,112.222999,11,0,16
109.011618,0,30.496455,1.626876,11651,65,0.00792,108.050849,13,0,9
106.273456,0,33.133169,1.749316,12779,53,0.000738,105.433103,16,1,9
108.302864,0,31.3884110000001,2.897116,11796,70,0.000699,107.409126,17,0,14
99.760556,0,30.33894,3.524522,12048,78,0.00144,98.792093,16,2,16
122.497765,0,30.2827279999998,2.982072,11165,71,0.000685,121.589352,13,0,13
118.752546,0,26.7268010000001,3.130847,10643,69,0.001123,117.861222,14,0,14
91.168388,0,24.8100049999999,5.151777,9360,62,0.003108,90.115259,11,0,20
