OK
2902.821
134
Boogie Dump Took : 2.048595
0.023517
484.065154
20.719064261194
277.892289,0,75.9443239999998,6.936334,19580,88,0.002316,276.797388,16,0,19
375.783907,0,69.1343200000002,6.604504,18973,98,0.000969,374.724945,16,0,17
362.941707,0,66.9045410000002,6.351426,17354,64,0.000658,361.995915,15,0,15
348.528176,0,66.2466050000001,7.648336,18421,76,0.000724,347.392727,20,0,18
380.492439,0,83.98673,7.574874,22414,72,0.000792,379.299251,22,0,16
354.118746,0,61.2565220000002,6.244129,16138,66,0.000706,353.109701,15,1,14
379.818571,0,61.4332460000005,7.206085,17405,81,0.000775,378.664655,14,0,23
496.086694,0,65.799011,4.239269,17443,65,0.000696,495.090736,14,1,10
