OK
3191.521322
249
Boogie Dump Took : 0.815031
0.002257
408.978248
10.6845013333333
932.522603,0,76.374354,21.80745,37240,345,0.002312,930.995828,11,21,13
785.211182,0,72.2961060000003,30.277616,33163,374,0.002732,783.738531,13,21,14
655.113334,0,85.9115350000002,19.957615,40306,282,0.001998,653.753354,15,15,10
638.199038,0,80.1354880000002,13.701087,37976,395,0.003248,636.895789,11,23,8
868.83825,0,65.1189170000001,29.360187,31981,267,0.002048,867.352627,9,18,14
1161.840853,0,76.8728360000001,22.908497,36015,396,0.002647,1160.471119,16,19,10
855.356652,0,83.2923539999995,34.312811,32536,342,0.002449,853.644599,11,20,13
1119.426799,0,68.6433610000001,17.076961,28603,307,0.002214,1118.200006,8,18,12
