NOK
140.615166
84
Boogie Dump Took : 17.935786
0.000295
98.538689
1.4524461547619
0,0,0,0,0,0,0,0,0,0,1
0,0,0,0,0,0,0,0.758076,1,0,1
0,0,0,0,0,0,0,2.173059,1,0,1
0,0,0,0,0,0,0,111.888968,1,0,0
0,0,0,0,0,0,0,3.449189,2,0,2
0,0,0,0,0,0,0,3.225013,2,0,2
0,0,0,0,0,0,0,3.754,2,0,1
0,0,0,0,0,0,0,2.787157,1,0,1
0,0,0,0,0,0,0,7.683931,7,0,7
0,0,0,0,0,0,0,118.281393,7,0,6
0,0,0,0,0,0,0,5.044472,5,0,5
0,0,0,0,0,0,0,117.837281,6,0,6
0,0,0,0,0,0,0,109.434924,2,0,1
0,0,0,0,0,0,0,0.810913,1,0,1
0,0,0,0,0,0,0,0.419566,1,0,1
0,0,0,0,0,0,0,1.971527,1,0,1
0,0,0,0,0,0,0,113.246343,2,0,1
0,0,0,0,0,0,0,0.405149,1,0,1
0,0,0,0,0,0,0,1.640954,1,0,1
0,0,0,0,0,0,0,112.437575,1,0,1
0,0,0,0,0,0,0,112.805283,3,0,2
0,0,0,0,0,0,0,4.058132,3,0,2
0,0,0,0,0,0,0,112.470419,2,0,3
0,0,0,0,0,0,0,112.951202,2,0,2
0,0,0,0,0,0,0,0.000244,1,0,1
0,0,0,0,0,0,0,0.646198,1,0,1
0,0,0,0,0,0,0,1.916506,1,0,1
0,0,0,0,0,0,0,116.87752,1,0,0
0,0,0,0,0,0,0,5.548066,7,0,7
0,0,0,0,0,0,0,4.551492,5,0,5
0,0,0,0,0,0,0,5.234763,6,0,6
0,0,0,0,0,0,0,5.477184,6,0,5
#ALGO Details#
Best Algo splitMode:0
SplitMode:totalANDSplits
100:3
10:6
10:24
10:4
30:4
30:9
30:3
0:24