NOK
95.922383
213
Boogie Dump Took : 20.230865
0.000317
2.149998
0.352813375586854
0,0,0,0,0,0,0,30.434311,1,0,2
0,0,0,0,0,0,0,44.265261,2,0,2
0,0,0,0,0,0,0,50.66676,2,0,1
0,0,0,0,0,0,0,17.822655,1,0,1
0,0,0,0,0,0,0,36.94034,6,0,7
0,0,0,0,0,0,0,42.882788,6,1,6
0,0,0,0,0,0,0,43.055385,6,0,5
0,0,0,0,0,0,0,54.242007,6,0,5
0,0,0,0,0,0,0,37.92881,10,0,6
0,0,0,0,0,0,0,30.547207,7,0,7
0,0,0,0,0,0,0,37.000169,8,0,5
0,0,0,0,0,0,0,21.937021,5,0,11
0,0,0,0,0,0,0,33.538628,7,0,7
0,0,0,0,0,0,0,33.674536,8,0,5
0,0,0,0,0,0,0,15.774766,6,0,10
0,0,0,0,0,0,0,33.601051,8,0,6
0,0,0,0,0,0,0,50.504774,4,0,4
0,0,0,0,0,0,0,54.68268,4,0,5
0,0,0,0,0,0,0,47.105566,4,0,3
0,0,0,0,0,0,0,38.362812,4,0,3
0,0,0,0,0,0,0,45.141369,5,0,4
0,0,0,0,0,0,0,67.258808,5,0,4
0,0,0,0,0,0,0,67.590761,4,0,3
0,0,0,0,0,0,0,38.847355,4,0,6
0,0,0,0,0,0,0,37.00888,3,0,5
0,0,0,0,0,0,0,42.202314,4,0,2
0,0,0,0,0,0,0,52.225745,3,0,2
0,0,0,0,0,0,0,43.231047,3,0,3
0,0,0,0,0,0,0,28.243359,18,0,17
0,0,0,0,0,0,0,33.278761,19,0,14
0,0,0,0,0,0,0,27.708915,15,1,15
0,0,0,0,0,0,0,27.036755,14,0,19
#ALGO Details#
Best Algo splitMode:0
SplitMode:totalANDSplits
100:6
10:25
10:29
10:32
30:17
30:17
30:13
0:67