NOK
15.798189
146
Boogie Dump Took : 7.971897
0.000288
0.340954
0.0514117054794521
0,0,0,0,0,0,0,3.850822,1,0,2
0,0,0,0,0,0,0,5.831928,2,0,1
0,0,0,0,0,0,0,4.943032,2,0,2
0,0,0,0,0,0,0,3.095094,1,0,1
0,0,0,0,0,0,0,5.21966,6,0,6
0,0,0,0,0,0,0,4.621036,5,0,5
0,0,0,0,0,0,0,5.167719,5,0,5
0,0,0,0,0,0,0,4.791818,5,0,4
0,0,0,0,0,0,0,5.910503,5,0,4
0,0,0,0,0,0,0,3.117595,4,0,4
0,0,0,0,0,0,0,4.377154,4,0,4
0,0,0,0,0,0,0,3.032223,3,0,3
0,0,0,0,0,0,0,4.191386,6,0,5
0,0,0,0,0,0,0,3.09952,4,0,6
0,0,0,0,0,0,0,3.826036,5,0,5
0,0,0,0,0,0,0,4.901777,6,0,4
0,0,0,0,0,0,0,4.733957,5,0,5
0,0,0,0,0,0,0,4.605806,7,0,5
0,0,0,0,0,0,0,4.67459,5,0,4
0,0,0,0,0,0,0,3.591393,4,0,6
0,0,0,0,0,0,0,4.817254,6,0,5
0,0,0,0,0,0,0,3.994256,5,0,5
0,0,0,0,0,0,0,4.495304,4,0,4
0,0,0,0,0,0,0,4.629501,4,0,4
0,0,0,0,0,0,0,3.945209,4,0,3
0,0,0,0,0,0,0,3.645345,4,0,4
0,0,0,0,0,0,0,5.327671,4,0,3
0,0,0,0,0,0,0,3.476474,3,0,4
0,0,0,0,0,0,0,5.15644,7,0,7
0,0,0,0,0,0,0,5.322763,7,0,6
0,0,0,0,0,0,0,5.338947,7,0,6
0,0,0,0,0,0,0,4.933056,6,0,7
#ALGO Details#
Best Algo splitMode:30
SplitMode:totalANDSplits
100:6
10:20
10:15
10:20
30:20
30:18
30:14
0:26