NOK
20.464008
186
Boogie Dump Took : 6.456697
0.000494
0.411717
0.0747972043010753
0,0,0,0,0,0,0,5.360005,1,0,4
0,0,0,0,0,0,0,7.578562,3,0,2
0,0,0,0,0,0,0,7.74784,2,0,1
0,0,0,0,0,0,0,8.278625,2,0,1
0,0,0,0,0,0,0,9.588543,5,0,4
0,0,0,0,0,0,0,8.137961,5,0,6
0,0,0,0,0,0,0,8.099511,5,0,4
0,0,0,0,0,0,0,9.520204,4,0,4
0,0,0,0,0,0,0,9.400097,7,0,7
0,0,0,0,0,0,0,9.66585,8,0,7
0,0,0,0,0,0,0,7.905076,7,0,7
0,0,0,0,0,0,0,9.755148,7,0,7
0,0,0,0,0,0,0,8.882897,7,0,7
0,0,0,0,0,0,0,7.56268,6,0,6
0,0,0,0,0,0,0,7.457046,6,0,6
0,0,0,0,0,0,0,11.080411,7,0,6
0,0,0,0,0,0,0,9.999651,4,0,3
0,0,0,0,0,0,0,8.146927,4,0,3
0,0,0,0,0,0,0,8.394648,3,0,4
0,0,0,0,0,0,0,8.732386,3,0,3
0,0,0,0,0,0,0,7.94209,5,0,5
0,0,0,0,0,0,0,8.751744,5,0,5
0,0,0,0,0,0,0,9.640238,5,0,4
0,0,0,0,0,0,0,8.080565,4,0,4
0,0,0,0,0,0,0,6.762543,3,0,4
0,0,0,0,0,0,0,6.906305,3,0,3
0,0,0,0,0,0,0,8.451136,3,0,2
0,0,0,0,0,0,0,6.877965,3,0,2
0,0,0,0,0,0,0,9.351806,14,0,14
0,0,0,0,0,0,0,10.100978,15,0,14
0,0,0,0,0,0,0,9.615536,14,0,14
0,0,0,0,0,0,0,10.048741,14,0,14
#ALGO Details#
Best Algo splitMode:30
SplitMode:totalANDSplits
100:10
10:18
10:28
10:25
30:13
30:18
30:11
0:56