NOK
41.578337
94
Boogie Dump Took : 11.154994
0.000278
18.486408
0.32281964893617
0,0,0,0,0,0,0,0,0,0,1
0,0,0,0,0,0,0,0.819175,1,0,1
0,0,0,0,0,0,0,1.895998,1,0,1
0,0,0,0,0,0,0,27.691286,1,0,0
0,0,0,0,0,0,0,28.406728,4,0,4
0,0,0,0,0,0,0,28.738687,4,0,3
0,0,0,0,0,0,0,28.079515,4,0,4
0,0,0,0,0,0,0,2.939295,3,0,3
0,0,0,0,0,0,0,2.241407,2,0,2
0,0,0,0,0,0,0,2.701208,2,0,2
0,0,0,0,0,0,0,28.29453,3,0,2
0,0,0,0,0,0,0,27.739233,2,0,2
0,0,0,0,0,0,0,3.246232,3,0,3
0,0,0,0,0,0,0,27.820296,4,0,3
0,0,0,0,0,0,0,3.122588,3,0,2
0,0,0,0,0,0,0,2.64985,2,0,3
0,0,0,0,0,0,0,3.575672,4,0,5
0,0,0,0,0,0,0,3.176715,3,0,3
0,0,0,0,0,0,0,28.752119,4,0,3
0,0,0,0,0,0,0,28.423843,4,0,3
0,0,0,0,0,0,0,28.509365,4,0,3
0,0,0,0,0,0,0,3.173416,3,0,3
0,0,0,0,0,0,0,3.654649,3,0,3
0,0,0,0,0,0,0,27.456862,3,0,3
0,0,0,0,0,0,0,27.294439,2,0,1
0,0,0,0,0,0,0,0.779628,1,0,1
0,0,0,0,0,0,0,1.579879,1,0,1
0,0,0,0,0,0,0,2.30506,1,0,1
0,0,0,0,0,0,0,3.869989,5,0,8
0,0,0,0,0,0,0,3.670942,4,0,4
0,0,0,0,0,0,0,5.074535,8,0,4
0,0,0,0,0,0,0,4.715687,5,0,5
#ALGO Details#
Best Algo splitMode:0
SplitMode:totalANDSplits
100:3
10:14
10:8
10:11
30:14
30:12
30:4
0:21