NOK
441.426727
397
Boogie Dump Took : 17.851721
0.000358
7.310758
1.06257217128463
0,0,0,0,0,0,0,120.758083,2,1,2
0,0,0,0,0,0,0,156.733724,3,0,2
0,0,0,0,0,0,0,135.202684,2,1,2
0,0,0,0,0,0,0,94.034839,2,0,3
0,0,0,0,0,0,0,222.379867,9,0,9
0,0,0,0,0,0,0,178.106972,8,0,7
0,0,0,0,0,0,0,210.430553,9,0,8
0,0,0,0,0,0,0,174.533896,7,0,8
0,0,0,0,0,0,0,237.010338,13,0,12
0,0,0,0,0,0,0,262.213859,13,0,13
0,0,0,0,0,0,0,257.301628,13,0,13
0,0,0,0,0,0,0,245.191566,12,0,12
0,0,0,0,0,0,0,274.428387,13,0,11
0,0,0,0,0,0,0,238.268141,14,0,12
0,0,0,0,0,0,0,261.664535,13,0,14
0,0,0,0,0,0,0,209.929557,11,0,13
0,0,0,0,0,0,0,169.112423,10,0,7
0,0,0,0,0,0,0,138.297307,6,0,6
0,0,0,0,0,0,0,117.879047,6,0,8
0,0,0,0,0,0,0,228.086341,8,0,8
0,0,0,0,0,0,0,172.699597,7,0,8
0,0,0,0,0,0,0,180.996354,8,0,8
0,0,0,0,0,0,0,168.179953,8,0,6
0,0,0,0,0,0,0,172.288487,7,0,7
0,0,0,0,0,0,0,200.497971,7,0,5
0,0,0,0,0,0,0,107.200252,5,0,6
0,0,0,0,0,0,0,171.386597,5,0,5
0,0,0,0,0,0,0,142.709414,5,0,5
0,0,0,0,0,0,0,237.205989,42,0,42
0,0,0,0,0,0,0,247.402712,43,0,43
0,0,0,0,0,0,0,241.247425,42,0,42
0,0,0,0,0,0,0,249.404551,42,0,41
#ALGO Details#
Best Algo splitMode:30
SplitMode:totalANDSplits
100:11
10:32
10:50
10:50
30:29
30:29
30:21
0:168