NOK
97.433939
250
Boogie Dump Took : 58.440652
0.000297
2.740055
0.152784228
0,0,0,0,0,0,0,30.63178,2,0,2
0,0,0,0,0,0,0,18.101867,2,0,2
0,0,0,0,0,0,0,19.567792,2,0,2
0,0,0,0,0,0,0,26.156136,2,0,2
0,0,0,0,0,0,0,9.133258,9,0,9
0,0,0,0,0,0,0,9.488314,11,0,7
0,0,0,0,0,0,0,9.575567,8,0,10
0,0,0,0,0,0,0,8.813877,6,0,7
0,0,0,0,0,0,0,10.901873,11,0,9
0,0,0,0,0,0,0,9.255824,7,0,8
0,0,0,0,0,0,0,6.943198,10,0,10
0,0,0,0,0,0,0,11.561604,5,0,5
0,0,0,0,0,0,0,8.965154,11,0,11
0,0,0,0,0,0,0,18.500388,14,0,13
0,0,0,0,0,0,0,10.024371,11,1,9
0,0,0,0,0,0,0,5.32019,10,0,12
0,0,0,0,0,0,0,26.091134,5,0,5
0,0,0,0,0,0,0,13.333951,4,0,5
0,0,0,0,0,0,0,14.817106,6,0,5
0,0,0,0,0,0,0,31.222779,5,0,4
0,0,0,0,0,0,0,18.665726,10,0,8
0,0,0,0,0,0,0,22.664101,9,0,7
0,0,0,0,0,0,0,9.75234,5,0,7
0,0,0,0,0,0,0,19.309689,5,0,6
0,0,0,0,0,0,0,27.622092,7,0,6
0,0,0,0,0,0,0,20.851079,6,0,7
0,0,0,0,0,0,0,21.792407,6,0,6
0,0,0,0,0,0,0,20.362566,5,0,4
0,0,0,0,0,0,0,6.039297,18,0,15
0,0,0,0,0,0,0,3.227882,8,1,8
0,0,0,0,0,0,0,3.992062,10,1,11
0,0,0,0,0,0,0,6.486683,15,1,16
#ALGO Details#
Best Algo splitMode:0
SplitMode:totalANDSplits
100:8
10:33
10:32
10:46
30:19
30:28
30:23
0:54