TIMEDOUT
3600
103
Boogie Dump Took : 269.629172
0,0,0,0,0,0,0,0,0,0,1
0,0,0,0,0,0,0,3.685832,1,0,1
0,0,0,0,0,0,0,12.777351,1,0,0
0,0,0,0,0,0,0,0,0,0,0
0,0,0,0,0,0,0,14.776143,2,0,2
0,0,0,0,0,0,0,20.952346,2,0,1
0,0,0,0,0,0,0,2.898848,1,0,1
0,0,0,0,0,0,0,9.322191,1,0,1
0,0,0,0,0,0,0,23.239646,4,0,4
0,0,0,0,0,0,0,27.443936,4,0,3
0,0,0,0,0,0,0,17.978943,3,0,3
0,0,0,0,0,0,0,24.130669,3,0,3
0,0,0,0,0,0,0,28.014911,6,0,6
0,0,0,0,0,0,0,36.416658,7,0,6
0,0,0,0,0,0,0,26.556698,6,0,6
0,0,0,0,0,0,0,33.350653,6,0,6
0,0,0,0,0,0,0,24.144242,3,0,3
0,0,0,0,0,0,0,27.871008,3,0,3
0,0,0,0,0,0,0,31.279549,3,0,3
0,0,0,0,0,0,0,30.003551,3,0,2
0,0,0,0,0,0,0,0.000298,1,0,1
0,0,0,0,0,0,0,3.312925,1,0,1
0,0,0,0,0,0,0,9.135678,1,0,0
0,0,0,0,0,0,0,0,0,0,0
0,0,0,0,0,0,0,9.250793,2,0,2
0,0,0,0,0,0,0,15.937642,2,0,2
0,0,0,0,0,0,0,21.907997,2,0,1
0,0,0,0,0,0,0,3.476763,1,0,1
0,0,0,0,0,0,0,42.74353,9,0,9
0,0,0,0,0,0,0,45.247208,9,0,8
0,0,0,0,0,0,0,37.384693,8,0,8
0,0,0,0,0,0,0,39.882684,8,0,8
#ALGO Details#
Best Algo splitMode:-1
SplitMode:totalANDSplits
100:2
10:5
10:13
10:24
30:11
30:2
30:6
0:33