NOK
51.247988
640
Boogie Dump Took : 6.244389
0.000324
1.317285
0.069479134375
0,0,0,0,0,0,0,22.177887,12,0,14
0,0,0,0,0,0,0,21.891676,14,0,14
0,0,0,0,0,0,0,21.587914,16,0,15
0,0,0,0,0,0,0,23.104289,15,0,14
0,0,0,0,0,0,0,8.645708,14,0,14
0,0,0,0,0,0,0,15.03677,25,0,20
0,0,0,0,0,0,0,10.860159,15,0,17
0,0,0,0,0,0,0,11.254363,19,0,21
0,0,0,0,0,0,0,12.431351,27,0,26
0,0,0,0,0,0,0,12.72306,26,0,24
0,0,0,0,0,0,0,10.003557,23,0,24
0,0,0,0,0,0,0,12.052263,23,0,24
0,0,0,0,0,0,0,6.744458,14,2,12
0,0,0,0,0,0,0,7.878378,19,0,21
0,0,0,0,0,0,0,14.178107,24,0,22
0,0,0,0,0,0,0,9.979768,22,0,23
0,0,0,0,0,0,0,10.756419,24,0,23
0,0,0,0,0,0,0,10.988423,25,0,26
0,0,0,0,0,0,0,12.692893,24,0,23
0,0,0,0,0,0,0,9.494373,20,0,20
0,0,0,0,0,0,0,9.451884,16,0,14
0,0,0,0,0,0,0,11.946442,17,0,16
0,0,0,0,0,0,0,7.364406,10,1,12
0,0,0,0,0,0,0,10.162675,16,0,16
0,0,0,0,0,0,0,8.326688,13,0,16
0,0,0,0,0,0,0,12.848655,18,0,17
0,0,0,0,0,0,0,10.399404,19,0,16
0,0,0,0,0,0,0,13.215908,17,1,17
0,0,0,0,0,0,0,14.80072,28,0,30
0,0,0,0,0,0,0,15.68415,27,0,25
0,0,0,0,0,0,0,9.150243,24,1,25
0,0,0,0,0,0,0,14.470761,27,1,25
#ALGO Details#
Best Algo splitMode:10
SplitMode:totalANDSplits
100:57
10:72
10:98
10:80
30:92
30:59
30:67
0:108