TIMEDOUT
3600
174
Boogie Dump Took : 270.138204
0,0,0,0,0,0,0,0,0,0,1
0,0,0,0,0,0,0,9.384904,1,0,1
0,0,0,0,0,0,0,29.824466,1,0,0
0,0,0,0,0,0,0,0,0,0,0
0,0,0,0,0,0,0,12.246743,3,0,3
0,0,0,0,0,0,0,13.301546,3,0,3
0,0,0,0,0,0,0,22.271412,3,0,3
0,0,0,0,0,0,0,33.986789,3,0,2
0,0,0,0,0,0,0,27.502765,2,0,2
0,0,0,0,0,0,0,40.26575,2,0,1
0,0,0,0,0,0,0,6.126216,1,0,1
0,0,0,0,0,0,0,16.915643,1,0,1
0,0,0,0,0,0,0,23.084429,4,0,3
0,0,0,0,0,0,0,12.414828,3,0,3
0,0,0,0,0,0,0,13.582297,3,0,3
0,0,0,0,0,0,0,14.457741,3,0,3
0,0,0,0,0,0,0,62.767751,4,0,4
0,0,0,0,0,0,0,75.705285,4,0,3
0,0,0,0,0,0,0,67.170611,3,0,3
0,0,0,0,0,0,0,59.784329,3,0,3
0,0,0,0,0,0,0,72.294087,4,0,4
0,0,0,0,0,0,0,71.981724,4,0,3
0,0,0,0,0,0,0,54.845164,3,0,3
0,0,0,0,0,0,0,65.807434,3,0,3
0,0,0,0,0,0,0,9.281318,2,0,2
0,0,0,0,0,0,0,10.201327,2,0,2
0,0,0,0,0,0,0,18.942984,2,0,2
0,0,0,0,0,0,0,30.760448,2,0,1
0,0,0,0,0,0,0,741.430795,26,0,25
0,0,0,0,0,0,0,739.403662,26,0,25
0,0,0,0,0,0,0,748.543481,25,0,27
0,0,0,0,0,0,0,728.721579,25,2,24
#ALGO Details#
Best Algo splitMode:-1
SplitMode:totalANDSplits
100:2
10:11
10:5
10:12
30:13
30:13
30:7
0:104