NOK
74.525033
531
Boogie Dump Took : 6.833106
0.000267
5.733509
0.126495711864407
0,0,0,0,0,0,0,17.14104,16,0,15
0,0,0,0,0,0,0,12.201275,12,0,15
0,0,0,0,0,0,0,16.386659,17,0,16
0,0,0,0,0,0,0,19.995716,16,1,15
0,0,0,0,0,0,0,14.004236,15,0,16
0,0,0,0,0,0,0,8.595144,19,1,16
0,0,0,0,0,0,0,16.63107,17,0,17
0,0,0,0,0,0,0,8.437237,18,1,19
0,0,0,0,0,0,0,11.212788,24,1,23
0,0,0,0,0,0,0,9.666657,21,0,19
0,0,0,0,0,0,0,9.469891,18,0,21
0,0,0,0,0,0,0,8.607938,19,1,18
0,0,0,0,0,0,0,5.112439,14,1,13
0,0,0,0,0,0,0,4.726727,12,2,15
0,0,0,0,0,0,0,5.088459,17,0,14
0,0,0,0,0,0,0,5.211643,15,2,15
0,0,0,0,0,0,0,5.701553,9,2,10
0,0,0,0,0,0,0,6.148213,15,1,13
0,0,0,0,0,0,0,5.178402,13,1,14
0,0,0,0,0,0,0,8.463206,15,1,14
0,0,0,0,0,0,0,8.412599,16,0,15
0,0,0,0,0,0,0,7.912851,17,0,16
0,0,0,0,0,0,0,8.20001,16,1,16
0,0,0,0,0,0,0,9.350461,16,2,17
0,0,0,0,0,0,0,6.834523,15,1,16
0,0,0,0,0,0,0,8.060722,19,0,17
0,0,0,0,0,0,0,6.792557,14,1,14
0,0,0,0,0,0,0,6.575809,17,2,17
0,0,0,0,0,0,0,3.487786,10,3,10
0,0,0,0,0,0,0,11.238058,11,1,10
0,0,0,0,0,0,0,4.686239,10,1,10
0,0,0,0,0,0,0,10.074556,10,0,10
#ALGO Details#
Best Algo splitMode:10
SplitMode:totalANDSplits
100:63
10:70
10:86
10:64
30:56
30:69
30:70
0:46