NOK
1144.972435
500
Boogie Dump Took : 747.081451
0.000152
7.461373
0.787909714
0,0,0,0,0,0,0,34.07023,3,0,5
0,0,0,0,0,0,0,47.788226,5,1,4
0,0,0,0,0,0,0,48.69039,5,0,4
0,0,0,0,0,0,0,47.662153,4,0,4
0,0,0,0,0,0,0,10.844161,12,4,11
0,0,0,0,0,0,0,10.998108,14,7,16
0,0,0,0,0,0,0,10.229715,15,2,14
0,0,0,0,0,0,0,14.172531,16,6,15
0,0,0,0,0,0,0,25.068064,5,8,7
0,0,0,0,0,0,0,29.618402,8,7,8
0,0,0,0,0,0,0,15.740258,7,3,6
0,0,0,0,0,0,0,9.674109,7,3,5
0,0,0,0,0,0,0,3.671196,5,8,7
0,0,0,0,0,0,0,3.116654,5,4,7
0,0,0,0,0,0,0,16.370648,9,2,6
0,0,0,0,0,0,0,6.624793,5,4,3
0,0,0,0,0,0,0,17.130939,8,1,8
0,0,0,0,0,0,0,39.453473,9,1,9
0,0,0,0,0,0,0,51.377134,9,1,8
0,0,0,0,0,0,0,38.008068,7,3,7
0,0,0,0,0,0,0,16.050436,7,3,5
0,0,0,0,0,0,0,26.537667,7,0,5
0,0,0,0,0,0,0,34.731109,5,5,8
0,0,0,0,0,0,0,25.761803,5,0,5
0,0,0,0,0,0,0,35.135853,9,1,9
0,0,0,0,0,0,0,26.672915,8,2,9
0,0,0,0,0,0,0,25.861319,10,1,10
0,0,0,0,0,0,0,15.096806,11,1,9
0,0,0,0,0,0,0,8.913897,11,3,8
0,0,0,0,0,0,0,9.460354,10,4,9
0,0,0,0,0,0,0,9.358333,7,4,8
0,0,0,0,0,0,0,3.083334,4,6,6
#ALGO Details#
Best Algo splitMode:30
SplitMode:totalANDSplits
100:21
10:108
10:75
10:69
30:50
30:37
30:55
0:78