NOK
8.735222
42
Boogie Dump Took : 6.580573
0.000293
0.31184
0.0493735952380952
0,0,0,0,0,0,0,0,0,0,1
0,0,0,0,0,0,0,0.731541,1,0,1
0,0,0,0,0,0,0,1.376327,1,0,0
0,0,0,0,0,0,0,0,0,0,0
0,0,0,0,0,0,0,1.507142,3,0,2
0,0,0,0,0,0,0,1.360793,2,0,2
0,0,0,0,0,0,0,1.279586,2,0,2
0,0,0,0,0,0,0,1.517441,2,0,2
0,0,0,0,0,0,0,0.226477,1,0,1
0,0,0,0,0,0,0,0.802887,1,0,1
0,0,0,0,0,0,0,1.472688,1,0,0
0,0,0,0,0,0,0,0,0,0,0
0,0,0,0,0,0,0,1.428176,2,0,1
0,0,0,0,0,0,0,0.878289,1,0,1
0,0,0,0,0,0,0,1.196179,1,0,1
0,0,0,0,0,0,0,0.553742,1,0,1
0,0,0,0,0,0,0,0.550247,1,0,1
0,0,0,0,0,0,0,0.85765,1,0,1
0,0,0,0,0,0,0,1.567263,2,0,1
0,0,0,0,0,0,0,1.48874,1,0,1
0,0,0,0,0,0,0,0.680852,1,0,1
0,0,0,0,0,0,0,0.206688,1,0,1
0,0,0,0,0,0,0,1.636592,1,0,0
0,0,0,0,0,0,0,1.027487,1,0,1
0,0,0,0,0,0,0,1.639372,2,0,1
0,0,0,0,0,0,0,0.528129,1,0,1
0,0,0,0,0,0,0,1.159264,1,0,1
0,0,0,0,0,0,0,1.553556,1,0,1
0,0,0,0,0,0,0,1.488036,3,0,2
0,0,0,0,0,0,0,1.248014,2,0,2
0,0,0,0,0,0,0,1.369024,2,0,2
0,0,0,0,0,0,0,1.45686,2,0,2
#ALGO Details#
Best Algo splitMode:100
SplitMode:totalANDSplits
100:2
10:8
10:2
10:4
30:4
30:3
30:4
0:8