NOK
88.961596
81
Boogie Dump Took : 41.933168
0.000334
0.352565
0.0900021481481482
0,0,0,0,0,0,0,0,0,0,1
0,0,0,0,0,0,0,3.34289,1,0,0
0,0,0,0,0,0,0,2.046371,1,0,1
0,0,0,0,0,0,0,0,0,0,0
0,0,0,0,0,0,0,3.192474,4,0,4
0,0,0,0,0,0,0,3.535257,4,0,3
0,0,0,0,0,0,0,2.056883,2,0,2
0,0,0,0,0,0,0,3.122584,3,0,3
0,0,0,0,0,0,0,2.645388,2,0,2
0,0,0,0,0,0,0,3.43531,3,0,2
0,0,0,0,0,0,0,3.358163,2,0,2
0,0,0,0,0,0,0,2.330769,1,0,1
0,0,0,0,0,0,0,3.372807,5,0,5
0,0,0,0,0,0,0,3.741145,5,0,4
0,0,0,0,0,0,0,1.946846,2,0,2
0,0,0,0,0,0,0,2.723826,3,0,3
0,0,0,0,0,0,0,3.322042,2,0,2
0,0,0,0,0,0,0,1.138942,2,0,2
0,0,0,0,0,0,0,3.872968,2,0,1
0,0,0,0,0,0,0,2.129102,1,0,1
0,0,0,0,0,0,0,3.229889,2,0,2
0,0,0,0,0,0,0,5.495637,4,0,3
0,0,0,0,0,0,0,3.437039,3,0,3
0,0,0,0,0,0,0,5.096857,3,0,3
0,0,0,0,0,0,0,3.230696,2,0,2
0,0,0,0,0,0,0,3.791202,2,0,2
0,0,0,0,0,0,0,3.613216,2,0,1
0,0,0,0,0,0,0,2.590339,1,0,1
0,0,0,0,0,0,0,2.575994,4,0,4
0,0,0,0,0,0,0,3.714232,5,0,5
0,0,0,0,0,0,0,4.760184,6,0,5
0,0,0,0,0,0,0,2.306782,2,0,2
#ALGO Details#
Best Algo splitMode:10
SplitMode:totalANDSplits
100:2
10:12
10:7
10:14
30:6
30:11
30:6
0:16