NOK
7.445594
55
Boogie Dump Took : 4.468947
0.0003
0.287275
0.0518295090909091
0,0,0,0,0,0,0,0,0,0,1
0,0,0,0,0,0,0,0.494592,1,0,1
0,0,0,0,0,0,0,1.488638,1,0,0
0,0,0,0,0,0,0,1.108944,1,0,1
0,0,0,0,0,0,0,1.482305,1,0,1
0,0,0,0,0,0,0,2.400562,1,0,1
0,0,0,0,0,0,0,1.490341,2,0,1
0,0,0,0,0,0,0,2.019349,1,0,1
0,0,0,0,0,0,0,1.862658,1,0,1
0,0,0,0,0,0,0,1.294358,2,0,2
0,0,0,0,0,0,0,1.216029,1,0,1
0,0,0,0,0,0,0,2.443312,2,0,1
0,0,0,0,0,0,0,1.29139,2,0,3
0,0,0,0,0,0,0,1.916745,4,0,3
0,0,0,0,0,0,0,1.550844,3,0,2
0,0,0,0,0,0,0,1.8868,3,0,3
0,0,0,0,0,0,0,1.869644,1,0,1
0,0,0,0,0,0,0,2.215408,1,0,1
0,0,0,0,0,0,0,1.21131,2,0,2
0,0,0,0,0,0,0,2.481791,2,0,1
0,0,0,0,0,0,0,1.455152,1,0,0
0,0,0,0,0,0,0,0.83672,2,0,2
0,0,0,0,0,0,0,1.851336,2,0,2
0,0,0,0,0,0,0,0.902723,1,0,1
0,0,0,0,0,0,0,0.898618,1,0,1
0,0,0,0,0,0,0,2.143164,2,0,1
0,0,0,0,0,0,0,0.576294,1,0,1
0,0,0,0,0,0,0,2.05008,1,0,1
0,0,0,0,0,0,0,1.091077,3,0,4
0,0,0,0,0,0,0,1.543106,5,0,3
0,0,0,0,0,0,0,1.135205,2,0,3
0,0,0,0,0,0,0,0.470981,2,0,1
#ALGO Details#
Best Algo splitMode:0
SplitMode:totalANDSplits
100:3
10:4
10:5
10:11
30:5
30:5
30:4
0:11