NOK
53.326106
119
Boogie Dump Took : 19.918049
0.000148
1.687922
0.27944431092437
0,0,0,0,0,0,0,21.364605,2,0,2
0,0,0,0,0,0,0,15.545944,2,0,2
0,0,0,0,0,0,0,13.854848,2,0,3
0,0,0,0,0,0,0,18.729947,2,0,1
0,0,0,0,0,0,0,16.71529,3,0,4
0,0,0,0,0,0,0,14.794036,3,0,3
0,0,0,0,0,0,0,16.530476,4,0,2
0,0,0,0,0,0,0,16.892166,3,0,3
0,0,0,0,0,0,0,15.036803,3,0,4
0,0,0,0,0,0,0,19.187772,3,0,2
0,0,0,0,0,0,0,17.225475,3,0,3
0,0,0,0,0,0,0,20.482947,3,0,2
0,0,0,0,0,0,0,14.786188,3,0,3
0,0,0,0,0,0,0,16.274972,3,0,3
0,0,0,0,0,0,0,19.246532,3,0,2
0,0,0,0,0,0,0,17.594546,3,0,3
0,0,0,0,0,0,0,21.028109,10,0,10
0,0,0,0,0,0,0,22.94202,10,0,10
0,0,0,0,0,0,0,24.347602,10,0,10
0,0,0,0,0,0,0,24.933277,10,0,9
0,0,0,0,0,0,0,16.417006,3,0,4
0,0,0,0,0,0,0,20.008067,4,0,3
0,0,0,0,0,0,0,21.980051,3,0,2
0,0,0,0,0,0,0,17.882237,3,0,3
0,0,0,0,0,0,0,12.681399,3,0,3
0,0,0,0,0,0,0,18.714938,3,0,2
0,0,0,0,0,0,0,20.250887,3,0,3
0,0,0,0,0,0,0,15.57662,2,0,2
0,0,0,0,0,0,0,19.815905,3,0,2
0,0,0,0,0,0,0,22.14304,3,0,2
0,0,0,0,0,0,0,14.548655,2,0,3
0,0,0,0,0,0,0,15.924637,2,0,2
#ALGO Details#
Best Algo splitMode:100
SplitMode:totalANDSplits
100:8
50:12
50:11
50:11
0:39
70:12
70:10
70:9