NOK
107.179166
94
Boogie Dump Took : 83.61226
0.000551
1.863462
0.246478765957447
0,0,0,0,0,0,0,12.860238,1,0,2
0,0,0,0,0,0,0,14.30962,2,0,2
0,0,0,0,0,0,0,12.492441,2,0,2
0,0,0,0,0,0,0,15.167041,2,0,1
0,0,0,0,0,0,0,14.125963,3,0,2
0,0,0,0,0,0,0,10.743782,2,0,2
0,0,0,0,0,0,0,10.41719,2,0,2
0,0,0,0,0,0,0,12.637466,2,0,2
0,0,0,0,0,0,0,15.957328,3,0,2
0,0,0,0,0,0,0,9.14175,2,0,3
0,0,0,0,0,0,0,13.985628,2,0,2
0,0,0,0,0,0,0,19.424135,2,0,1
0,0,0,0,0,0,0,9.421355,3,0,3
0,0,0,0,0,0,0,11.153979,3,0,3
0,0,0,0,0,0,0,13.306631,3,0,3
0,0,0,0,0,0,0,12.925726,3,0,2
0,0,0,0,0,0,0,15.913756,8,0,8
0,0,0,0,0,0,0,14.926703,8,0,9
0,0,0,0,0,0,0,12.021383,9,0,8
0,0,0,0,0,0,0,16.499733,8,0,7
0,0,0,0,0,0,0,10.906702,3,0,2
0,0,0,0,0,0,0,9.126389,2,0,2
0,0,0,0,0,0,0,10.727169,2,0,3
0,0,0,0,0,0,0,11.468219,2,0,1
0,0,0,0,0,0,0,10.657914,2,0,2
0,0,0,0,0,0,0,11.900747,2,0,2
0,0,0,0,0,0,0,7.467356,2,0,2
0,0,0,0,0,0,0,14.363163,2,0,1
0,0,0,0,0,0,0,12.509326,2,0,2
0,0,0,0,0,0,0,16.848305,2,0,1
0,0,0,0,0,0,0,15.263898,2,0,1
0,0,0,0,0,0,0,8.206793,1,0,2
#ALGO Details#
Best Algo splitMode:50
SplitMode:totalANDSplits
100:7
50:8
50:8
50:11
0:32
70:8
70:7
70:6