NOK
22.053137
107
Boogie Dump Took : 8.481879
0.000395
0.492286
0.124419953271028
0,0,0,0,0,0,0,9.190234,2,0,2
0,0,0,0,0,0,0,7.383166,3,0,4
0,0,0,0,0,0,0,9.59661,2,0,1
0,0,0,0,0,0,0,8.657333,2,0,2
0,0,0,0,0,0,0,8.169835,2,0,3
0,0,0,0,0,0,0,8.228189,3,0,2
0,0,0,0,0,0,0,9.605234,3,0,2
0,0,0,0,0,0,0,8.694514,2,0,2
0,0,0,0,0,0,0,9.045303,4,0,3
0,0,0,0,0,0,0,7.317638,3,0,4
0,0,0,0,0,0,0,8.762592,4,0,3
0,0,0,0,0,0,0,8.155249,4,0,4
0,0,0,0,0,0,0,9.371784,3,0,3
0,0,0,0,0,0,0,9.480583,3,0,2
0,0,0,0,0,0,0,8.257803,3,0,4
0,0,0,0,0,0,0,9.353706,3,0,2
0,0,0,0,0,0,0,8.726997,7,0,7
0,0,0,0,0,0,0,9.402643,7,0,7
0,0,0,0,0,0,0,9.839511,7,0,7
0,0,0,0,0,0,0,9.896823,7,0,6
0,0,0,0,0,0,0,9.781798,3,0,2
0,0,0,0,0,0,0,8.496963,4,0,3
0,0,0,0,0,0,0,7.370224,3,0,4
0,0,0,0,0,0,0,8.085176,2,0,2
0,0,0,0,0,0,0,9.033602,3,0,3
0,0,0,0,0,0,0,8.432442,3,0,2
0,0,0,0,0,0,0,6.107153,3,0,4
0,0,0,0,0,0,0,8.170703,2,0,1
0,0,0,0,0,0,0,8.641764,3,0,2
0,0,0,0,0,0,0,8.394732,3,0,3
0,0,0,0,0,0,0,7.633466,2,0,2
0,0,0,0,0,0,0,7.732169,2,0,2
#ALGO Details#
Best Algo splitMode:70
SplitMode:totalANDSplits
100:9
50:9
50:14
50:11
0:27
70:11
70:10
70:9