NOK
1526.240622
149
Boogie Dump Took : 91.308008
0.001648
465.530339
9.44852488590604
0,0,0,0,0,0,0,1167.893086,1,0,1
0,0,0,0,0,0,0,1279.404876,2,0,1
0,0,0,0,0,0,0,11.93415,1,0,2
0,0,0,0,0,0,0,591.330357,1,0,1
0,0,0,0,0,0,0,672.122211,3,0,4
0,0,0,0,0,0,0,1154.681496,3,0,2
0,0,0,0,0,0,0,1257.849769,4,0,3
0,0,0,0,0,0,0,49.552137,3,0,3
0,0,0,0,0,0,0,1157.903964,5,0,4
0,0,0,0,0,0,0,637.746713,5,0,5
0,0,0,0,0,0,0,645.560017,5,0,4
0,0,0,0,0,0,0,646.872921,2,0,3
0,0,0,0,0,0,0,610.062795,3,0,2
0,0,0,0,0,0,0,587.818116,2,0,2
0,0,0,0,0,0,0,1173.841572,2,0,2
0,0,0,0,0,0,0,1179.016602,2,0,2
0,0,0,0,0,0,0,623.238945,20,14,17
0,0,0,0,0,0,0,77.548256,17,0,16
0,0,0,0,0,0,0,622.29876,18,0,17
0,0,0,0,0,0,0,55.806596,12,1,16
0,0,0,0,0,0,0,1187.765114,2,0,1
0,0,0,0,0,0,0,5.551753,1,0,1
0,0,0,0,0,0,0,1.172752,1,0,1
0,0,0,0,0,0,0,590.453392,1,0,1
0,0,0,0,0,0,0,1178.945575,2,0,1
0,0,0,0,0,0,0,11.448396,1,0,2
0,0,0,0,0,0,0,1219.556002,2,0,1
0,0,0,0,0,0,0,591.343167,1,0,1
0,0,0,0,0,0,0,1164.753306,2,0,1
0,0,0,0,0,0,0,3.75827,1,0,1
0,0,0,0,0,0,0,9.107888,1,0,1
0,0,0,0,0,0,0,587.313929,1,0,1
#ALGO Details#
Best Algo splitMode:0
SplitMode:totalANDSplits
100:5
50:12
50:16
50:8
0:88
70:4
70:5
70:4