NOK
43.72697
66
Boogie Dump Took : 35.110219
0.000385
0.367154
0.124083560606061
0,0,0,0,0,0,0,7.132603,1,0,1
0,0,0,0,0,0,0,0.922533,1,0,1
0,0,0,0,0,0,0,2.474299,1,0,2
0,0,0,0,0,0,0,5.539936,1,0,0
0,0,0,0,0,0,0,2.431912,2,0,2
0,0,0,0,0,0,0,5.860948,2,0,2
0,0,0,0,0,0,0,5.248776,2,0,2
0,0,0,0,0,0,0,5.3626,2,0,1
0,0,0,0,0,0,0,4.64741,2,0,1
0,0,0,0,0,0,0,5.460053,3,0,2
0,0,0,0,0,0,0,3.16798,1,0,2
0,0,0,0,0,0,0,3.755859,2,0,2
0,0,0,0,0,0,0,4.894874,2,0,2
0,0,0,0,0,0,0,5.644258,2,0,2
0,0,0,0,0,0,0,2.192648,1,0,1
0,0,0,0,0,0,0,5.206371,2,0,1
0,0,0,0,0,0,0,4.364362,6,0,6
0,0,0,0,0,0,0,4.136191,6,0,6
0,0,0,0,0,0,0,3.767553,4,0,4
0,0,0,0,0,0,0,4.645387,6,0,5
0,0,0,0,0,0,0,6.210874,2,0,1
0,0,0,0,0,0,0,0.759997,1,0,1
0,0,0,0,0,0,0,2.524411,1,0,1
0,0,0,0,0,0,0,5.887178,1,0,1
0,0,0,0,0,0,0,5.724203,2,0,2
0,0,0,0,0,0,0,5.843248,2,0,1
0,0,0,0,0,0,0,2.224297,1,0,1
0,0,0,0,0,0,0,5.43776,1,0,1
0,0,0,0,0,0,0,5.776864,2,0,2
0,0,0,0,0,0,0,5.698875,2,0,1
0,0,0,0,0,0,0,1.944781,1,0,1
0,0,0,0,0,0,0,5.285353,1,0,1
#ALGO Details#
Best Algo splitMode:0
SplitMode:totalANDSplits
100:4
50:7
50:7
50:6
0:21
70:4
70:5
70:5