NOK
136.176805
40
Boogie Dump Took : 122.18007
0.001772
4.589903
0.291186225
0,0,0,0,0,0,0,0,0,0,1
0,0,0,0,0,0,0,0.560688,1,0,1
0,0,0,0,0,0,0,2.127357,1,0,0
0,0,0,0,0,0,0,0,0,0,0
0,0,0,0,0,0,0,0.065192,1,0,1
0,0,0,0,0,0,0,0.438237,1,0,1
0,0,0,0,0,0,0,0.726653,1,0,1
0,0,0,0,0,0,0,1.811013,1,0,0
0,0,0,0,0,0,0,2.284597,2,0,1
0,0,0,0,0,0,0,0.409414,1,0,1
0,0,0,0,0,0,0,1.16751,1,0,1
0,0,0,0,0,0,0,1.705076,1,0,1
0,0,0,0,0,0,0,0.000219,1,0,1
0,0,0,0,0,0,0,0.549228,1,0,1
0,0,0,0,0,0,0,1.37267,1,0,0
0,0,0,0,0,0,0,0,0,0,0
0,0,0,0,0,0,0,2.495496,5,0,5
0,0,0,0,0,0,0,3.045613,4,0,4
0,0,0,0,0,0,0,1.607486,2,0,1
0,0,0,0,0,0,0,2.082826,3,0,3
0,0,0,0,0,0,0,0.0003,1,0,1
0,0,0,0,0,0,0,0.791951,1,0,1
0,0,0,0,0,0,0,2.012407,1,0,0
0,0,0,0,0,0,0,0,0,0,0
0,0,0,0,0,0,0,2.289476,2,0,1
0,0,0,0,0,0,0,1.250688,1,0,1
0,0,0,0,0,0,0,1.622633,1,0,1
0,0,0,0,0,0,0,2.045602,1,0,1
0,0,0,0,0,0,0,0.719886,1,0,1
0,0,0,0,0,0,0,0.000246,1,0,1
0,0,0,0,0,0,0,2.026101,1,0,0
0,0,0,0,0,0,0,0,0,0,0
#ALGO Details#
Best Algo splitMode:100
SplitMode:totalANDSplits
100:2
50:3
50:4
50:2
0:14
70:2
70:4
70:2