NOK
35.711141
39
Boogie Dump Took : 32.46455
0.000933
0.313258
0.0783973589743589
0,0,0,0,0,0,0,0,0,0,1
0,0,0,0,0,0,0,0.703704,1,0,1
0,0,0,0,0,0,0,1.590185,1,0,0
0,0,0,0,0,0,0,0,0,0,0
0,0,0,0,0,0,0,2.100527,2,0,1
0,0,0,0,0,0,0,0.897809,1,0,1
0,0,0,0,0,0,0,2.149878,1,0,1
0,0,0,0,0,0,0,1.558953,1,0,1
0,0,0,0,0,0,0,1.881051,2,0,1
0,0,0,0,0,0,0,0.413341,1,0,1
0,0,0,0,0,0,0,0.748834,1,0,1
0,0,0,0,0,0,0,1.516775,1,0,1
0,0,0,0,0,0,0,0.037519,1,0,1
0,0,0,0,0,0,0,0.712044,1,0,1
0,0,0,0,0,0,0,1.345392,1,0,1
0,0,0,0,0,0,0,1.928992,1,0,0
0,0,0,0,0,0,0,1.869098,4,0,3
0,0,0,0,0,0,0,1.334885,2,0,1
0,0,0,0,0,0,0,1.614583,3,0,3
0,0,0,0,0,0,0,1.684804,3,0,4
0,0,0,0,0,0,0,0.000168,1,0,1
0,0,0,0,0,0,0,1.526663,1,0,0
0,0,0,0,0,0,0,0.684118,1,0,1
0,0,0,0,0,0,0,0,0,0,0
0,0,0,0,0,0,0,2.1383,2,0,1
0,0,0,0,0,0,0,0.306342,1,0,1
0,0,0,0,0,0,0,1.087578,1,0,1
0,0,0,0,0,0,0,1.739316,1,0,1
0,0,0,0,0,0,0,0.00024,1,0,1
0,0,0,0,0,0,0,0.632535,1,0,1
0,0,0,0,0,0,0,1.164071,1,0,0
0,0,0,0,0,0,0,0,0,0,0
#ALGO Details#
Best Algo splitMode:100
SplitMode:totalANDSplits
100:2
50:4
50:4
50:3
0:11
70:2
70:4
70:2