NOK
148.513635
37
Boogie Dump Took : 139.417177
0.001638
1.865327
0.219524054054054
0,0,0,0,0,0,0,0,0,0,1
0,0,0,0,0,0,0,1.561932,1,0,1
0,0,0,0,0,0,0,0,0,0,0
0,0,0,0,0,0,0,4.040087,1,0,0
0,0,0,0,0,0,0,7.331311,2,0,1
0,0,0,0,0,0,0,0.542168,1,0,1
0,0,0,0,0,0,0,1.060235,1,0,1
0,0,0,0,0,0,0,2.422254,1,0,1
0,0,0,0,0,0,0,0.000262,1,0,1
0,0,0,0,0,0,0,1.628953,1,0,1
0,0,0,0,0,0,0,0,0,0,0
0,0,0,0,0,0,0,3.097649,1,0,0
0,0,0,0,0,0,0,0.000388,1,0,1
0,0,0,0,0,0,0,4.32429,2,0,1
0,0,0,0,0,0,0,2.288646,1,0,1
0,0,0,0,0,0,0,3.666288,1,0,1
0,0,0,0,0,0,0,2.453989,3,0,2
0,0,0,0,0,0,0,3.223926,4,0,4
0,0,0,0,0,0,0,3.096006,3,0,3
0,0,0,0,0,0,0,4.03647,3,0,3
0,0,0,0,0,0,0,0.000177,1,0,1
0,0,0,0,0,0,0,1.542985,1,0,1
0,0,0,0,0,0,0,3.029908,1,0,0
0,0,0,0,0,0,0,0,0,0,0
0,0,0,0,0,0,0,0.000418,1,0,1
0,0,0,0,0,0,0,1.312195,1,0,1
0,0,0,0,0,0,0,2.839128,1,0,0
0,0,0,0,0,0,0,0,0,0,0
0,0,0,0,0,0,0,0.000301,1,0,1
0,0,0,0,0,0,0,0.452801,1,0,1
0,0,0,0,0,0,0,1.544782,1,0,0
0,0,0,0,0,0,0,0,0,0,0
#ALGO Details#
Best Algo splitMode:50
SplitMode:totalANDSplits
100:2
50:4
50:2
50:4
0:12
70:2
70:2
70:2