NOK
6.188784
34
Boogie Dump Took : 4.323177
0.001278
0.317813
0.0524023235294118
0,0,0,0,0,0,0,0,0,0,1
0,0,0,0,0,0,0,0.625512,1,0,1
0,0,0,0,0,0,0,1.257717,1,0,0
0,0,0,0,0,0,0,0,0,0,0
0,0,0,0,0,0,0,0.1779,1,0,1
0,0,0,0,0,0,0,1.41418,1,0,0
0,0,0,0,0,0,0,0.779212,1,0,1
0,0,0,0,0,0,0,0,0,0,0
0,0,0,0,0,0,0,0.559698,1,0,1
0,0,0,0,0,0,0,0.167139,1,0,1
0,0,0,0,0,0,0,1.082828,1,0,1
0,0,0,0,0,0,0,1.522495,1,0,0
0,0,0,0,0,0,0,0.747097,1,0,1
0,0,0,0,0,0,0,1.074481,1,0,1
0,0,0,0,0,0,0,1.411761,2,0,1
0,0,0,0,0,0,0,0.459448,1,0,1
0,0,0,0,0,0,0,1.299816,3,0,2
0,0,0,0,0,0,0,1.195809,2,0,2
0,0,0,0,0,0,0,1.238284,2,0,2
0,0,0,0,0,0,0,1.284109,2,0,2
0,0,0,0,0,0,0,0.702668,1,0,1
0,0,0,0,0,0,0,0.151631,1,0,1
0,0,0,0,0,0,0,1.384842,1,0,0
0,0,0,0,0,0,0,0,0,0,0
0,0,0,0,0,0,0,0.515228,1,0,1
0,0,0,0,0,0,0,0.139762,1,0,1
0,0,0,0,0,0,0,0.98176,1,0,1
0,0,0,0,0,0,0,1.621728,1,0,0
0,0,0,0,0,0,0,0.509467,1,0,1
0,0,0,0,0,0,0,0.000194,1,0,1
0,0,0,0,0,0,0,1.290461,1,0,0
0,0,0,0,0,0,0,0.84868,1,0,1
#ALGO Details#
Best Algo splitMode:100
SplitMode:totalANDSplits
100:2
50:2
50:3
50:4
0:8
70:2
70:3
70:3