NOK
88.390138
43
Boogie Dump Took : 48.420832
0.000827
25.07371
0.926849627906977
0,0,0,0,0,0,0,0,0,0,1
0,0,0,0,0,0,0,0.995062,1,0,1
0,0,0,0,0,0,0,3.010075,1,0,0
0,0,0,0,0,0,0,0,0,0,0
0,0,0,0,0,0,0,2.845717,2,0,2
0,0,0,0,0,0,0,4.473923,2,0,1
0,0,0,0,0,0,0,1.47674,1,0,1
0,0,0,0,0,0,0,1.003611,1,0,1
0,0,0,0,0,0,0,0.000236,1,0,1
0,0,0,0,0,0,0,1.040915,1,0,1
0,0,0,0,0,0,0,0,0,0,0
0,0,0,0,0,0,0,3.22955,1,0,0
0,0,0,0,0,0,0,0.000206,1,0,1
0,0,0,0,0,0,0,0.611469,1,0,1
0,0,0,0,0,0,0,2.770956,1,0,1
0,0,0,0,0,0,0,39.472282,1,0,0
0,0,0,0,0,0,0,4.698185,4,1,3
0,0,0,0,0,0,0,4.697073,4,0,3
0,0,0,0,0,0,0,2.523217,2,0,1
0,0,0,0,0,0,0,4.120898,3,0,5
0,0,0,0,0,0,0,0.000175,1,0,1
0,0,0,0,0,0,0,0.961307,1,0,1
0,0,0,0,0,0,0,2.988092,1,0,0
0,0,0,0,0,0,0,0,0,0,0
0,0,0,0,0,0,0,4.821544,2,0,2
0,0,0,0,0,0,0,5.577145,2,0,2
0,0,0,0,0,0,0,6.421132,2,0,1
0,0,0,0,0,0,0,4.084875,1,0,1
0,0,0,0,0,0,0,1.202521,1,0,1
0,0,0,0,0,0,0,0.000327,1,0,1
0,0,0,0,0,0,0,3.314194,1,0,0
0,0,0,0,0,0,0,0,0,0,0
#ALGO Details#
Best Algo splitMode:50
SplitMode:totalANDSplits
100:2
50:5
50:2
50:3
0:14
70:2
70:6
70:2