NOK
44.968949
43
Boogie Dump Took : 39.863869
0.002191
0.632782
0.115166162790698
0,0,0,0,0,0,0,0,0,0,1
0,0,0,0,0,0,0,0.877351,1,0,1
0,0,0,0,0,0,0,3.073513,1,0,1
0,0,0,0,0,0,0,4.576583,1,0,0
0,0,0,0,0,0,0,2.465518,2,0,2
0,0,0,0,0,0,0,3.796032,2,0,1
0,0,0,0,0,0,0,1.513143,1,0,1
0,0,0,0,0,0,0,2.48127,1,0,1
0,0,0,0,0,0,0,0.020778,1,0,1
0,0,0,0,0,0,0,1.043788,1,0,1
0,0,0,0,0,0,0,2.335892,1,0,1
0,0,0,0,0,0,0,4.240932,1,0,0
0,0,0,0,0,0,0,3.04588,2,0,1
0,0,0,0,0,0,0,0.830937,1,0,1
0,0,0,0,0,0,0,1.928374,1,0,1
0,0,0,0,0,0,0,2.4286,1,0,1
0,0,0,0,0,0,0,2.851055,4,0,4
0,0,0,0,0,0,0,3.138247,4,0,3
0,0,0,0,0,0,0,2.022997,2,0,3
0,0,0,0,0,0,0,2.422182,3,0,2
0,0,0,0,0,0,0,1.872423,1,0,0
0,0,0,0,0,0,0,0.000257,1,0,1
0,0,0,0,0,0,0,1.054356,1,0,1
0,0,0,0,0,0,0,1.92645,1,0,1
0,0,0,0,0,0,0,0.586234,1,0,1
0,0,0,0,0,0,0,0.000261,1,0,1
0,0,0,0,0,0,0,3.32413,1,0,0
0,0,0,0,0,0,0,1.470341,1,0,1
0,0,0,0,0,0,0,0.000504,1,0,1
0,0,0,0,0,0,0,0.8458,1,0,1
0,0,0,0,0,0,0,1.439635,1,0,1
0,0,0,0,0,0,0,3.254555,1,0,0
#ALGO Details#
Best Algo splitMode:0
SplitMode:totalANDSplits
100:3
50:5
50:3
50:4
0:12
70:3
70:3
70:3