NOK
100.29358
27
Boogie Dump Took : 93.287734
0.001668
1.334362
0.244032851851852
0,0,0,0,0,0,0,0,0,0,0
0,0,0,0,0,0,0,0,0,0,0
0,0,0,0,0,0,0,0,0,0,0
0,0,0,0,0,0,0,0,0,0,0
0,0,0,0,0,0,0,0.0006,1,0,1
0,0,0,0,0,0,0,0,0,0,0
0,0,0,0,0,0,0,2.745229,1,0,1
0,0,0,0,0,0,0,4.083061,1,0,0
0,0,0,0,0,0,0,0.00033,1,0,1
0,0,0,0,0,0,0,1.234256,1,0,1
0,0,0,0,0,0,0,3.277693,1,0,1
0,0,0,0,0,0,0,5.645908,1,0,0
0,0,0,0,0,0,0,0.000233,1,0,1
0,0,0,0,0,0,0,4.075267,1,0,0
0,0,0,0,0,0,0,1.669404,1,0,1
0,0,0,0,0,0,0,0,0,0,0
0,0,0,0,0,0,0,3.191667,2,0,2
0,0,0,0,0,0,0,4.07619,2,0,2
0,0,0,0,0,0,0,3.237395,2,0,1
0,0,0,0,0,0,0,3.566764,2,0,2
0,0,0,0,0,0,0,0.005975,1,0,1
0,0,0,0,0,0,0,2.06803,1,0,1
0,0,0,0,0,0,0,4.388664,1,0,0
0,0,0,0,0,0,0,0,0,0,0
0,0,0,0,0,0,0,0.00024,1,0,1
0,0,0,0,0,0,0,1.53198,1,0,1
0,0,0,0,0,0,0,4.167103,1,0,0
0,0,0,0,0,0,0,0,0,0,0
0,0,0,0,0,0,0,0,0,0,0
0,0,0,0,0,0,0,0.000246,1,0,1
0,0,0,0,0,0,0,1.856652,1,0,1
0,0,0,0,0,0,0,4.344112,1,0,0
#ALGO Details#
Best Algo splitMode:0
SplitMode:totalANDSplits
100:0
50:2
50:3
50:2
0:7
70:2
70:2
70:2