NOK
15.944135
26
Boogie Dump Took : 11.534876
0.001473
0.933261
0.162351615384615
0,0,0,0,0,0,0,0.922896,1,0,1
0,0,0,0,0,0,0,3.281693,1,0,1
0,0,0,0,0,0,0,1.863819,1,0,2
0,0,0,0,0,0,0,3.043915,1,0,0
0,0,0,0,0,0,0,2.965506,1,0,1
0,0,0,0,0,0,0,1.41666,1,0,1
0,0,0,0,0,0,0,3.995037,1,0,0
0,0,0,0,0,0,0,2.180504,1,0,1
0,0,0,0,0,0,0,1.360813,1,0,1
0,0,0,0,0,0,0,2.329861,1,0,1
0,0,0,0,0,0,0,3.615239,1,0,0
0,0,0,0,0,0,0,0,0,0,0
0,0,0,0,0,0,0,2.05246,1,0,1
0,0,0,0,0,0,0,1.29796,1,0,1
0,0,0,0,0,0,0,0,0,0,0
0,0,0,0,0,0,0,3.630529,1,0,0
0,0,0,0,0,0,0,1.280229,1,0,1
0,0,0,0,0,0,0,3.561674,1,0,0
0,0,0,0,0,0,0,2.867308,1,0,1
0,0,0,0,0,0,0,2.079399,1,0,1
0,0,0,0,0,0,0,1.225643,1,0,1
0,0,0,0,0,0,0,2.035418,1,0,0
0,0,0,0,0,0,0,0,0,0,0
0,0,0,0,0,0,0,0,0,0,0
0,0,0,0,0,0,0,2.331896,1,0,1
0,0,0,0,0,0,0,1.060961,1,0,1
0,0,0,0,0,0,0,3.605289,1,0,0
0,0,0,0,0,0,0,0,0,0,0
0,0,0,0,0,0,0,0.976484,1,0,1
0,0,0,0,0,0,0,1.682398,1,0,1
0,0,0,0,0,0,0,2.831424,1,0,0
0,0,0,0,0,0,0,0,0,0,0
#ALGO Details#
Best Algo splitMode:50
SplitMode:totalANDSplits
100:4
50:3
50:2
50:2
0:3
70:1
70:2
70:2