NOK
12.088637
65
Boogie Dump Took : 7.083138
0.000479
0.395297
0.0714798307692308
0,0,0,0,0,0,0,3.017728,1,0,1
0,0,0,0,0,0,0,0.69668,1,0,1
0,0,0,0,0,0,0,1.477535,1,0,1
0,0,0,0,0,0,0,2.211226,1,0,1
0,0,0,0,0,0,0,2.848993,2,0,2
0,0,0,0,0,0,0,3.314612,2,0,2
0,0,0,0,0,0,0,3.598957,2,0,1
0,0,0,0,0,0,0,1.933486,1,0,1
0,0,0,0,0,0,0,2.111871,2,0,2
0,0,0,0,0,0,0,2.563712,2,0,2
0,0,0,0,0,0,0,3.215384,2,0,1
0,0,0,0,0,0,0,1.843491,1,0,1
0,0,0,0,0,0,0,1.897103,2,0,2
0,0,0,0,0,0,0,3.421446,2,0,1
0,0,0,0,0,0,0,2.644723,2,0,2
0,0,0,0,0,0,0,2.004679,1,0,1
0,0,0,0,0,0,0,1.858324,4,0,4
0,0,0,0,0,0,0,1.7465,4,1,4
0,0,0,0,0,0,0,2.651873,6,0,5
0,0,0,0,0,0,0,2.012188,5,0,5
0,0,0,0,0,0,0,3.242905,2,0,1
0,0,0,0,0,0,0,2.337013,2,0,2
0,0,0,0,0,0,0,1.407226,1,0,1
0,0,0,0,0,0,0,2.165985,1,0,1
0,0,0,0,0,0,0,1.979701,2,0,2
0,0,0,0,0,0,0,2.294043,2,0,2
0,0,0,0,0,0,0,1.575226,1,0,1
0,0,0,0,0,0,0,3.205104,2,0,1
0,0,0,0,0,0,0,1.864866,2,0,2
0,0,0,0,0,0,0,2.194632,2,0,2
0,0,0,0,0,0,0,3.431365,2,0,1
0,0,0,0,0,0,0,1.562515,1,0,1
#ALGO Details#
Best Algo splitMode:0
SplitMode:totalANDSplits
100:4
50:6
50:6
50:6
0:19
70:5
70:6
70:6