NOK
225.601041
64
Boogie Dump Took : 35.592643
0.001468
102.949953
2.737854140625
0,0,0,0,0,0,0,0,0,0,1
0,0,0,0,0,0,0,1.770181,1,0,1
0,0,0,0,0,0,0,8.82569,1,0,1
0,0,0,0,0,0,0,156.198072,1,0,0
0,0,0,0,0,0,0,0.897094,1,0,1
0,0,0,0,0,0,0,0.166908,1,0,1
0,0,0,0,0,0,0,6.985912,1,0,1
0,0,0,0,0,0,0,153.800871,1,0,0
0,0,0,0,0,0,0,165.238423,2,0,2
0,0,0,0,0,0,0,165.926506,2,0,1
0,0,0,0,0,0,0,8.327187,1,0,1
0,0,0,0,0,0,0,160.392135,1,0,1
0,0,0,0,0,0,0,164.929427,3,0,3
0,0,0,0,0,0,0,24.889938,2,0,2
0,0,0,0,0,0,0,18.35402,2,0,2
0,0,0,0,0,0,0,152.374606,2,0,1
0,0,0,0,0,0,0,27.932147,7,0,10
0,0,0,0,0,0,0,28.122188,6,0,5
0,0,0,0,0,0,0,29.124499,7,0,5
0,0,0,0,0,0,0,34.873699,7,0,6
0,0,0,0,0,0,0,1.703909,1,0,1
0,0,0,0,0,0,0,160.006526,2,0,1
0,0,0,0,0,0,0,7.187561,1,0,1
0,0,0,0,0,0,0,155.415454,1,0,1
0,0,0,0,0,0,0,1.731252,1,0,1
0,0,0,0,0,0,0,164.084626,2,0,1
0,0,0,0,0,0,0,8.392409,1,0,1
0,0,0,0,0,0,0,158.841205,1,0,1
0,0,0,0,0,0,0,162.4186,2,0,1
0,0,0,0,0,0,0,1.726381,1,0,1
0,0,0,0,0,0,0,8.493036,1,0,1
0,0,0,0,0,0,0,157.516647,1,0,1
#ALGO Details#
Best Algo splitMode:0
SplitMode:totalANDSplits
100:3
50:3
50:5
50:8
0:26
70:4
70:4
70:4