OK
2415.086305
1260
Boogie Dump Took : 2.338928
0.00205
21.565494
1.90125655317461
149.394036,0,76.0756530000005,30.756724,10103,1236,0.025459,147.274905,14,150,13
177.492562,0,72.7862129999993,31.534751,11772,1188,0.010952,175.483504,17,145,19
167.814446,0,114.701667,14.240424,9924,936,0.00845399999999998,166.150586,13,141,10
167.107403,0,51.9579190000001,28.613023,11183,1236,0.0319650000000003,164.239695,16,146,22
167.132479,0,43.0399190000003,32.396305,11155,1340,0.012563,164.966081,17,158,12
151.425591,0,154.464342000001,14.548878,11215,884,0.00911499999999999,149.505413,17,129,15
161.125177,0,27.262734,18.035155,7153,816,0.00806399999999997,159.450814,11,125,13
162.378375,0,60.01396,20.454006,11152,1242,0.0273130000000006,160.466902,15,146,16
