OK
1366.137353
176
Boogie Dump Took : 2.173211
0.035449
78.518417
6.93809777272727
57.904246,0,35.0129660000001,3.257019,6430,202,0.002582,57.132117,7,23,10
137.487934,0,16.633356,0.800359,4210,62,0.000966,136.951106,9,1,11
169.390501,0,32.8140790000001,2.395047,6395,158,0.003244,168.719325,9,18,7
74.59591,0,18.1134859999999,1.531537,4447,104,0.006846,73.908637,7,8,9
69.75952,0,21.662427,1.468089,4928,122,0.002139,69.103605,7,10,8
116.068461,0,26.604439,2.547106,5102,160,0.002366,115.427903,6,20,3
20.773387,0,18.372499,2.046032,4262,132,0.001875,20.061912,6,14,7
97.241132,0,35.762646,2.901668,7146,178,0.00254,96.378304,8,23,4
