NOK
8.975037
116
Boogie Dump Took : 0.941591
0.000159
0.662743
0.0681658534482759
0,0,0,0,0,0,0,1.970269,2,0,2
0,0,0,0,0,0,0,2.025503,2,0,1
0,0,0,0,0,0,0,1.937797,2,0,1
0,0,0,0,0,0,0,1.532549,1,1,3
0,0,0,0,0,0,0,1.496682,4,0,7
0,0,0,0,0,0,0,2.100634,5,0,4
0,0,0,0,0,0,0,2.315854,7,0,3
0,0,0,0,0,0,0,1.816128,4,0,5
0,0,0,0,0,0,0,1.490151,2,0,4
0,0,0,0,0,0,0,2.10795,3,0,3
0,0,0,0,0,0,0,2.068545,3,0,2
0,0,0,0,0,0,0,2.283847,3,0,1
0,0,0,0,0,0,0,2.470354,2,0,1
0,0,0,0,0,0,0,2.445379,3,0,2
0,0,0,0,0,0,0,3.176732,3,0,1
0,0,0,0,0,0,0,1.430339,2,1,5
0,0,0,0,0,0,0,3.283926,3,0,2
0,0,0,0,0,0,0,1.369286,2,1,6
0,0,0,0,0,0,0,3.234927,4,0,2
0,0,0,0,0,0,0,2.906307,3,0,1
0,0,0,0,0,0,0,1.521673,2,1,5
0,0,0,0,0,0,0,2.720536,4,0,3
0,0,0,0,0,0,0,2.562602,3,0,2
0,0,0,0,0,0,0,3.30706,4,0,2
0,0,0,0,0,0,0,2.27135,5,0,2
0,0,0,0,0,0,0,1.874595,2,0,4
0,0,0,0,0,0,0,2.491862,2,0,1
0,0,0,0,0,0,0,1.679019,2,0,3
0,0,0,0,0,0,0,3.277619,4,0,2
0,0,0,0,0,0,0,1.586849,2,1,5
0,0,0,0,0,0,0,2.403721,3,0,2
0,0,0,0,0,0,0,2.471176,3,0,2
#ALGO Details#
Best Algo splitMode:30
SplitMode:totalANDSplits
100:9
0:21
50:13
50:10
50:12
30:15
30:13
30:15