NOK
6.397883
99
Boogie Dump Took : 1.282392
0.000157
0.385098
0.0491668888888889
0,0,0,0,0,0,0,1.32727,1,0,2
0,0,0,0,0,0,0,1.758745,3,0,2
0,0,0,0,0,0,0,1.436939,3,0,3
0,0,0,0,0,0,0,1.80603,2,0,2
0,0,0,0,0,0,0,1.717853,6,0,5
0,0,0,0,0,0,0,2.005556,6,0,4
0,0,0,0,0,0,0,1.581225,4,0,5
0,0,0,0,0,0,0,1.591442,4,0,5
0,0,0,0,0,0,0,1.918673,3,0,3
0,0,0,0,0,0,0,2.249462,3,0,2
0,0,0,0,0,0,0,1.672233,3,0,3
0,0,0,0,0,0,0,1.916466,2,0,2
0,0,0,0,0,0,0,1.592858,4,0,3
0,0,0,0,0,0,0,2.054221,3,0,1
0,0,0,0,0,0,0,1.684134,2,0,2
0,0,0,0,0,0,0,1.740606,2,0,4
0,0,0,0,0,0,0,1.59105,3,0,2
0,0,0,0,0,0,0,1.446122,2,0,2
0,0,0,0,0,0,0,1.332961,2,0,3
0,0,0,0,0,0,0,1.861376,2,0,1
0,0,0,0,0,0,0,1.830927,5,0,4
0,0,0,0,0,0,0,2.018256,3,0,4
0,0,0,0,0,0,0,1.563743,3,0,5
0,0,0,0,0,0,0,2.969535,4,0,1
0,0,0,0,0,0,0,1.341333,2,0,3
0,0,0,0,0,0,0,1.674575,4,0,2
0,0,0,0,0,0,0,1.403258,2,0,2
0,0,0,0,0,0,0,1.851156,2,0,2
0,0,0,0,0,0,0,2.468551,4,0,3
0,0,0,0,0,0,0,1.816475,3,0,4
0,0,0,0,0,0,0,1.89665,3,0,1
0,0,0,0,0,0,0,1.320945,2,0,3
#ALGO Details#
Best Algo splitMode:50
SplitMode:totalANDSplits
100:9
0:20
50:10
50:10
50:8
30:14
30:9
30:11