NOK
30.571537
160
Boogie Dump Took : 0.908267
0.000167
1.37113
0.18348885
0,0,0,0,0,0,0,2.454098,3,0,2
0,0,0,0,0,0,0,2.037365,1,1,4
0,0,0,0,0,0,0,2.62325,3,2,2
0,0,0,0,0,0,0,2.587811,2,1,1
0,0,0,0,0,0,0,2.544923,4,0,5
0,0,0,0,0,0,0,1.979716,5,2,5
0,0,0,0,0,0,0,2.870733,5,1,3
0,0,0,0,0,0,0,2.217321,4,3,4
0,0,0,0,0,0,0,2.95824,4,0,3
0,0,0,0,0,0,0,2.208474,6,0,5
0,0,0,0,0,0,0,2.616609,4,1,5
0,0,0,0,0,0,0,5.143912,4,1,4
0,0,0,0,0,0,0,2.746908,3,0,3
0,0,0,0,0,0,0,2.486691,6,1,4
0,0,0,0,0,0,0,2.904189,3,1,2
0,0,0,0,0,0,0,3.278028,2,0,4
0,0,0,0,0,0,0,7.341323,7,1,2
0,0,0,0,0,0,0,2.408563,3,0,6
0,0,0,0,0,0,0,2.059553,2,1,5
0,0,0,0,0,0,0,6.477819,4,1,2
0,0,0,0,0,0,0,5.989804,9,0,3
0,0,0,0,0,0,0,2.606686,4,1,6
0,0,0,0,0,0,0,3.221397,6,1,4
0,0,0,0,0,0,0,2.683049,2,0,7
0,0,0,0,0,0,0,2.031443,2,1,4
0,0,0,0,0,0,0,9.243897,7,0,2
0,0,0,0,0,0,0,2.370782,3,0,6
0,0,0,0,0,0,0,10.118594,4,1,3
0,0,0,0,0,0,0,2.360453,5,1,4
0,0,0,0,0,0,0,2.61232,3,0,4
0,0,0,0,0,0,0,2.696824,4,2,3
0,0,0,0,0,0,0,2.042345,4,1,4
#ALGO Details#
Best Algo splitMode:50
SplitMode:totalANDSplits
100:16
0:25
50:19
50:15
50:18
30:22
30:17
30:20