NOK
16.676336
152
Boogie Dump Took : 0.901395
0.000165
1.163525
0.102627618421053
0,0,0,0,0,0,0,3.912161,4,0,4
0,0,0,0,0,0,0,5.212821,4,0,3
0,0,0,0,0,0,0,3.369065,3,0,4
0,0,0,0,0,0,0,3.694989,3,0,3
0,0,0,0,0,0,0,2.409647,5,1,4
0,0,0,0,0,0,0,2.44873,7,0,5
0,0,0,0,0,0,0,2.532868,5,0,6
0,0,0,0,0,0,0,2.255118,3,1,4
0,0,0,0,0,0,0,3.494673,5,0,7
0,0,0,0,0,0,0,3.758672,7,0,6
0,0,0,0,0,0,0,4.031711,6,0,5
0,0,0,0,0,0,0,3.781787,6,0,5
0,0,0,0,0,0,0,4.05486,4,0,4
0,0,0,0,0,0,0,3.993812,4,0,4
0,0,0,0,0,0,0,3.656195,5,0,4
0,0,0,0,0,0,0,3.945468,4,0,4
0,0,0,0,0,0,0,2.558712,4,0,7
0,0,0,0,0,0,0,4.391215,4,0,2
0,0,0,0,0,0,0,3.352067,4,0,4
0,0,0,0,0,0,0,4.467412,5,0,3
0,0,0,0,0,0,0,2.693848,3,1,3
0,0,0,0,0,0,0,2.754311,3,1,2
0,0,0,0,0,0,0,2.598953,5,0,4
0,0,0,0,0,0,0,2.994737,3,0,4
0,0,0,0,0,0,0,3.076961,4,0,4
0,0,0,0,0,0,0,5.269445,4,0,3
0,0,0,0,0,0,0,3.640563,4,0,4
0,0,0,0,0,0,0,4.267296,4,1,4
0,0,0,0,0,0,0,2.471246,3,1,5
0,0,0,0,0,0,0,3.313063,4,1,3
0,0,0,0,0,0,0,2.824535,5,0,3
0,0,0,0,0,0,0,3.080962,4,1,4
#ALGO Details#
Best Algo splitMode:30
SplitMode:totalANDSplits
100:14
0:21
50:24
50:16
50:16
30:16
30:18
30:19