NOK
108.373991
322
Boogie Dump Took : 1.763194
0.000165
4.251483
0.328798782608695
0,0,0,0,0,0,0,1.804501,2,2,2
0,0,0,0,0,0,0,1.42523,1,2,2
0,0,0,0,0,0,0,1.790634,2,3,2
0,0,0,0,0,0,0,1.889984,2,3,1
0,0,0,0,0,0,0,1.493783,5,2,7
0,0,0,0,0,0,0,2.02194,5,0,4
0,0,0,0,0,0,0,1.731326,5,2,5
0,0,0,0,0,0,0,2.262338,6,1,4
0,0,0,0,0,0,0,1.899722,2,3,1
0,0,0,0,0,0,0,1.846015,2,3,1
0,0,0,0,0,0,0,1.914523,3,5,2
0,0,0,0,0,0,0,1.399545,2,1,4
0,0,0,0,0,0,0,1.999398,4,0,2
0,0,0,0,0,0,0,1.353876,2,2,3
0,0,0,0,0,0,0,1.983465,2,0,2
0,0,0,0,0,0,0,1.763883,2,2,2
0,0,0,0,0,0,0,1.388142,2,2,3
0,0,0,0,0,0,0,1.954024,5,2,2
0,0,0,0,0,0,0,1.794686,3,3,2
0,0,0,0,0,0,0,1.710072,2,5,4
0,0,0,0,0,0,0,1.37397,2,2,3
0,0,0,0,0,0,0,1.820849,3,3,2
0,0,0,0,0,0,0,2.08213,4,3,1
0,0,0,0,0,0,0,1.651701,2,3,4
0,0,0,0,0,0,0,1.759641,3,4,4
0,0,0,0,0,0,0,2.079825,3,0,2
0,0,0,0,0,0,0,1.532957,2,1,3
0,0,0,0,0,0,0,2.241658,4,2,2
0,0,0,0,0,0,0,1.981675,3,3,2
0,0,0,0,0,0,0,1.152209,2,1,4
0,0,0,0,0,0,0,1.612694,4,5,2
0,0,0,0,0,0,0,1.716866,2,2,2
#ALGO Details#
Best Algo splitMode:100
SplitMode:totalANDSplits
100:43
0:49
50:32
50:34
50:41
30:40
30:42
30:33