OK
734.459918
1151
Boogie Dump Took : 1.584747
0.001605
16.145542
0.623257403996525
0,0,0,0,0,0,0,166.772376,19,17,19
0,0,0,0,0,0,0,154.994894,23,15,22
0,0,0,0,0,0,0,198.667223,17,14,23
0,0,0,0,0,0,0,132.387049,22,16,19
0,0,0,0,0,0,0,132.989702,19,14,22
0,0,0,0,0,0,0,133.491438,20,14,20
0,0,0,0,0,0,0,130.211589,17,14,24
0,0,0,0,0,0,0,115.865392,18,15,22
0,0,0,0,0,0,0,185.012304,19,14,22
0,0,0,0,0,0,0,116.492825,17,15,20
0,0,0,0,0,0,0,145.177333,21,15,20
0,0,0,0,0,0,0,129.902839,19,16,20
0,0,0,0,0,0,0,152.915822,19,18,18
0,0,0,0,0,0,0,196.375564,18,20,18
0,0,0,0,0,0,0,134.012673,18,17,21
0,0,0,0,0,0,0,150.809302,16,20,21
0,0,0,0,0,0,0,161.211654,21,20,16
0,0,0,0,0,0,0,135.983218,17,21,21
0,0,0,0,0,0,0,160.672731,18,21,17
0,0,0,0,0,0,0,121.596742,18,16,20
0,0,0,0,0,0,0,155.308746,20,20,17
0,0,0,0,0,0,0,183.575429,17,19,12
0,0,0,0,0,0,0,138.402246,18,20,18
0,0,0,0,0,0,0,126.91856,16,20,14
0,0,0,0,0,0,0,136.607201,17,19,16
0,0,0,0,0,0,0,182.641401,19,17,17
0,0,0,0,0,0,0,111.229213,16,18,16
0,0,0,0,0,0,0,181.843636,19,15,17
0,0,0,0,0,0,0,135.130995,18,21,17
0,0,0,0,0,0,0,182.126313,18,20,15
0,0,0,0,0,0,0,145.283803,19,20,13
0,0,0,0,0,0,0,124.157324,19,18,15
