OK
678.600796
1454
Boogie Dump Took : 1.489758
0.000624
11.076986
0.459496922971114
0,0,0,0,0,0,0,76.510761,16,29,20
0,0,0,0,0,0,0,59.193174,19,28,19
0,0,0,0,0,0,0,50.576212,16,28,18
0,0,0,0,0,0,0,55.045171,16,23,21
0,0,0,0,0,0,0,40.690624,12,28,24
0,0,0,0,0,0,0,63.817207,23,31,11
0,0,0,0,0,0,0,66.364844,13,28,20
0,0,0,0,0,0,0,48.051762,17,32,18
0,0,0,0,0,0,0,56.293208,18,27,21
0,0,0,0,0,0,0,69.125096,12,29,15
0,0,0,0,0,0,0,66.87587,19,33,11
0,0,0,0,0,0,0,51.104124,10,31,17
0,0,0,0,0,0,0,55.787331,19,29,10
0,0,0,0,0,0,0,48.693888,15,35,10
0,0,0,0,0,0,0,60.577783,12,29,19
0,0,0,0,0,0,0,56.925671,13,24,24
0,0,0,0,0,0,0,52.800807,24,30,9
0,0,0,0,0,0,0,60.824769,15,34,9
0,0,0,0,0,0,0,57.14198,14,31,16
0,0,0,0,0,0,0,50.839981,20,29,10
0,0,0,0,0,0,0,59.792376,13,28,21
0,0,0,0,0,0,0,73.604799,9,29,19
0,0,0,0,0,0,0,49.351138,13,34,12
0,0,0,0,0,0,0,50.918436,16,32,12
0,0,0,0,0,0,0,51.866051,13,32,11
0,0,0,0,0,0,0,52.076705,14,37,12
0,0,0,0,0,0,0,58.801041,23,29,8
0,0,0,0,0,0,0,50.372176,9,31,13
0,0,0,0,0,0,0,50.671654,15,32,15
0,0,0,0,0,0,0,52.372651,9,30,15
0,0,0,0,0,0,0,63.719183,20,30,16
0,0,0,0,0,0,0,57.356866,11,34,12
