TIMEDOUT
3600
513
Boogie Dump Took : 10.630032
0,0,0,0,0,0,0,63.361933,4,6,6
0,0,0,0,0,0,0,81.860696,6,4,4
0,0,0,0,0,0,0,62.768225,4,0,4
0,0,0,0,0,0,0,48.923193,5,8,5
0,0,0,0,0,0,0,18.50878,9,5,11
0,0,0,0,0,0,0,13.11217,7,4,8
0,0,0,0,0,0,0,13.297789,12,1,11
0,0,0,0,0,0,0,11.579561,10,2,7
0,0,0,0,0,0,0,45.538634,7,5,8
0,0,0,0,0,0,0,47.962127,8,0,7
0,0,0,0,0,0,0,52.943373,7,5,6
0,0,0,0,0,0,0,51.895514,7,6,7
0,0,0,0,0,0,0,60.56335,7,3,6
0,0,0,0,0,0,0,40.585185,7,1,7
0,0,0,0,0,0,0,44.835645,9,1,8
0,0,0,0,0,0,0,49.966077,6,4,7
0,0,0,0,0,0,0,38.460545,6,0,6
0,0,0,0,0,0,0,55.667121,6,5,5
0,0,0,0,0,0,0,28.218854,4,1,4
0,0,0,0,0,0,0,37.112859,5,25,5
0,0,0,0,0,0,0,16.86117,5,7,5
0,0,0,0,0,0,0,43.728306,8,0,8
0,0,0,0,0,0,0,38.976175,7,5,7
0,0,0,0,0,0,0,32.960704,7,1,6
0,0,0,0,0,0,0,20.413883,7,5,7
0,0,0,0,0,0,0,30.152683,8,7,8
0,0,0,0,0,0,0,23.015298,7,2,7
0,0,0,0,0,0,0,24.94337,7,6,6
0,0,0,0,0,0,0,18.81893,9,1,11
0,0,0,0,0,0,0,12.233623,7,7,7
0,0,0,0,0,0,0,18.644437,6,4,5
0,0,0,0,0,0,0,23.605068,8,3,6
#ALGO Details#
Best Algo splitMode:-1
SplitMode:totalANDSplits
100:83
0:65
50:65
50:49
50:71
30:51
30:73
30:48