ReachedBound
109.063757
216
Boogie Dump Took : 2.744944
0.000427
4.257767
0.484333597222222
0,0,0,0,0,0,0,16.228148,10,1,6
0,0,0,0,0,0,0,12.268016,5,0,10
0,0,0,0,0,0,0,8.057906,6,1,7
0,0,0,0,0,0,0,11.291897,9,2,7
0,0,0,0,0,0,0,2.10218,3,2,3
0,0,0,0,0,0,0,2.184272,3,2,3
0,0,0,0,0,0,0,2.19217,4,2,3
0,0,0,0,0,0,0,2.109688,3,2,3
0,0,0,0,0,0,0,6.238536,6,1,5
0,0,0,0,0,0,0,9.902276,8,0,8
0,0,0,0,0,0,0,7.479292,6,0,7
0,0,0,0,0,0,0,11.924273,8,0,7
0,0,0,0,0,0,0,6.876452,6,0,5
0,0,0,0,0,0,0,7.272284,5,1,4
0,0,0,0,0,0,0,7.027782,6,1,6
0,0,0,0,0,0,0,7.5939,3,1,4
0,0,0,0,0,0,0,4.928274,3,1,4
0,0,0,0,0,0,0,3.569061,2,2,2
0,0,0,0,0,0,0,5.549281,5,1,4
0,0,0,0,0,0,0,3.801658,4,1,3
0,0,0,0,0,0,0,5.876408,6,0,8
0,0,0,0,0,0,0,8.927313,7,1,6
0,0,0,0,0,0,0,5.746818,5,1,4
0,0,0,0,0,0,0,6.484261,7,0,6
0,0,0,0,0,0,0,8.207783,7,1,9
0,0,0,0,0,0,0,5.934611,7,1,6
0,0,0,0,0,0,0,8.725945,7,1,6
0,0,0,0,0,0,0,8.060471,7,1,6
0,0,0,0,0,0,0,6.346385,8,1,7
0,0,0,0,0,0,0,4.761008,7,1,6
0,0,0,0,0,0,0,6.320305,6,1,7
0,0,0,0,0,0,0,6.462757,5,1,5
#ALGO Details#
Best Algo splitMode:30
SplitMode:totalANDSplits
100:34
0:20
50:28
50:22
50:18
30:26
30:31
30:29