TIMEDOUT
3600
691
Boogie Dump Took : 35.00802
0,0,0,0,0,0,0,89.323554,5,4,3
0,0,0,0,0,0,0,29.305077,2,4,3
0,0,0,0,0,0,0,37.714124,3,4,5
0,0,0,0,0,0,0,68.405375,3,4,2
0,0,0,0,0,0,0,6.254068,10,6,9
0,0,0,0,0,0,0,7.49163,9,8,9
0,0,0,0,0,0,0,7.420758,9,6,9
0,0,0,0,0,0,0,7.610056,9,6,9
0,0,0,0,0,0,0,11.914776,3,7,3
0,0,0,0,0,0,0,13.018903,3,5,4
0,0,0,0,0,0,0,40.904518,4,6,2
0,0,0,0,0,0,0,29.99746,3,5,3
0,0,0,0,0,0,0,11.182479,4,5,4
0,0,0,0,0,0,0,27.122168,5,7,5
0,0,0,0,0,0,0,17.455106,3,10,4
0,0,0,0,0,0,0,14.814903,5,7,3
0,0,0,0,0,0,0,23.64466,5,6,3
0,0,0,0,0,0,0,5.809,4,6,4
0,0,0,0,0,0,0,18.393137,3,7,3
0,0,0,0,0,0,0,17.867274,3,6,4
0,0,0,0,0,0,0,27.175644,4,9,4
0,0,0,0,0,0,0,24.278072,5,7,6
0,0,0,0,0,0,0,28.042708,6,5,4
0,0,0,0,0,0,0,25.688814,3,8,3
0,0,0,0,0,0,0,20.819646,3,7,3
0,0,0,0,0,0,0,19.364579,5,6,6
0,0,0,0,0,0,0,26.479281,3,6,3
0,0,0,0,0,0,0,53.639221,6,15,4
0,0,0,0,0,0,0,17.217157,4,10,4
0,0,0,0,0,0,0,17.776293,4,6,4
0,0,0,0,0,0,0,19.206561,5,8,6
0,0,0,0,0,0,0,32.837495,6,7,4
#ALGO Details#
Best Algo splitMode:-1
SplitMode:totalANDSplits
100:79
0:80
50:75
50:99
50:87
30:86
30:85
30:92