ReachedBound
590.486982
365
Boogie Dump Took : 5.552588
0.000983
24.979452
1.59144443835616
0,0,0,0,0,0,0,412.430355,4,0,4
0,0,0,0,0,0,0,283.125937,4,0,4
0,0,0,0,0,0,0,312.789118,4,0,4
0,0,0,0,0,0,0,357.760986,4,0,4
0,0,0,0,0,0,0,3.693124,6,6,6
0,0,0,0,0,0,0,13.024661,6,4,6
0,0,0,0,0,0,0,7.445149,7,6,6
0,0,0,0,0,0,0,3.743335,7,5,7
0,0,0,0,0,0,0,407.147066,8,0,9
0,0,0,0,0,0,0,426.725995,9,0,9
0,0,0,0,0,0,0,458.391309,8,0,5
0,0,0,0,0,0,0,379.736661,8,0,9
0,0,0,0,0,0,0,308.575156,7,0,9
0,0,0,0,0,0,0,393.716301,7,0,9
0,0,0,0,0,0,0,383.125681,8,0,4
0,0,0,0,0,0,0,356.636617,7,0,6
0,0,0,0,0,0,0,449.797949,11,0,9
0,0,0,0,0,0,0,333.557955,10,0,11
0,0,0,0,0,0,0,286.23926,10,0,10
0,0,0,0,0,0,0,386.864465,10,0,10
0,0,0,0,0,0,0,376.004296,19,0,21
0,0,0,0,0,0,0,387.438152,15,0,18
0,0,0,0,0,0,0,349.036121,19,0,11
0,0,0,0,0,0,0,339.949667,17,0,19
0,0,0,0,0,0,0,250.510997,20,0,22
0,0,0,0,0,0,0,281.936565,23,0,23
0,0,0,0,0,0,0,231.51965,15,0,14
0,0,0,0,0,0,0,276.983471,22,0,20
0,0,0,0,0,0,0,27.323268,8,3,9
0,0,0,0,0,0,0,45.430795,7,3,8
0,0,0,0,0,0,0,34.376823,8,3,7
0,0,0,0,0,0,0,55.12758,7,3,5
#ALGO Details#
Best Algo splitMode:30
SplitMode:totalANDSplits
100:16
0:52
50:32
50:28
50:40
30:69
30:79
30:41