NOK
39.417532
170
Boogie Dump Took : 4.223684
0.000501
1.431398
0.204951717647059
0,0,0,0,0,0,0,4.966605,3,0,5
0,0,0,0,0,0,0,5.15051,4,0,2
0,0,0,0,0,0,0,4.897752,7,0,1
0,0,0,0,0,0,0,2.226031,1,0,7
0,0,0,0,0,0,0,3.120187,3,0,8
0,0,0,0,0,0,0,7.346406,6,0,3
0,0,0,0,0,0,0,3.506985,3,1,2
0,0,0,0,0,0,0,4.188846,5,0,3
0,0,0,0,0,0,0,10.905601,7,1,4
0,0,0,0,0,0,0,12.114703,8,0,3
0,0,0,0,0,0,0,11.876321,8,0,5
0,0,0,0,0,0,0,3.110142,1,0,11
0,0,0,0,0,0,0,2.897397,2,1,13
0,0,0,0,0,0,0,7.104581,8,1,2
0,0,0,0,0,0,0,6.697061,6,0,3
0,0,0,0,0,0,0,8.285921,7,0,4
0,0,0,0,0,0,0,6.284552,6,1,2
0,0,0,0,0,0,0,9.563016,7,0,6
0,0,0,0,0,0,0,2.678325,2,1,12
0,0,0,0,0,0,0,9.531824,7,1,1
0,0,0,0,0,0,0,15.040067,7,0,5
0,0,0,0,0,0,0,3.125458,2,0,10
0,0,0,0,0,0,0,10.845783,6,1,2
0,0,0,0,0,0,0,14.055762,8,0,5
0,0,0,0,0,0,0,11.880276,6,0,2
0,0,0,0,0,0,0,2.934459,2,0,11
0,0,0,0,0,0,0,11.213905,5,0,2
0,0,0,0,0,0,0,11.491529,5,1,2
0,0,0,0,0,0,0,2.372875,2,0,11
0,0,0,0,0,0,0,11.942944,5,0,2
0,0,0,0,0,0,0,9.335113,5,0,2
0,0,0,0,0,0,0,10.205058,6,0,2
#ALGO Details#
Best Algo splitMode:0
SplitMode:totalANDSplits
100:15
0:17
50:24
50:24
50:24
30:23
30:18
30:17