NOK
391.281723
318
Boogie Dump Took : 8.496474
0.00071
17.387308
1.16457983647799
0,0,0,0,0,0,0,91.658698,4,0,5
0,0,0,0,0,0,0,134.181843,5,0,4
0,0,0,0,0,0,0,70.966373,3,0,2
0,0,0,0,0,0,0,139.29295,4,0,5
0,0,0,0,0,0,0,90.027359,23,1,21
0,0,0,0,0,0,0,82.17995,20,0,23
0,0,0,0,0,0,0,86.768288,22,0,20
0,0,0,0,0,0,0,50.130202,20,1,20
0,0,0,0,0,0,0,151.274234,10,0,9
0,0,0,0,0,0,0,123.162935,11,0,11
0,0,0,0,0,0,0,184.828146,8,0,7
0,0,0,0,0,0,0,108.523582,7,0,8
0,0,0,0,0,0,0,143.678574,9,0,5
0,0,0,0,0,0,0,205.142198,7,0,7
0,0,0,0,0,0,0,62.064705,5,0,8
0,0,0,0,0,0,0,63.774673,6,0,6
0,0,0,0,0,0,0,146.366412,8,0,8
0,0,0,0,0,0,0,141.152521,11,0,11
0,0,0,0,0,0,0,129.191408,8,0,9
0,0,0,0,0,0,0,170.084793,9,0,7
0,0,0,0,0,0,0,112.376727,7,0,4
0,0,0,0,0,0,0,102.562282,5,0,7
0,0,0,0,0,0,0,105.269095,8,0,9
0,0,0,0,0,0,0,178.239926,6,0,5
0,0,0,0,0,0,0,104.303722,9,0,7
0,0,0,0,0,0,0,80.161184,9,0,11
0,0,0,0,0,0,0,122.652296,13,0,11
0,0,0,0,0,0,0,105.586806,9,0,10
0,0,0,0,0,0,0,146.72703,12,0,10
0,0,0,0,0,0,0,101.1699,10,0,13
0,0,0,0,0,0,0,93.479532,12,0,12
0,0,0,0,0,0,0,137.47588,15,0,13
#ALGO Details#
Best Algo splitMode:30
SplitMode:totalANDSplits
100:16
0:86
50:35
50:26
50:35
30:25
30:39
30:48