TIMEDOUT
3600
52
Boogie Dump Took : 10.298559
0,0,0,0,0,0,0,0,0,0,1
0,0,0,0,0,0,0,3.721893,1,0,1
0,0,0,0,0,0,0,12.196631,1,0,0
0,0,0,0,0,0,0,0,0,0,0
0,0,0,0,0,0,0,29.126425,3,0,3
0,0,0,0,0,0,0,25.910305,3,0,3
0,0,0,0,0,0,0,32.474106,3,0,2
0,0,0,0,0,0,0,25.848419,2,0,2
0,0,0,0,0,0,0,0.419062,1,0,1
0,0,0,0,0,0,0,3.766041,1,0,1
0,0,0,0,0,0,0,12.611988,1,0,1
0,0,0,0,0,0,0,20.803404,1,0,0
0,0,0,0,0,0,0,0,0,0,0
0,0,0,0,0,0,0,7.672016,1,0,0
0,0,0,0,0,0,0,0.102571,1,0,1
0,0,0,0,0,0,0,1.273879,1,0,1
0,0,0,0,0,0,0,2.731958,1,0,1
0,0,0,0,0,0,0,1.29751,1,0,1
0,0,0,0,0,0,0,0.075928,1,0,1
0,0,0,0,0,0,0,11.595067,1,0,0
0,0,0,0,0,0,0,31.969268,4,0,3
0,0,0,0,0,0,0,28.545772,4,0,4
0,0,0,0,0,0,0,25.208721,3,0,3
0,0,0,0,0,0,0,20.819437,3,0,3
0,0,0,0,0,0,0,0.000271,1,0,1
0,0,0,0,0,0,0,3.259865,1,0,1
0,0,0,0,0,0,0,12.096634,1,0,0
0,0,0,0,0,0,0,0,0,0,0
0,0,0,0,0,0,0,37.384691,3,0,3
0,0,0,0,0,0,0,37.33029,3,0,2
0,0,0,0,0,0,0,30.301475,2,0,2
0,0,0,0,0,0,0,35.035141,2,0,2
#ALGO Details#
Best Algo splitMode:-1
SplitMode:totalANDSplits
100:2
0:10
50:3
50:2
50:3
30:13
30:2
30:9