NOK
93.082605
156
Boogie Dump Took : 10.420938
0.000226
9.245017
0.519177371794872
0,0,0,0,0,0,0,25.0137,1,0,3
0,0,0,0,0,0,0,45.290725,2,0,1
0,0,0,0,0,0,0,43.442622,2,0,1
0,0,0,0,0,0,0,39.457635,2,0,2
0,0,0,0,0,0,0,16.868286,10,1,11
0,0,0,0,0,0,0,15.167714,11,2,10
0,0,0,0,0,0,0,9.907756,6,1,5
0,0,0,0,0,0,0,24.040255,10,1,10
0,0,0,0,0,0,0,59.88341,5,0,4
0,0,0,0,0,0,0,50.243416,5,0,5
0,0,0,0,0,0,0,63.323652,5,0,4
0,0,0,0,0,0,0,18.567401,3,0,4
0,0,0,0,0,0,0,58.269801,3,0,3
0,0,0,0,0,0,0,15.466522,3,0,3
0,0,0,0,0,0,0,47.486035,3,0,2
0,0,0,0,0,0,0,41.593409,3,0,3
0,0,0,0,0,0,0,39.967608,4,0,4
0,0,0,0,0,0,0,46.807264,4,0,3
0,0,0,0,0,0,0,17.989606,2,0,3
0,0,0,0,0,0,0,30.522626,3,0,2
0,0,0,0,0,0,0,16.487655,6,0,6
0,0,0,0,0,0,0,41.463037,11,0,8
0,0,0,0,0,0,0,19.223232,5,0,8
0,0,0,0,0,0,0,28.97943,8,0,7
0,0,0,0,0,0,0,55.230703,3,0,2
0,0,0,0,0,0,0,27.205454,2,0,2
0,0,0,0,0,0,0,30.387982,2,0,3
0,0,0,0,0,0,0,28.872715,2,0,1
0,0,0,0,0,0,0,44.059496,5,0,4
0,0,0,0,0,0,0,17.080094,5,0,6
0,0,0,0,0,0,0,39.303412,5,0,5
0,0,0,0,0,0,0,45.459194,5,0,4
#ALGO Details#
Best Algo splitMode:0
SplitMode:totalANDSplits
100:7
0:45
50:17
50:11
50:12
30:29
30:8
30:19