TIMEDOUT
3600
811
Boogie Dump Took : 14.088689
0,0,0,0,0,0,0,57.510717,6,6,6
0,0,0,0,0,0,0,67.125963,7,2,7
0,0,0,0,0,0,0,67.363088,5,10,5
0,0,0,0,0,0,0,49.506256,4,6,4
0,0,0,0,0,0,0,15.975173,22,5,22
0,0,0,0,0,0,0,17.197192,14,6,15
0,0,0,0,0,0,0,19.112886,22,8,20
0,0,0,0,0,0,0,12.2168,8,9,8
0,0,0,0,0,0,0,63.419073,12,4,13
0,0,0,0,0,0,0,66.191468,8,7,7
0,0,0,0,0,0,0,64.429229,10,7,10
0,0,0,0,0,0,0,77.037282,10,7,9
0,0,0,0,0,0,0,70.108109,10,4,10
0,0,0,0,0,0,0,58.666818,12,7,9
0,0,0,0,0,0,0,49.968847,8,8,10
0,0,0,0,0,0,0,66.624447,9,7,9
0,0,0,0,0,0,0,25.474981,7,6,5
0,0,0,0,0,0,0,40.526923,7,7,5
0,0,0,0,0,0,0,16.62382,5,7,5
0,0,0,0,0,0,0,14.155325,5,9,8
0,0,0,0,0,0,0,52.733909,8,10,8
0,0,0,0,0,0,0,43.058709,8,9,8
0,0,0,0,0,0,0,27.980911,7,12,8
0,0,0,0,0,0,0,28.376763,8,11,6
0,0,0,0,0,0,0,38.13486,12,11,12
0,0,0,0,0,0,0,65.163983,13,11,12
0,0,0,0,0,0,0,42.791887,9,10,8
0,0,0,0,0,0,0,35.490713,12,7,13
0,0,0,0,0,0,0,39.997022,8,9,8
0,0,0,0,0,0,0,25.49066,5,11,7
0,0,0,0,0,0,0,35.379516,10,13,10
0,0,0,0,0,0,0,50.879833,11,11,8
#ALGO Details#
Best Algo splitMode:-1
SplitMode:totalANDSplits
100:71
0:123
50:94
50:86
50:86
30:110
30:122
30:111