NOK
887.57804
339
Boogie Dump Took : 26.990228
0.00052
38.386135
2.52526527138643
0,0,0,0,0,0,0,31.789678,2,2,2
0,0,0,0,0,0,0,44.739873,3,6,2
0,0,0,0,0,0,0,25.443207,2,5,3
0,0,0,0,0,0,0,32.42184,2,4,2
0,0,0,0,0,0,0,20.895886,11,2,10
0,0,0,0,0,0,0,20.193833,10,3,7
0,0,0,0,0,0,0,14.257222,10,2,12
0,0,0,0,0,0,0,19.22493,9,3,10
0,0,0,0,0,0,0,37.042072,6,3,4
0,0,0,0,0,0,0,35.990126,5,5,5
0,0,0,0,0,0,0,22.319378,3,2,4
0,0,0,0,0,0,0,37.199584,4,3,4
0,0,0,0,0,0,0,31.167935,5,3,4
0,0,0,0,0,0,0,15.929375,4,2,6
0,0,0,0,0,0,0,35.345868,4,4,4
0,0,0,0,0,0,0,30.626142,5,2,3
0,0,0,0,0,0,0,13.189282,6,2,5
0,0,0,0,0,0,0,22.025794,6,2,4
0,0,0,0,0,0,0,21.576572,5,2,6
0,0,0,0,0,0,0,17.174273,4,5,5
0,0,0,0,0,0,0,17.872707,5,3,5
0,0,0,0,0,0,0,14.548479,6,3,6
0,0,0,0,0,0,0,21.798341,5,6,5
0,0,0,0,0,0,0,17.042893,6,2,5
0,0,0,0,0,0,0,20.197503,9,4,12
0,0,0,0,0,0,0,53.737469,10,2,8
0,0,0,0,0,0,0,62.42686,9,2,9
0,0,0,0,0,0,0,39.907447,10,1,8
0,0,0,0,0,0,0,11.48302,4,2,4
0,0,0,0,0,0,0,13.136469,6,3,4
0,0,0,0,0,0,0,13.120778,5,3,5
0,0,0,0,0,0,0,17.092442,4,6,5
#ALGO Details#
Best Algo splitMode:50
SplitMode:totalANDSplits
100:29
0:51
50:40
50:35
50:38
30:38
30:55
30:45