OK
3512.06346
1911
Boogie Dump Took : 1.541416
0.001835
11.916667
1.82793686028258
23.103028,0,21.90681,197.793069,9015,2724,0.0930789999999994,20.231308,12,239,10
29.184681,0,27.683769,164.206973,11392,2970,0.0741870000000003,26.624415,17,248,5
27.791401,0,31.615726,204.77807,12708,2400,0.078274,25.097921,20,216,9
22.347067,0,13.070412,234.697341,5347,2424,0.0904920000000002,19.618697,5,222,10
17.522624,0,19.039426,341.362089,7657,2417,0.0776319999999997,14.666521,10,223,14
26.561056,0,13.665162,129.166749,5716,2271,0.0691759999999998,23.742648,7,225,7
18.845494,0,17.65025,155.521073,7183,2435,0.0674189999999998,16.335576,9,215,17
8.73368400000001,0,25.2232259999999,185.602947,10210,2786,0.126186,5.821556,14,229,22
