OK
8.527944
6
Boogie Dump Took : 2.946511
0.654258
0.979809
0.8041125
5.114025,0.093242,0.228898,0.102106,9,6,0.000176,4.861371,0,0,1
5.080014,0.289059,0.211306,0.107659,22,4,0.000201,4.815841,1,0,1
4.930089,0.329253,0.243525,0.110843,24,4,0.000177,4.678516,1,0,1
4.898226,0.414854,0.268042,0.106459,25,4,0.000175,4.64575,1,0,1
4.846927,0.423163,0.349673,0.11507,38,4,0.000202,4.576173,1,0,1
4.698998,0.494053,0.408225,0.1198,52,4,0.000198,4.437314,1,0,1
4.931969,0.563188,0.425667,0.001718,52,2,0.000167,4.71427,1,0,0
5.497896,0,0,0,0,0,0,5.291506,0,0,0
