OK
871.124761
46
Boogie Dump Took : 0.895219
0.009285
175.243188
8.27645913043478
13.033842,1.257312,1.000555,0.156495,356,22,0.00026,12.732768,4,0,5
658.903221,2.497354,1.85133,0.1257,668,22,0.00036,658.598724,7,0,3
675.330968,2.50344,4.608819,0.160503,735,32,0.000423,675.017266,7,0,7
708.392191,2.749729,3.967117,0.187746,564,24,0.000333,708.095234,6,0,6
497.03568,1.139135,4.730666,0.175019,435,40,0.000433,496.725529,5,1,5
632.847763,1.836922,1.601374,0.174725,476,42,0.000455,632.542396,5,1,5
253.564419,2.13893,1.761072,0.196663,583,42,0.000422,253.21724,5,1,6
741.525866,1.383951,1.288866,0.167854,412,50,0.000422,741.200542,3,1,5
