OK
338.428768
195
Boogie Dump Took : 1.270307
0.007932
12.93869
1.66174936410256
76.569932,119.741226,27.1893450000002,1.7657,12240,188,0.001655,75.902888,18,8,12
68.815795,86.27622,20.445386,3.776212,9726,284,0.002261,68.00591,15,4,33
90.795623,117.544846,25.3610390000001,1.576826,12773,226,0.001757,90.148939,22,7,12
79.718083,75.518884,19.2879060000001,1.909462,8459,144,0.001167,79.150378,15,3,17
79.763742,104.348941,23.9721360000001,2.258331,11334,226,0.001746,78.942201,18,6,17
77.026047,104.982727,24.5245539999999,2.433041,10833,186,0.001535,76.37171,18,5,18
92.643448,95.688891,23.4652880000001,2.353454,11276,210,0.001798,92.004944,20,8,16
81.571892,103.85842,24.051998,2.708112,11413,238,0.001954,80.875162,17,11,18
