OK
154.595141
131
Boogie Dump Took : 1.259217
0.022387
8.088305
1.13097824427481
65.590539,22.175538,13.822837,0.62916,4114,116,0.000986999999999999,65.122377,13,1,16
58.4639,26.354544,14.076683,0.725096,4776,114,0.000980999999999999,58.006797,16,1,19
59.401265,24.288704,13.518922,0.58784,4427,118,0.000952,58.954366,14,3,16
61.263273,27.645133,15.139138,0.517636,5295,114,0.000995999999999999,60.839195,19,2,14
48.668741,17.837625,16.006196,0.549218,3853,128,0.001145,48.264474,14,4,11
44.25989,22.064362,20.148053,0.627107,4087,96,0.000878,43.831795,15,2,14
44.825994,25.266517,14.680987,0.514209,4151,106,0.001075,44.413131,13,3,9
41.33889,20.44058,13.708753,0.601438,3588,100,0.000966,40.820087,10,1,15
