OK
162.361135
150
Boogie Dump Took : 0.799981
0.002524
9.537682
1.03195279333333
31.526985,35.163057,9.02121200000001,1.820824,4584,366,0.002967,31.011508,8,1,23
48.467002,59.1794,15.195312,1.211376,7488,152,0.001536,47.981744,19,0,16
44.407025,54.226784,13.734512,0.947975,6447,164,0.001565,43.870876,17,3,11
54.263398,56.403339,15.315655,1.15873,7527,256,0.00202,53.725346,20,1,18
49.709309,62.630072,16.173934,1.027383,7968,194,0.001627,49.161542,22,4,14
44.635194,43.346969,12.347556,1.223982,5949,234,0.002045,44.143153,17,4,11
30.185944,51.406868,13.106954,2.126641,6073,322,0.002597,29.669127,13,2,27
43.317131,63.815853,15.821744,1.388382,7905,248,0.002073,42.479246,16,3,12
