TIMEDOUT
3600
1463
Boogie Dump Took : 2.373651
0,0,0,0,0,0,0,127.259168,22,22,22
0,0,0,0,0,0,0,17.173959,12,18,12
0,0,0,0,0,0,0,90.568109,20,27,18
0,0,0,0,0,0,0,131.870309,19,27,20
0,0,0,0,0,0,0,95.167373,21,23,20
0,0,0,0,0,0,0,61.252732,19,21,20
0,0,0,0,0,0,0,64.152507,21,28,22
0,0,0,0,0,0,0,130.922156,24,28,22
0,0,0,0,0,0,0,57.47054,17,28,16
0,0,0,0,0,0,0,115.713737,23,26,23
0,0,0,0,0,0,0,108.887891,19,20,18
0,0,0,0,0,0,0,72.446193,22,24,22
0,0,0,0,0,0,0,111.828481,20,31,19
0,0,0,0,0,0,0,85.316468,22,27,18
0,0,0,0,0,0,0,94.68679,18,36,15
0,0,0,0,0,0,0,82.855006,17,23,21
0,0,0,0,0,0,0,81.79904,17,21,26
0,0,0,0,0,0,0,96.777353,18,24,18
0,0,0,0,0,0,0,101.453451,17,30,19
0,0,0,0,0,0,0,63.801697,16,31,20
0,0,0,0,0,0,0,73.804873,16,30,18
0,0,0,0,0,0,0,76.729791,15,27,16
0,0,0,0,0,0,0,71.06592,20,28,18
0,0,0,0,0,0,0,101.932698,16,34,15
0,0,0,0,0,0,0,93.950933,17,25,19
0,0,0,0,0,0,0,86.803284,23,32,15
0,0,0,0,0,0,0,71.411466,20,26,20
0,0,0,0,0,0,0,80.491587,16,26,19
0,0,0,0,0,0,0,55.915816,17,27,20
0,0,0,0,0,0,0,75.165404,17,28,19
0,0,0,0,0,0,0,88.781755,19,34,15
0,0,0,0,0,0,0,66.547447,21,30,16
#stats#
TotalSplitsOR: 0
TotalSplitsAND: 4275
Non-Leading client : comma seperated leading clients killed
Node : startTime, EndTime