OK
918.720905
1635
Boogie Dump Took : 1.485531
0.000603
16.162645
0.551052094801224
0,0,0,0,0,0,0,121.880432,13,37,13
0,0,0,0,0,0,0,196.529262,18,37,12
0,0,0,0,0,0,0,161.063886,18,31,22
0,0,0,0,0,0,0,128.10912,16,40,14
0,0,0,0,0,0,0,163.539949,19,31,15
0,0,0,0,0,0,0,74.319,17,33,20
0,0,0,0,0,0,0,171.557755,17,37,16
0,0,0,0,0,0,0,181.84351,18,33,19
0,0,0,0,0,0,0,145.210801,16,35,20
0,0,0,0,0,0,0,171.893409,16,30,14
0,0,0,0,0,0,0,171.531028,15,32,16
0,0,0,0,0,0,0,159.881308,16,39,16
0,0,0,0,0,0,0,108.359112,18,32,17
0,0,0,0,0,0,0,199.238654,19,39,10
0,0,0,0,0,0,0,84.048354,15,32,23
0,0,0,0,0,0,0,135.07096,17,35,17
0,0,0,0,0,0,0,73.044516,17,34,15
0,0,0,0,0,0,0,105.428637,13,36,14
0,0,0,0,0,0,0,122.675796,15,37,18
0,0,0,0,0,0,0,111.807111,14,31,18
0,0,0,0,0,0,0,98.840154,12,37,16
0,0,0,0,0,0,0,199.959419,13,37,16
0,0,0,0,0,0,0,123.090095,20,31,17
0,0,0,0,0,0,0,115.119952,16,35,14
0,0,0,0,0,0,0,81.138112,11,44,15
0,0,0,0,0,0,0,113.105988,14,36,15
0,0,0,0,0,0,0,95.551703,12,42,12
0,0,0,0,0,0,0,132.306077,15,40,9
0,0,0,0,0,0,0,99.376142,14,36,12
0,0,0,0,0,0,0,85.22846,14,33,15
0,0,0,0,0,0,0,136.291687,14,36,15
0,0,0,0,0,0,0,79.602745,14,41,11
#stats#
TotalSplitsOR: 0
TotalSplitsAND: 1635
Non-Leading client : comma seperated leading clients killed
Node : startTime, EndTime