OK
892.445456
411
Boogie Dump Took : 1.724269
0.002207
22.813424
1.84858499513382
0,0,0,0,0,0,0,168.61552,7,10,7
0,0,0,0,0,0,0,107.232206,10,9,6
0,0,0,0,0,0,0,80.0834,8,12,6
0,0,0,0,0,0,0,94.504569,5,0,6
0,0,0,0,0,0,0,28.429934,5,3,6
0,0,0,0,0,0,0,110.024616,8,10,3
0,0,0,0,0,0,0,27.820578,4,6,5
0,0,0,0,0,0,0,110.628701,8,12,5
0,0,0,0,0,0,0,140.7836,8,11,5
0,0,0,0,0,0,0,80.692044,8,10,7
0,0,0,0,0,0,0,140.336081,6,0,10
0,0,0,0,0,0,0,98.007364,7,6,6
0,0,0,0,0,0,0,116.134822,4,0,5
0,0,0,0,0,0,0,117.64724,6,6,5
0,0,0,0,0,0,0,28.769999,4,6,2
0,0,0,0,0,0,0,173.543893,5,0,8
0,0,0,0,0,0,0,29.05379,2,1,2
0,0,0,0,0,0,0,89.361012,5,10,3
0,0,0,0,0,0,0,95.539528,4,3,8
0,0,0,0,0,0,0,110.946396,5,9,4
0,0,0,0,0,0,0,58.211169,8,15,2
0,0,0,0,0,0,0,110.267892,5,7,7
0,0,0,0,0,0,0,126.285309,7,9,16
0,0,0,0,0,0,0,85.763394,6,6,4
0,0,0,0,0,0,0,108.163148,5,6,14
0,0,0,0,0,0,0,99.401077,5,6,3
0,0,0,0,0,0,0,65.778624,3,1,3
0,0,0,0,0,0,0,93.443334,6,8,7
0,0,0,0,0,0,0,109.185446,9,12,7
0,0,0,0,0,0,0,129.093556,6,5,11
0,0,0,0,0,0,0,118.789098,7,13,2
0,0,0,0,0,0,0,30.416458,3,10,4
#stats#
TotalSplitsOR: 0
TotalSplitsAND: 7381
Non-Leading client : comma seperated leading clients killed
Node : startTime, EndTime