NOK
9.300989
63
Boogie Dump Took : 1.1713
0.001173
0.747479
0.126101380952381
0,0,0,0,0,0,0,4.565681,3,0,1
0,0,0,0,0,0,0,4.137155,1,0,2
0,0,0,0,0,0,0,4.332995,2,0,1
0,0,0,0,0,0,0,2.921293,3,0,4
0,0,0,0,0,0,0,3.580888,1,0,2
0,0,0,0,0,0,0,3.983084,1,0,2
0,0,0,0,0,0,0,4.401489,2,0,1
0,0,0,0,0,0,0,3.988401,1,0,1
0,0,0,0,0,0,0,3.983935,3,0,1
0,0,0,0,0,0,0,4.024767,2,0,1
0,0,0,0,0,0,0,3.383643,3,0,5
0,0,0,0,0,0,0,3.152781,1,0,4
0,0,0,0,0,0,0,4.136324,2,0,2
0,0,0,0,0,0,0,3.802852,1,0,0
0,0,0,0,0,0,0,4.103877,1,0,0
0,0,0,0,0,0,0,4.155281,1,0,0
0,0,0,0,0,0,0,3.194081,2,0,1
0,0,0,0,0,0,0,3.046186,2,0,3
0,0,0,0,0,0,0,2.413193,2,0,5
0,0,0,0,0,0,0,2.658765,1,0,4
0,0,0,0,0,0,0,3.215916,3,0,0
0,0,0,0,0,0,0,3.192501,3,0,1
0,0,0,0,0,0,0,3.368982,1,0,0
0,0,0,0,0,0,0,3.512978,1,0,0
0,0,0,0,0,0,0,3.022463,2,0,3
0,0,0,0,0,0,0,3.808536,2,0,3
0,0,0,0,0,0,0,4.429813,3,0,1
0,0,0,0,0,0,0,2.790694,3,0,5
0,0,0,0,0,0,0,2.817581,1,0,3
0,0,0,0,0,0,0,4.487399,3,0,0
0,0,0,0,0,0,0,3.676847,1,0,1
0,0,0,0,0,0,0,4.452678,2,0,0
