OK
1802.811023
588
Boogie Dump Took : 1.030102
0.000536
59.814408
3.03434190136055
0,0,0,0,0,0,0,399.638301,13,0,46
0,0,0,0,0,0,0,265.852192,39,4,12
0,0,0,0,0,0,0,371.065312,34,3,16
0,0,0,0,0,0,0,383.516752,40,5,14
0,0,0,0,0,0,0,391.415466,36,4,16
0,0,0,0,0,0,0,397.066959,6,1,84
0,0,0,0,0,0,0,274.107337,21,1,32
0,0,0,0,0,0,0,415.257757,42,8,11
0,0,0,0,0,0,0,8.179834,10,5,17
0,0,0,0,0,0,0,3.678553,2,1,28
0,0,0,0,0,0,0,41.791567,14,2,8
0,0,0,0,0,0,0,4.657569,5,3,25
0,0,0,0,0,0,0,282.855991,18,1,5
0,0,0,0,0,0,0,38.769069,16,0,5
0,0,0,0,0,0,0,188.670401,16,2,3
0,0,0,0,0,0,0,100.414306,15,2,4
0,0,0,0,0,0,0,11.353408,16,0,6
0,0,0,0,0,0,0,17.098091,19,1,4
0,0,0,0,0,0,0,3.244844,2,2,27
0,0,0,0,0,0,0,20.4253,16,1,6
0,0,0,0,0,0,0,127.974188,17,0,2
0,0,0,0,0,0,0,24.86668,10,3,14
0,0,0,0,0,0,0,26.404971,16,0,8
0,0,0,0,0,0,0,3.345745,2,3,30
0,0,0,0,0,0,0,274.545276,17,2,5
0,0,0,0,0,0,0,50.962019,14,0,7
0,0,0,0,0,0,0,167.537983,3,0,28
0,0,0,0,0,0,0,85.574286,10,4,14
0,0,0,0,0,0,0,68.723536,15,1,2
0,0,0,0,0,0,0,185.430204,16,4,4
0,0,0,0,0,0,0,231.668871,5,3,29
0,0,0,0,0,0,0,209.489419,16,1,6
