NOK
7.904639
70
Boogie Dump Took : 1.282568
0.000207
0.337467
0.0898591857142857
0,0,0,0,0,0,0,2.50059,1,0,2
0,0,0,0,0,0,0,3.259272,4,0,1
0,0,0,0,0,0,0,3.131203,3,0,2
0,0,0,0,0,0,0,2.427267,3,0,5
0,0,0,0,0,0,0,2.586026,1,0,2
0,0,0,0,0,0,0,3.047683,2,0,1
0,0,0,0,0,0,0,2.535925,1,0,3
0,0,0,0,0,0,0,2.901906,2,0,1
0,0,0,0,0,0,0,3.437613,2,0,2
0,0,0,0,0,0,0,3.990232,3,0,3
0,0,0,0,0,0,0,3.9039,2,0,2
0,0,0,0,0,0,0,3.846498,2,0,2
0,0,0,0,0,0,0,4.599567,3,0,1
0,0,0,0,0,0,0,2.94352,2,0,5
0,0,0,0,0,0,0,4.201488,2,0,2
0,0,0,0,0,0,0,4.499818,3,0,1
0,0,0,0,0,0,0,3.641096,2,0,3
0,0,0,0,0,0,0,4.747644,2,0,1
0,0,0,0,0,0,0,5.069432,3,0,1
0,0,0,0,0,0,0,4.868564,2,0,1
0,0,0,0,0,0,0,4.668711,2,0,2
0,0,0,0,0,0,0,4.603074,2,0,1
0,0,0,0,0,0,0,4.645597,2,0,1
0,0,0,0,0,0,0,3.104118,1,0,5
0,0,0,0,0,0,0,3.072749,3,0,2
0,0,0,0,0,0,0,3.008328,2,0,2
0,0,0,0,0,0,0,3.147737,2,0,1
0,0,0,0,0,0,0,3.337583,3,0,1
0,0,0,0,0,0,0,2.330996,2,0,5
0,0,0,0,0,0,0,2.47419,1,0,4
0,0,0,0,0,0,0,3.096323,3,0,1
0,0,0,0,0,0,0,3.227714,1,0,0
