NOK
11.46553
88
Boogie Dump Took : 1.735362
0.000249
0.936497
0.104636875
0,0,0,0,0,0,0,3.328694,3,0,3
0,0,0,0,0,0,0,3.37933,2,0,2
0,0,0,0,0,0,0,2.973411,3,0,3
0,0,0,0,0,0,0,3.699412,2,0,1
0,0,0,0,0,0,0,2.280939,2,0,3
0,0,0,0,0,0,0,3.6776,2,0,1
0,0,0,0,0,0,0,3.475096,2,1,2
0,0,0,0,0,0,0,3.146369,1,0,2
0,0,0,0,0,0,0,2.808158,2,1,4
0,0,0,0,0,0,0,3.667842,4,0,3
0,0,0,0,0,0,0,3.999183,3,0,3
0,0,0,0,0,0,0,3.655355,2,0,4
0,0,0,0,0,0,0,3.773995,3,0,3
0,0,0,0,0,0,0,3.91753,2,0,1
0,0,0,0,0,0,0,4.461977,2,0,2
0,0,0,0,0,0,0,4.717773,3,0,0
0,0,0,0,0,0,0,5.777315,3,0,4
0,0,0,0,0,0,0,5.67229,3,0,1
0,0,0,0,0,0,0,4.627809,3,0,5
0,0,0,0,0,0,0,6.028802,3,0,1
0,0,0,0,0,0,0,4.735588,2,0,2
0,0,0,0,0,0,0,6.242914,3,0,2
0,0,0,0,0,0,0,4.801016,2,0,4
0,0,0,0,0,0,0,5.507396,4,0,3
0,0,0,0,0,0,0,2.963269,2,1,4
0,0,0,0,0,0,0,3.509286,2,0,2
0,0,0,0,0,0,0,3.733748,2,0,3
0,0,0,0,0,0,0,3.29847,3,0,2
0,0,0,0,0,0,0,3.593736,2,0,2
0,0,0,0,0,0,0,3.623215,3,0,1
0,0,0,0,0,0,0,3.780571,2,0,1
0,0,0,0,0,0,0,3.638763,3,0,3
