OK
146.252498
285
Boogie Dump Took : 1.970386
0.001659
4.25
0.504763171929825
0,0,0,0,0,0,0,21.171997,7,0,5
0,0,0,0,0,0,0,19.955107,9,1,4
0,0,0,0,0,0,0,16.052855,7,0,3
0,0,0,0,0,0,0,19.825176,6,0,3
0,0,0,0,0,0,0,12.353601,6,1,3
0,0,0,0,0,0,0,52.861869,9,1,4
0,0,0,0,0,0,0,63.990188,2,1,16
0,0,0,0,0,0,0,18.408375,2,0,10
0,0,0,0,0,0,0,14.785583,7,1,17
0,0,0,0,0,0,0,17.055216,10,1,8
0,0,0,0,0,0,0,17.891647,9,1,7
0,0,0,0,0,0,0,20.208067,8,2,8
0,0,0,0,0,0,0,14.02485,11,0,8
0,0,0,0,0,0,0,13.747449,10,1,7
0,0,0,0,0,0,0,29.086367,12,0,10
0,0,0,0,0,0,0,16.090202,8,0,9
0,0,0,0,0,0,0,21.233189,12,0,7
0,0,0,0,0,0,0,13.069064,13,0,9
0,0,0,0,0,0,0,12.976243,10,0,10
0,0,0,0,0,0,0,22.619488,10,1,9
0,0,0,0,0,0,0,15.627053,11,0,6
0,0,0,0,0,0,0,25.439059,12,1,13
0,0,0,0,0,0,0,17.499735,7,0,17
0,0,0,0,0,0,0,20.312133,8,2,11
0,0,0,0,0,0,0,42.123998,9,0,8
0,0,0,0,0,0,0,30.628409,4,1,13
0,0,0,0,0,0,0,30.951938,8,0,5
0,0,0,0,0,0,0,26.65449,8,1,6
0,0,0,0,0,0,0,22.855314,8,0,6
0,0,0,0,0,0,0,34.010139,10,0,7
0,0,0,0,0,0,0,37.182218,9,0,6
0,0,0,0,0,0,0,25.839954,6,1,10
