OK
276.588572
489
Boogie Dump Took : 1.871369
0.000317
5.26655
0.55694972597137
0,0,0,0,0,0,0,26.67405,9,4,13
0,0,0,0,0,0,0,26.293744,10,4,18
0,0,0,0,0,0,0,26.914304,12,5,10
0,0,0,0,0,0,0,45.791468,15,6,11
0,0,0,0,0,0,0,31.138945,12,4,13
0,0,0,0,0,0,0,26.888773,17,4,10
0,0,0,0,0,0,0,33.42211,12,3,13
0,0,0,0,0,0,0,33.709664,13,7,12
0,0,0,0,0,0,0,31.113099,14,1,13
0,0,0,0,0,0,0,40.816589,12,2,11
0,0,0,0,0,0,0,30.424035,11,3,14
0,0,0,0,0,0,0,42.849782,11,3,17
0,0,0,0,0,0,0,40.640279,11,3,9
0,0,0,0,0,0,0,31.350417,13,1,12
0,0,0,0,0,0,0,39.547322,12,4,5
0,0,0,0,0,0,0,41.612307,11,2,13
0,0,0,0,0,0,0,26.846962,15,2,16
0,0,0,0,0,0,0,22.259418,11,3,15
0,0,0,0,0,0,0,28.451249,17,1,16
0,0,0,0,0,0,0,22.16599,13,1,8
0,0,0,0,0,0,0,31.834184,10,5,12
0,0,0,0,0,0,0,22.100469,14,3,14
0,0,0,0,0,0,0,18.098866,12,2,13
0,0,0,0,0,0,0,28.773532,15,0,12
0,0,0,0,0,0,0,31.673046,14,2,13
0,0,0,0,0,0,0,37.393497,11,2,13
0,0,0,0,0,0,0,35.141142,12,1,12
0,0,0,0,0,0,0,20.525084,14,2,13
0,0,0,0,0,0,0,43.183078,14,1,10
0,0,0,0,0,0,0,24.235085,12,3,13
0,0,0,0,0,0,0,54.58529,10,2,11
0,0,0,0,0,0,0,45.118303,13,1,14
