NOK
11.116857
84
Boogie Dump Took : 1.56527
0.003097
0.481329
0.108339666666667
0,0,0,0,0,0,0,3.31888,2,0,3
0,0,0,0,0,0,0,3.503396,3,0,2
0,0,0,0,0,0,0,3.676858,3,0,2
0,0,0,0,0,0,0,3.832748,3,0,2
0,0,0,0,0,0,0,2.198148,1,0,6
0,0,0,0,0,0,0,3.586704,2,0,1
0,0,0,0,0,0,0,3.532468,2,0,1
0,0,0,0,0,0,0,3.701249,2,0,1
0,0,0,0,0,0,0,3.965938,4,0,3
0,0,0,0,0,0,0,3.985605,2,0,1
0,0,0,0,0,0,0,4.208207,3,0,2
0,0,0,0,0,0,0,4.398349,3,0,3
0,0,0,0,0,0,0,4.513803,3,0,1
0,0,0,0,0,0,0,4.655648,2,1,1
0,0,0,0,0,0,0,2.827486,1,0,8
0,0,0,0,0,0,0,4.555449,3,0,1
0,0,0,0,0,0,0,3.196911,2,0,8
0,0,0,0,0,0,0,5.074128,4,0,1
0,0,0,0,0,0,0,4.081003,2,0,4
0,0,0,0,0,0,0,4.992133,4,0,2
0,0,0,0,0,0,0,5.05574,2,0,2
0,0,0,0,0,0,0,5.694146,2,0,1
0,0,0,0,0,0,0,5.865106,3,0,1
0,0,0,0,0,0,0,5.681923,2,0,1
0,0,0,0,0,0,0,4.623729,2,0,4
0,0,0,0,0,0,0,5.201148,4,0,3
0,0,0,0,0,0,0,5.302194,3,0,2
0,0,0,0,0,0,0,5.308949,3,0,2
0,0,0,0,0,0,0,5.394781,3,0,1
0,0,0,0,0,0,0,5.286622,3,0,1
0,0,0,0,0,0,0,5.494579,2,0,2
0,0,0,0,0,0,0,3.210369,1,0,5
