NOK
163.87329
472
Boogie Dump Took : 2.345987
0.000371
4.312959
0.34083901059322
0,0,0,0,0,0,0,27.372747,15,1,12
0,0,0,0,0,0,0,30.576383,12,2,13
0,0,0,0,0,0,0,29.38303,12,1,13
0,0,0,0,0,0,0,31.114356,11,0,11
0,0,0,0,0,0,0,32.32437,13,0,11
0,0,0,0,0,0,0,30.980087,13,2,11
0,0,0,0,0,0,0,41.017139,10,0,14
0,0,0,0,0,0,0,38.383133,12,2,13
0,0,0,0,0,0,0,24.821303,16,3,14
0,0,0,0,0,0,0,24.354368,16,3,16
0,0,0,0,0,0,0,28.081169,14,3,14
0,0,0,0,0,0,0,25.264046,16,3,16
0,0,0,0,0,0,0,26.751137,13,3,14
0,0,0,0,0,0,0,25.027038,14,2,22
0,0,0,0,0,0,0,26.574176,14,3,14
0,0,0,0,0,0,0,27.468382,17,1,9
0,0,0,0,0,0,0,33.391267,15,0,17
0,0,0,0,0,0,0,24.934991,15,1,23
0,0,0,0,0,0,0,27.752968,14,0,13
0,0,0,0,0,0,0,30.097912,18,0,14
0,0,0,0,0,0,0,29.124155,15,1,11
0,0,0,0,0,0,0,27.276111,13,2,10
0,0,0,0,0,0,0,34.887926,17,2,21
0,0,0,0,0,0,0,33.500088,16,1,13
0,0,0,0,0,0,0,71.710913,9,0,10
0,0,0,0,0,0,0,77.398079,13,0,11
0,0,0,0,0,0,0,77.819616,12,1,11
0,0,0,0,0,0,0,52.675828,10,0,12
0,0,0,0,0,0,0,69.857932,7,0,9
0,0,0,0,0,0,0,67.292062,12,0,8
0,0,0,0,0,0,0,72.062539,12,0,8
0,0,0,0,0,0,0,68.853999,7,1,12
