OK
282.457194
371
Boogie Dump Took : 1.652238
0.000875
20.267574
0.737869339622642
0,0,0,0,0,0,0,41.280182,5,2,10
0,0,0,0,0,0,0,60.956083,13,0,18
0,0,0,0,0,0,0,69.852189,11,0,12
0,0,0,0,0,0,0,5.013327,4,0,3
0,0,0,0,0,0,0,58.27706,14,0,11
0,0,0,0,0,0,0,47.158657,12,1,8
0,0,0,0,0,0,0,57.658827,12,0,11
0,0,0,0,0,0,0,69.387676,11,1,9
0,0,0,0,0,0,0,64.576687,9,2,12
0,0,0,0,0,0,0,37.690165,9,2,13
0,0,0,0,0,0,0,29.476808,7,1,11
0,0,0,0,0,0,0,39.216272,11,2,10
0,0,0,0,0,0,0,53.257004,11,1,5
0,0,0,0,0,0,0,34.002762,11,1,16
0,0,0,0,0,0,0,52.647209,13,1,9
0,0,0,0,0,0,0,40.40211,13,0,7
0,0,0,0,0,0,0,47.268028,9,2,11
0,0,0,0,0,0,0,51.80957,8,1,16
0,0,0,0,0,0,0,91.81593,12,2,5
0,0,0,0,0,0,0,56.267541,10,0,9
0,0,0,0,0,0,0,63.714485,11,3,7
0,0,0,0,0,0,0,66.146083,9,2,9
0,0,0,0,0,0,0,58.762431,12,2,7
0,0,0,0,0,0,0,45.100335,12,1,18
0,0,0,0,0,0,0,60.958466,8,3,12
0,0,0,0,0,0,0,63.057835,12,1,6
0,0,0,0,0,0,0,48.900753,8,1,16
0,0,0,0,0,0,0,41.420185,10,1,18
0,0,0,0,0,0,0,40.519297,11,2,7
0,0,0,0,0,0,0,61.350144,12,0,10
0,0,0,0,0,0,0,51.6712,12,2,7
0,0,0,0,0,0,0,29.141331,10,2,6
