NOK
39.802403
170
Boogie Dump Took : 1.343572
0.000636
3.881543
0.223049276470588
0,0,0,0,0,0,0,17.207504,4,0,3
0,0,0,0,0,0,0,17.313904,4,0,3
0,0,0,0,0,0,0,15.960311,3,0,2
0,0,0,0,0,0,0,17.095659,6,0,4
0,0,0,0,0,0,0,12.832852,4,1,6
0,0,0,0,0,0,0,14.329201,5,0,2
0,0,0,0,0,0,0,15.161286,3,0,9
0,0,0,0,0,0,0,12.041589,3,0,3
0,0,0,0,0,0,0,9.631736,6,0,7
0,0,0,0,0,0,0,12.70125,5,0,4
0,0,0,0,0,0,0,13.101285,6,0,3
0,0,0,0,0,0,0,10.702586,4,0,7
0,0,0,0,0,0,0,14.503548,7,0,1
0,0,0,0,0,0,0,14.414302,5,0,4
0,0,0,0,0,0,0,14.143291,6,0,2
0,0,0,0,0,0,0,9.210576,4,0,14
0,0,0,0,0,0,0,13.928785,8,0,5
0,0,0,0,0,0,0,6.219283,2,0,11
0,0,0,0,0,0,0,17.46321,9,0,4
0,0,0,0,0,0,0,13.529691,7,0,5
0,0,0,0,0,0,0,14.466946,4,0,3
0,0,0,0,0,0,0,11.782804,6,0,10
0,0,0,0,0,0,0,13.737996,6,0,4
0,0,0,0,0,0,0,12.394938,5,0,4
0,0,0,0,0,0,0,11.900162,7,0,5
0,0,0,0,0,0,0,7.302044,3,0,9
0,0,0,0,0,0,0,11.459572,8,0,5
0,0,0,0,0,0,0,10.520307,6,0,7
0,0,0,0,0,0,0,11.338007,8,0,4
0,0,0,0,0,0,0,11.02517,5,0,7
0,0,0,0,0,0,0,12.772561,6,0,3
0,0,0,0,0,0,0,8.52824,3,0,5
