NOK
52.230993
257
Boogie Dump Took : 1.389392
0.000602
3.537566
0.191908284046693
0,0,0,0,0,0,0,12.965226,8,0,6
0,0,0,0,0,0,0,10.462298,8,0,10
0,0,0,0,0,0,0,8.00223,5,0,7
0,0,0,0,0,0,0,7.363459,5,1,6
0,0,0,0,0,0,0,12.065996,6,1,5
0,0,0,0,0,0,0,14.102073,7,0,7
0,0,0,0,0,0,0,14.063306,7,1,6
0,0,0,0,0,0,0,14.575817,7,0,6
0,0,0,0,0,0,0,15.230142,8,0,10
0,0,0,0,0,0,0,14.38385,7,0,13
0,0,0,0,0,0,0,17.748812,9,1,8
0,0,0,0,0,0,0,14.162897,9,0,10
0,0,0,0,0,0,0,20.362555,11,0,5
0,0,0,0,0,0,0,13.403984,7,0,11
0,0,0,0,0,0,0,18.903177,8,0,6
0,0,0,0,0,0,0,17.43117,9,0,4
0,0,0,0,0,0,0,8.001494,10,0,7
0,0,0,0,0,0,0,5.396321,5,0,7
0,0,0,0,0,0,0,7.430624,6,1,5
0,0,0,0,0,0,0,6.78969,7,0,12
0,0,0,0,0,0,0,6.619863,5,0,7
0,0,0,0,0,0,0,8.327993,9,0,2
0,0,0,0,0,0,0,6.656166,7,0,9
0,0,0,0,0,0,0,6.590575,6,0,5
0,0,0,0,0,0,0,19.335545,11,0,12
0,0,0,0,0,0,0,22.836183,10,0,7
0,0,0,0,0,0,0,22.330548,11,0,7
0,0,0,0,0,0,0,23.723424,9,0,4
0,0,0,0,0,0,0,20.268337,11,0,7
0,0,0,0,0,0,0,20.02202,8,0,9
0,0,0,0,0,0,0,14.114112,6,0,16
0,0,0,0,0,0,0,14.8044,7,0,10
