OK
99.85984
444
Boogie Dump Took : 1.156923
0.000781
3.817569
0.220600027027027
0,0,0,0,0,0,0,17.024146,8,0,12
0,0,0,0,0,0,0,18.705367,9,0,16
0,0,0,0,0,0,0,22.04628,15,0,9
0,0,0,0,0,0,0,17.975428,7,0,9
0,0,0,0,0,0,0,19.707815,10,1,11
0,0,0,0,0,0,0,16.743441,10,0,5
0,0,0,0,0,0,0,22.705311,17,1,7
0,0,0,0,0,0,0,16.296435,6,0,13
0,0,0,0,0,0,0,12.574302,15,1,11
0,0,0,0,0,0,0,21.023638,26,0,17
0,0,0,0,0,0,0,12.873841,16,0,11
0,0,0,0,0,0,0,19.325996,22,1,13
0,0,0,0,0,0,0,16.552916,14,0,22
0,0,0,0,0,0,0,16.418848,14,0,24
0,0,0,0,0,0,0,14.443133,20,0,18
0,0,0,0,0,0,0,11.514513,9,0,19
0,0,0,0,0,0,0,18.989869,15,0,16
0,0,0,0,0,0,0,15.959722,12,0,15
0,0,0,0,0,0,0,20.285445,15,0,13
0,0,0,0,0,0,0,8.846347,12,0,19
0,0,0,0,0,0,0,20.666097,11,0,7
0,0,0,0,0,0,0,15.228884,13,1,14
0,0,0,0,0,0,0,18.682666,10,0,12
0,0,0,0,0,0,0,19.733434,19,0,10
0,0,0,0,0,0,0,18.923528,14,0,11
0,0,0,0,0,0,0,14.882416,15,1,14
0,0,0,0,0,0,0,12.98607,10,0,21
0,0,0,0,0,0,0,12.00616,8,0,20
0,0,0,0,0,0,0,29.373517,15,0,11
0,0,0,0,0,0,0,22.463598,17,0,4
0,0,0,0,0,0,0,20.719282,16,1,15
0,0,0,0,0,0,0,18.709259,16,1,14
