NOK
64.799425
196
Boogie Dump Took : 4.8204
0.002828
1.966438
0.302272908163265
0,0,0,0,0,0,0,3.839869,3,4,2
0,0,0,0,0,0,0,3.277841,2,0,2
0,0,0,0,0,0,0,3.834916,2,0,2
0,0,0,0,0,0,0,1.963296,2,5,6
0,0,0,0,0,0,0,3.111512,2,5,2
0,0,0,0,0,0,0,3.322696,3,5,1
0,0,0,0,0,0,0,3.612304,1,3,0
0,0,0,0,0,0,0,3.735066,1,0,1
0,0,0,0,0,0,0,3.465175,3,0,1
0,0,0,0,0,0,0,3.553412,3,0,1
0,0,0,0,0,0,0,3.674175,2,4,1
0,0,0,0,0,0,0,3.905718,2,0,1
0,0,0,0,0,0,0,3.312626,2,0,3
0,0,0,0,0,0,0,2.563571,1,3,6
0,0,0,0,0,0,0,3.517119,1,4,0
0,0,0,0,0,0,0,3.498025,1,3,1
0,0,0,0,0,0,0,3.071721,2,0,1
0,0,0,0,0,0,0,3.72148,2,3,2
0,0,0,0,0,0,0,4.20498,4,3,1
0,0,0,0,0,0,0,4.107936,2,0,2
0,0,0,0,0,0,0,2.377181,2,4,6
0,0,0,0,0,0,0,4.440554,2,1,1
0,0,0,0,0,0,0,3.565083,2,2,2
0,0,0,0,0,0,0,3.103751,1,1,1
0,0,0,0,0,0,0,2.984224,2,1,2
0,0,0,0,0,0,0,3.227886,2,0,1
0,0,0,0,0,0,0,3.466569,2,3,1
0,0,0,0,0,0,0,3.881723,2,2,1
0,0,0,0,0,0,0,1.913917,1,1,5
0,0,0,0,0,0,0,2.637585,1,3,1
0,0,0,0,0,0,0,2.51683,2,0,1
0,0,0,0,0,0,0,2.741633,1,3,0
