OK
2055.300433
1569
Boogie Dump Took : 1.137142
0.00073
18.815034
1.29624763798598
0,0,0,0,0,0,0,994.918695,10,39,12
0,0,0,0,0,0,0,517.254181,14,25,6
0,0,0,0,0,0,0,436.893819,8,41,10
0,0,0,0,0,0,0,755.316948,16,26,6
0,0,0,0,0,0,0,762.195255,13,26,13
0,0,0,0,0,0,0,583.454493,8,41,11
0,0,0,0,0,0,0,711.636764,10,22,16
0,0,0,0,0,0,0,921.439438,7,42,12
0,0,0,0,0,0,0,7.561412,15,22,7
0,0,0,0,0,0,0,8.807796,13,38,8
0,0,0,0,0,0,0,7.453757,12,34,12
0,0,0,0,0,0,0,6.743557,9,37,11
0,0,0,0,0,0,0,7.397544,16,38,8
0,0,0,0,0,0,0,7.932132,13,25,4
0,0,0,0,0,0,0,5.886139,8,34,25
0,0,0,0,0,0,0,5.261709,6,48,16
0,0,0,0,0,0,0,6.231572,10,34,14
0,0,0,0,0,0,0,7.617423,9,44,3
0,0,0,0,0,0,0,5.686031,13,34,11
0,0,0,0,0,0,0,6.682002,8,45,7
0,0,0,0,0,0,0,6.642873,4,48,10
0,0,0,0,0,0,0,7.564905,9,34,5
0,0,0,0,0,0,0,7.692411,8,43,10
0,0,0,0,0,0,0,8.169602,9,50,9
0,0,0,0,0,0,0,13.964886,9,48,17
0,0,0,0,0,0,0,9.938299,10,38,5
0,0,0,0,0,0,0,7.185122,8,44,13
0,0,0,0,0,0,0,5.098846,12,30,6
0,0,0,0,0,0,0,8.490849,12,52,6
0,0,0,0,0,0,0,8.042685,7,58,15
0,0,0,0,0,0,0,6.800313,14,28,9
0,0,0,0,0,0,0,8.114668,9,39,9
