OK
456.502501
364
Boogie Dump Took : 2.087705
0.002187
45.20529
1.21678936263736
0,0,0,0,0,0,0,24.141266,6,2,9
0,0,0,0,0,0,0,23.017777,9,0,9
0,0,0,0,0,0,0,17.116419,9,1,5
0,0,0,0,0,0,0,24.789132,9,2,11
0,0,0,0,0,0,0,32.544437,9,2,6
0,0,0,0,0,0,0,22.128553,5,2,6
0,0,0,0,0,0,0,26.659735,8,1,9
0,0,0,0,0,0,0,17.532226,7,1,7
0,0,0,0,0,0,0,29.609096,11,2,12
0,0,0,0,0,0,0,33.88649,11,3,13
0,0,0,0,0,0,0,19.727282,12,0,7
0,0,0,0,0,0,0,26.892344,11,3,12
0,0,0,0,0,0,0,28.07887,13,1,16
0,0,0,0,0,0,0,24.844284,12,2,12
0,0,0,0,0,0,0,18.716847,7,2,9
0,0,0,0,0,0,0,47.457752,13,3,8
0,0,0,0,0,0,0,14.1679,9,1,9
0,0,0,0,0,0,0,42.832918,24,2,7
0,0,0,0,0,0,0,22.015624,7,2,10
0,0,0,0,0,0,0,30.98376,9,2,16
0,0,0,0,0,0,0,15.884333,6,3,9
0,0,0,0,0,0,0,42.931505,9,1,9
0,0,0,0,0,0,0,19.081057,7,1,6
0,0,0,0,0,0,0,18.010637,7,2,11
0,0,0,0,0,0,0,25.555142,9,2,12
0,0,0,0,0,0,0,22.368255,12,2,6
0,0,0,0,0,0,0,10.579398,7,2,12
0,0,0,0,0,0,0,21.439546,10,1,12
0,0,0,0,0,0,0,32.789746,18,1,7
0,0,0,0,0,0,0,24.55188,10,1,12
0,0,0,0,0,0,0,22.091564,6,3,13
0,0,0,0,0,0,0,38.059546,7,2,4
