OK
1269.750134
778
Boogie Dump Took : 1.790009
0.000369
28.897086
1.62198623650386
0,0,0,0,0,0,0,446.139431,27,2,24
0,0,0,0,0,0,0,314.15124,25,7,32
0,0,0,0,0,0,0,327.229404,26,4,21
0,0,0,0,0,0,0,294.411931,17,8,30
0,0,0,0,0,0,0,356.353439,26,7,18
0,0,0,0,0,0,0,308.591331,22,6,19
0,0,0,0,0,0,0,475.425852,18,9,16
0,0,0,0,0,0,0,251.187674,21,11,22
0,0,0,0,0,0,0,236.024688,18,6,17
0,0,0,0,0,0,0,306.242975,20,7,24
0,0,0,0,0,0,0,326.634,17,5,12
0,0,0,0,0,0,0,312.651221,20,7,16
0,0,0,0,0,0,0,248.319305,15,6,13
0,0,0,0,0,0,0,275.212326,17,8,12
0,0,0,0,0,0,0,294.2492,16,10,16
0,0,0,0,0,0,0,370.558602,14,6,26
0,0,0,0,0,0,0,105.600421,16,4,18
0,0,0,0,0,0,0,200.383704,18,3,11
0,0,0,0,0,0,0,100.451246,14,5,21
0,0,0,0,0,0,0,104.237866,13,7,14
0,0,0,0,0,0,0,110.41287,15,7,21
0,0,0,0,0,0,0,178.499226,17,8,14
0,0,0,0,0,0,0,200.144985,21,1,11
0,0,0,0,0,0,0,179.468828,14,5,17
0,0,0,0,0,0,0,160.712804,21,5,25
0,0,0,0,0,0,0,135.003102,14,6,15
0,0,0,0,0,0,0,193.60083,19,5,17
0,0,0,0,0,0,0,166.063622,18,4,10
0,0,0,0,0,0,0,166.36739,20,8,19
0,0,0,0,0,0,0,157.743712,14,5,16
0,0,0,0,0,0,0,254.116074,14,4,17
0,0,0,0,0,0,0,183.48451,16,8,16
