OK
20.838479
158
Boogie Dump Took : 0.911508
0.00054
3.593528
0.115185417721519
0,0,0,0,0,0,0,4.460435,5,0,7
0,0,0,0,0,0,0,8.601214,5,0,4
0,0,0,0,0,0,0,4.038366,6,0,5
0,0,0,0,0,0,0,4.287434,4,0,2
0,0,0,0,0,0,0,4.385676,3,0,6
0,0,0,0,0,0,0,5.161568,6,0,7
0,0,0,0,0,0,0,5.372176,5,0,4
0,0,0,0,0,0,0,4.225874,4,0,3
0,0,0,0,0,0,0,4.631396,5,0,4
0,0,0,0,0,0,0,12.096853,6,0,3
0,0,0,0,0,0,0,4.797191,5,0,5
0,0,0,0,0,0,0,5.176424,5,0,3
0,0,0,0,0,0,0,5.090817,5,0,2
0,0,0,0,0,0,0,3.696479,4,0,11
0,0,0,0,0,0,0,2.670533,1,0,1
0,0,0,0,0,0,0,4.571436,3,0,4
0,0,0,0,0,0,0,2.44736,2,0,1
0,0,0,0,0,0,0,5.720433,8,0,7
0,0,0,0,0,0,0,5.281699,7,0,5
0,0,0,0,0,0,0,4.387003,5,0,6
0,0,0,0,0,0,0,4.727345,4,0,2
0,0,0,0,0,0,0,5.552768,6,0,5
0,0,0,0,0,0,0,5.213541,6,0,9
0,0,0,0,0,0,0,3.910259,3,0,5
0,0,0,0,0,0,0,4.526568,5,0,5
0,0,0,0,0,0,0,6.095697,8,0,4
0,0,0,0,0,0,0,5.312778,7,0,6
0,0,0,0,0,0,0,5.875979,6,0,6
0,0,0,0,0,0,0,5.109751,6,0,6
0,0,0,0,0,0,0,3.461698,4,0,1
0,0,0,0,0,0,0,4.307874,4,0,9
0,0,0,0,0,0,0,4.491121,5,0,7
