NOK
50.266545
209
Boogie Dump Took : 0.97755
0.000251
2.472791
0.233552186602871
0,0,0,0,0,0,0,6.72666,9,0,7
0,0,0,0,0,0,0,6.312261,9,0,6
0,0,0,0,0,0,0,6.615733,10,0,8
0,0,0,0,0,0,0,7.51046,12,0,10
0,0,0,0,0,0,0,4.899752,5,0,7
0,0,0,0,0,0,0,4.706684,6,0,12
0,0,0,0,0,0,0,5.382966,6,0,4
0,0,0,0,0,0,0,5.708646,4,2,7
0,0,0,0,0,0,0,4.583258,4,1,6
0,0,0,0,0,0,0,5.067337,4,3,4
0,0,0,0,0,0,0,5.651205,7,1,3
0,0,0,0,0,0,0,4.719259,4,2,6
0,0,0,0,0,0,0,5.551541,4,2,2
0,0,0,0,0,0,0,5.093545,5,1,5
0,0,0,0,0,0,0,5.531727,5,2,1
0,0,0,0,0,0,0,4.31562,3,2,8
0,0,0,0,0,0,0,3.759438,3,2,8
0,0,0,0,0,0,0,5.159521,4,1,7
0,0,0,0,0,0,0,5.298994,4,1,4
0,0,0,0,0,0,0,5.876213,7,1,4
0,0,0,0,0,0,0,5.318281,3,2,3
0,0,0,0,0,0,0,5.397383,6,2,4
0,0,0,0,0,0,0,4.809196,3,1,3
0,0,0,0,0,0,0,5.974683,7,1,3
0,0,0,0,0,0,0,5.22102,7,0,4
0,0,0,0,0,0,0,5.471311,4,2,5
0,0,0,0,0,0,0,5.938129,3,2,5
0,0,0,0,0,0,0,4.426289,2,2,5
0,0,0,0,0,0,0,6.649529,6,1,2
0,0,0,0,0,0,0,8.171737,6,1,6
0,0,0,0,0,0,0,6.444851,5,1,5
0,0,0,0,0,0,0,5.310307,3,1,3
