OK
140.003549
310
Boogie Dump Took : 1.430299
0.000617
3.69961
0.444646706451613
0,0,0,0,0,0,0,4.717077,2,1,15
0,0,0,0,0,0,0,9.37364,12,2,8
0,0,0,0,0,0,0,12.393587,18,0,8
0,0,0,0,0,0,0,12.546478,14,2,15
0,0,0,0,0,0,0,6.153613,5,0,10
0,0,0,0,0,0,0,9.864007,14,2,10
0,0,0,0,0,0,0,11.515925,13,0,13
0,0,0,0,0,0,0,9.794051,10,1,9
0,0,0,0,0,0,0,8.910989,10,2,10
0,0,0,0,0,0,0,5.89656,5,2,13
0,0,0,0,0,0,0,12.699094,6,1,6
0,0,0,0,0,0,0,8.605372,12,1,4
0,0,0,0,0,0,0,9.916116,4,3,10
0,0,0,0,0,0,0,7.017693,6,4,4
0,0,0,0,0,0,0,14.389488,5,2,6
0,0,0,0,0,0,0,17.022593,11,2,5
0,0,0,0,0,0,0,7.138833,5,1,12
0,0,0,0,0,0,0,6.794353,7,3,5
0,0,0,0,0,0,0,8.922148,9,1,8
0,0,0,0,0,0,0,5.492267,5,1,6
0,0,0,0,0,0,0,21.156294,5,4,6
0,0,0,0,0,0,0,4.750702,9,2,3
0,0,0,0,0,0,0,20.821475,5,2,4
0,0,0,0,0,0,0,4.522478,5,3,5
0,0,0,0,0,0,0,7.270654,6,1,7
0,0,0,0,0,0,0,15.371543,10,0,6
0,0,0,0,0,0,0,9.882728,9,2,8
0,0,0,0,0,0,0,7.612417,4,2,11
0,0,0,0,0,0,0,7.94101,5,2,8
0,0,0,0,0,0,0,13.039171,7,1,9
0,0,0,0,0,0,0,9.122078,8,2,7
0,0,0,0,0,0,0,16.025737,11,0,3
