NOK
90.730712
153
Boogie Dump Took : 1.672042
0.001767
3.287978
0.567650901960784
0,0,0,0,0,0,0,25.47296,5,0,3
0,0,0,0,0,0,0,27.102761,5,0,4
0,0,0,0,0,0,0,21.962049,3,0,3
0,0,0,0,0,0,0,22.260732,4,0,5
0,0,0,0,0,0,0,20.01763,3,0,4
0,0,0,0,0,0,0,20.543921,3,0,6
0,0,0,0,0,0,0,30.086066,5,0,4
0,0,0,0,0,0,0,22.543523,4,0,3
0,0,0,0,0,0,0,8.481106,4,1,5
0,0,0,0,0,0,0,11.720087,3,2,6
0,0,0,0,0,0,0,16.0176,3,0,2
0,0,0,0,0,0,0,13.191889,5,1,5
0,0,0,0,0,0,0,14.701155,5,1,3
0,0,0,0,0,0,0,17.711091,4,0,2
0,0,0,0,0,0,0,15.512918,2,1,2
0,0,0,0,0,0,0,14.396682,3,1,3
0,0,0,0,0,0,0,13.852522,5,0,4
0,0,0,0,0,0,0,16.951543,7,0,4
0,0,0,0,0,0,0,16.692085,3,1,2
0,0,0,0,0,0,0,18.27541,5,1,5
0,0,0,0,0,0,0,16.632121,5,0,8
0,0,0,0,0,0,0,17.62253,4,1,4
0,0,0,0,0,0,0,17.392876,5,0,7
0,0,0,0,0,0,0,16.032336,5,0,4
0,0,0,0,0,0,0,17.790559,4,1,5
0,0,0,0,0,0,0,19.525046,4,0,3
0,0,0,0,0,0,0,19.212702,5,0,5
0,0,0,0,0,0,0,15.112997,5,0,5
0,0,0,0,0,0,0,18.360444,4,0,2
0,0,0,0,0,0,0,15.193612,4,1,3
0,0,0,0,0,0,0,16.671182,2,1,5
0,0,0,0,0,0,0,19.859306,3,0,2
