NOK
31.194242
130
Boogie Dump Took : 1.531297
0.00045
1.717523
0.226091623076923
0,0,0,0,0,0,0,4.937384,2,1,2
0,0,0,0,0,0,0,4.83389,1,0,5
0,0,0,0,0,0,0,5.2229,3,1,1
0,0,0,0,0,0,0,3.495033,5,0,8
0,0,0,0,0,0,0,5.224449,6,0,2
0,0,0,0,0,0,0,5.407944,4,0,2
0,0,0,0,0,0,0,5.35261,3,0,3
0,0,0,0,0,0,0,4.659362,2,0,3
0,0,0,0,0,0,0,5.397258,3,1,1
0,0,0,0,0,0,0,5.8391,3,0,4
0,0,0,0,0,0,0,6.421921,4,0,1
0,0,0,0,0,0,0,4.28989,5,0,8
0,0,0,0,0,0,0,4.92143,4,0,2
0,0,0,0,0,0,0,6.454446,3,0,4
0,0,0,0,0,0,0,6.264245,5,0,1
0,0,0,0,0,0,0,5.039425,1,1,6
0,0,0,0,0,0,0,8.969945,9,0,5
0,0,0,0,0,0,0,10.565102,9,0,5
0,0,0,0,0,0,0,6.38008,6,0,6
0,0,0,0,0,0,0,4.84484,2,1,4
0,0,0,0,0,0,0,4.962183,1,0,3
0,0,0,0,0,0,0,5.340109,3,0,9
0,0,0,0,0,0,0,10.294332,6,0,4
0,0,0,0,0,0,0,8.600203,4,0,3
0,0,0,0,0,0,0,4.528564,2,0,3
0,0,0,0,0,0,0,5.189524,3,1,2
0,0,0,0,0,0,0,5.686374,4,0,2
0,0,0,0,0,0,0,3.894079,5,0,8
0,0,0,0,0,0,0,4.953553,5,0,2
0,0,0,0,0,0,0,4.41849,1,1,4
0,0,0,0,0,0,0,4.713381,4,1,1
0,0,0,0,0,0,0,4.970384,2,1,3
