TIMEDOUT
3600
1917
Boogie Dump Took : 1.976881
0,0,0,0,0,0,0,57.758616,9,40,15
0,0,0,0,0,0,0,64.10571,11,44,10
0,0,0,0,0,0,0,44.717783,15,19,15
0,0,0,0,0,0,0,55.226181,8,39,20
0,0,0,0,0,0,0,64.120978,12,33,9
0,0,0,0,0,0,0,101.796737,12,31,8
0,0,0,0,0,0,0,64.342068,14,38,3
0,0,0,0,0,0,0,57.36868,5,33,6
0,0,0,0,0,0,0,38.062027,12,48,9
0,0,0,0,0,0,0,45.23482,11,57,15
0,0,0,0,0,0,0,45.941807,19,53,4
0,0,0,0,0,0,0,36.413114,9,48,18
0,0,0,0,0,0,0,31.117838,6,56,7
0,0,0,0,0,0,0,47.992533,8,49,5
0,0,0,0,0,0,0,38.689707,6,64,8
0,0,0,0,0,0,0,53.569705,7,53,11
0,0,0,0,0,0,0,51.754633,14,43,8
0,0,0,0,0,0,0,44.418083,6,57,10
0,0,0,0,0,0,0,42.412266,11,52,18
0,0,0,0,0,0,0,39.911235,10,56,17
0,0,0,0,0,0,0,36.881193,10,44,6
0,0,0,0,0,0,0,46.676003,10,56,14
0,0,0,0,0,0,0,45.84742,5,77,5
0,0,0,0,0,0,0,51.866219,16,45,3
0,0,0,0,0,0,0,39.518906,8,48,12
0,0,0,0,0,0,0,51.506383,12,48,19
0,0,0,0,0,0,0,58.215023,16,39,11
0,0,0,0,0,0,0,53.108617,18,35,6
0,0,0,0,0,0,0,48.664507,9,49,18
0,0,0,0,0,0,0,45.139191,10,45,16
0,0,0,0,0,0,0,36.772845,16,52,2
0,0,0,0,0,0,0,39.683279,8,55,12
