NOK
79.360367
294
Boogie Dump Took : 1.375239
0.000569
3.496107
0.264067704081633
0,0,0,0,0,0,0,7.990689,14,2,9
0,0,0,0,0,0,0,4.162232,4,0,14
0,0,0,0,0,0,0,10.071245,12,1,12
0,0,0,0,0,0,0,3.643754,6,2,16
0,0,0,0,0,0,0,6.359275,12,2,14
0,0,0,0,0,0,0,10.037485,16,2,5
0,0,0,0,0,0,0,7.674356,9,2,9
0,0,0,0,0,0,0,9.372768,13,1,7
0,0,0,0,0,0,0,9.373042,4,1,7
0,0,0,0,0,0,0,6.55908,9,1,5
0,0,0,0,0,0,0,5.351503,8,1,5
0,0,0,0,0,0,0,6.809851,7,1,10
0,0,0,0,0,0,0,3.532629,6,0,16
0,0,0,0,0,0,0,5.492781,9,0,6
0,0,0,0,0,0,0,10.352779,6,0,5
0,0,0,0,0,0,0,5.389418,9,0,3
0,0,0,0,0,0,0,10.33064,7,1,7
0,0,0,0,0,0,0,18.212161,5,0,6
0,0,0,0,0,0,0,4.882514,7,0,8
0,0,0,0,0,0,0,8.19941,5,2,10
0,0,0,0,0,0,0,10.399335,8,1,3
0,0,0,0,0,0,0,12.473134,7,0,8
0,0,0,0,0,0,0,17.220836,8,1,2
0,0,0,0,0,0,0,12.705937,6,0,8
0,0,0,0,0,0,0,7.646606,4,2,6
0,0,0,0,0,0,0,7.358743,12,0,8
0,0,0,0,0,0,0,5.90882,9,0,5
0,0,0,0,0,0,0,7.514688,8,2,3
0,0,0,0,0,0,0,4.373246,7,2,16
0,0,0,0,0,0,0,5.007197,5,2,9
0,0,0,0,0,0,0,7.702976,7,0,6
0,0,0,0,0,0,0,5.15407,6,1,4
