NOK
45.219635
196
Boogie Dump Took : 1.853738
0.00079
1.922472
0.215031739795918
0,0,0,0,0,0,0,3.698613,5,1,4
0,0,0,0,0,0,0,3.569565,3,0,8
0,0,0,0,0,0,0,4.425051,9,0,4
0,0,0,0,0,0,0,4.165726,8,0,4
0,0,0,0,0,0,0,2.130059,3,0,10
0,0,0,0,0,0,0,3.749958,5,0,6
0,0,0,0,0,0,0,4.186346,6,1,5
0,0,0,0,0,0,0,4.151356,6,1,4
0,0,0,0,0,0,0,4.263237,2,1,8
0,0,0,0,0,0,0,6.040606,7,2,11
0,0,0,0,0,0,0,8.279926,10,1,6
0,0,0,0,0,0,0,7.88127,9,1,5
0,0,0,0,0,0,0,8.531087,9,0,6
0,0,0,0,0,0,0,5.661433,2,0,4
0,0,0,0,0,0,0,7.795814,9,0,5
0,0,0,0,0,0,0,9.306461,6,0,8
0,0,0,0,0,0,0,3.325641,2,2,2
0,0,0,0,0,0,0,4.275576,5,1,6
0,0,0,0,0,0,0,5.28449,6,2,2
0,0,0,0,0,0,0,3.719913,2,0,9
0,0,0,0,0,0,0,4.128993,5,0,4
0,0,0,0,0,0,0,2.18334,2,1,8
0,0,0,0,0,0,0,5.274796,7,0,0
0,0,0,0,0,0,0,6.476249,6,0,3
0,0,0,0,0,0,0,6.234421,8,1,6
0,0,0,0,0,0,0,4.437275,8,0,1
0,0,0,0,0,0,0,3.919621,3,0,6
0,0,0,0,0,0,0,3.754603,4,0,6
0,0,0,0,0,0,0,4.86539,7,0,4
0,0,0,0,0,0,0,5.230837,2,0,10
0,0,0,0,0,0,0,8.152761,6,0,6
0,0,0,0,0,0,0,4.539686,5,0,3
