NOK
35.574109
119
Boogie Dump Took : 1.005339
0.000817
3.730338
0.271982495798319
0,0,0,0,0,0,0,3.570347,1,0,4
0,0,0,0,0,0,0,3.80966,3,1,2
0,0,0,0,0,0,0,3.611964,3,0,3
0,0,0,0,0,0,0,2.145568,1,2,7
0,0,0,0,0,0,0,4.448511,4,0,2
0,0,0,0,0,0,0,4.001853,3,0,1
0,0,0,0,0,0,0,4.40265,4,1,0
0,0,0,0,0,0,0,4.317719,3,0,3
0,0,0,0,0,0,0,3.755692,3,0,4
0,0,0,0,0,0,0,4.446334,5,0,2
0,0,0,0,0,0,0,4.233297,4,1,3
0,0,0,0,0,0,0,4.668881,3,0,1
0,0,0,0,0,0,0,4.526776,3,1,2
0,0,0,0,0,0,0,4.525749,3,0,4
0,0,0,0,0,0,0,3.823177,4,0,8
0,0,0,0,0,0,0,4.169942,1,2,1
0,0,0,0,0,0,0,4.53048,3,0,2
0,0,0,0,0,0,0,5.082434,4,0,4
0,0,0,0,0,0,0,4.338424,4,0,3
0,0,0,0,0,0,0,5.40136,3,0,4
0,0,0,0,0,0,0,5.393831,6,0,2
0,0,0,0,0,0,0,5.549355,3,1,2
0,0,0,0,0,0,0,4.915021,3,0,3
0,0,0,0,0,0,0,4.310497,3,0,8
0,0,0,0,0,0,0,2.861351,2,0,5
0,0,0,0,0,0,0,3.493152,4,0,2
0,0,0,0,0,0,0,3.324664,4,1,2
0,0,0,0,0,0,0,3.594749,7,0,2
0,0,0,0,0,0,0,2.393861,1,1,8
0,0,0,0,0,0,0,2.80984,2,3,3
0,0,0,0,0,0,0,3.375002,3,1,1
0,0,0,0,0,0,0,3.011058,2,1,1
