NOK
19.727358
148
Boogie Dump Took : 1.346996
0.000343
1.015945
0.122295743243243
0,0,0,0,0,0,0,5.7893,4,0,6
0,0,0,0,0,0,0,12.984436,5,0,5
0,0,0,0,0,0,0,13.512521,5,0,4
0,0,0,0,0,0,0,5.203964,4,1,3
0,0,0,0,0,0,0,13.206011,6,0,4
0,0,0,0,0,0,0,12.679651,5,0,7
0,0,0,0,0,0,0,3.934062,3,1,3
0,0,0,0,0,0,0,5.31971,3,0,3
0,0,0,0,0,0,0,3.981011,4,1,1
0,0,0,0,0,0,0,4.609189,4,1,4
0,0,0,0,0,0,0,4.0077,2,0,4
0,0,0,0,0,0,0,3.644811,2,1,2
0,0,0,0,0,0,0,4.217955,3,1,1
0,0,0,0,0,0,0,3.939377,3,1,2
0,0,0,0,0,0,0,7.513518,3,0,6
0,0,0,0,0,0,0,4.05872,2,1,2
0,0,0,0,0,0,0,4.147826,3,0,6
0,0,0,0,0,0,0,6.000825,7,0,9
0,0,0,0,0,0,0,5.302816,3,0,4
0,0,0,0,0,0,0,5.595138,5,0,7
0,0,0,0,0,0,0,7.437618,7,0,6
0,0,0,0,0,0,0,5.776872,8,0,4
0,0,0,0,0,0,0,7.36222,8,0,6
0,0,0,0,0,0,0,5.7809,4,1,2
0,0,0,0,0,0,0,5.406944,6,0,5
0,0,0,0,0,0,0,4.117791,6,0,3
0,0,0,0,0,0,0,5.28306,4,0,4
0,0,0,0,0,0,0,5.110215,4,1,3
0,0,0,0,0,0,0,3.881005,2,0,7
0,0,0,0,0,0,0,4.803068,5,1,3
0,0,0,0,0,0,0,4.709317,2,1,2
0,0,0,0,0,0,0,4.888976,3,1,4
