NOK
17.745575
223
Boogie Dump Took : 1.148797
0.000222
0.850997
0.0732326098654708
0,0,0,0,0,0,0,5.344116,8,0,11
0,0,0,0,0,0,0,4.751637,6,0,5
0,0,0,0,0,0,0,4.987156,7,0,10
0,0,0,0,0,0,0,6.309631,9,0,8
0,0,0,0,0,0,0,4.325874,5,2,3
0,0,0,0,0,0,0,5.999713,8,0,8
0,0,0,0,0,0,0,5.671421,7,0,7
0,0,0,0,0,0,0,6.294218,9,0,7
0,0,0,0,0,0,0,4.002324,7,1,7
0,0,0,0,0,0,0,3.737009,4,0,6
0,0,0,0,0,0,0,3.262611,4,0,6
0,0,0,0,0,0,0,3.976798,8,1,5
0,0,0,0,0,0,0,4.065448,7,0,4
0,0,0,0,0,0,0,4.72771,6,0,5
0,0,0,0,0,0,0,4.642379,6,1,6
0,0,0,0,0,0,0,3.68105,2,1,4
0,0,0,0,0,0,0,4.139505,5,0,5
0,0,0,0,0,0,0,4.219039,5,1,5
0,0,0,0,0,0,0,4.54314,7,1,6
0,0,0,0,0,0,0,4.690192,6,0,7
0,0,0,0,0,0,0,5.792135,9,0,8
0,0,0,0,0,0,0,6.247105,5,0,8
0,0,0,0,0,0,0,4.740621,6,0,5
0,0,0,0,0,0,0,6.802066,11,0,9
0,0,0,0,0,0,0,3.945181,5,1,8
0,0,0,0,0,0,0,4.278338,7,1,5
0,0,0,0,0,0,0,3.974998,7,0,6
0,0,0,0,0,0,0,3.770592,6,1,5
0,0,0,0,0,0,0,3.994588,6,0,8
0,0,0,0,0,0,0,4.256931,7,0,6
0,0,0,0,0,0,0,4.376081,7,1,7
0,0,0,0,0,0,0,3.911835,6,1,5
