NOK
26.658474
293
Boogie Dump Took : 0.845395
0.000516
1.025849
0.0849361399317406
0,0,0,0,0,0,0,3.501497,7,1,8
0,0,0,0,0,0,0,4.223739,7,2,8
0,0,0,0,0,0,0,4.130199,8,2,9
0,0,0,0,0,0,0,4.209498,8,1,8
0,0,0,0,0,0,0,3.805441,9,2,9
0,0,0,0,0,0,0,4.253484,8,2,6
0,0,0,0,0,0,0,3.541481,7,2,8
0,0,0,0,0,0,0,4.325287,7,2,5
0,0,0,0,0,0,0,3.657322,8,1,7
0,0,0,0,0,0,0,7.305432,13,0,9
0,0,0,0,0,0,0,5.278471,9,0,11
0,0,0,0,0,0,0,5.989084,16,0,8
0,0,0,0,0,0,0,4.108155,7,0,18
0,0,0,0,0,0,0,4.562789,11,0,9
0,0,0,0,0,0,0,4.83835,10,0,11
0,0,0,0,0,0,0,3.513558,5,1,5
0,0,0,0,0,0,0,8.404998,8,0,7
0,0,0,0,0,0,0,8.217036,10,0,6
0,0,0,0,0,0,0,8.95948,9,1,7
0,0,0,0,0,0,0,7.858005,9,0,7
0,0,0,0,0,0,0,7.377794,6,0,8
0,0,0,0,0,0,0,3.653008,4,1,2
0,0,0,0,0,0,0,8.511424,8,0,6
0,0,0,0,0,0,0,6.407652,7,1,17
0,0,0,0,0,0,0,3.251984,7,0,10
0,0,0,0,0,0,0,3.091775,8,1,7
0,0,0,0,0,0,0,2.68207,8,2,11
0,0,0,0,0,0,0,6.310982,10,0,9
0,0,0,0,0,0,0,4.212624,10,0,11
0,0,0,0,0,0,0,3.780363,8,0,7
0,0,0,0,0,0,0,3.432173,8,1,8
0,0,0,0,0,0,0,3.713838,7,2,2
