OK
426.680598
461
Boogie Dump Took : 1.677317
0.000676
8.45846
0.917516607375271
0,0,0,0,0,0,0,6.026396,6,9,8
0,0,0,0,0,0,0,7.616319,7,7,11
0,0,0,0,0,0,0,6.962048,6,10,6
0,0,0,0,0,0,0,7.509541,12,10,5
0,0,0,0,0,0,0,5.944584,6,7,13
0,0,0,0,0,0,0,7.959142,8,7,10
0,0,0,0,0,0,0,6.141625,9,13,3
0,0,0,0,0,0,0,5.910659,11,9,9
0,0,0,0,0,0,0,6.599391,5,10,4
0,0,0,0,0,0,0,6.763921,5,8,5
0,0,0,0,0,0,0,8.281142,5,5,7
0,0,0,0,0,0,0,5.318395,2,4,10
0,0,0,0,0,0,0,7.682595,6,7,3
0,0,0,0,0,0,0,11.560793,7,6,3
0,0,0,0,0,0,0,7.109479,5,12,3
0,0,0,0,0,0,0,8.348064,5,7,4
0,0,0,0,0,0,0,76.53997,9,3,7
0,0,0,0,0,0,0,70.679821,8,3,7
0,0,0,0,0,0,0,68.157238,9,3,10
0,0,0,0,0,0,0,81.063516,6,4,7
0,0,0,0,0,0,0,82.247142,8,3,8
0,0,0,0,0,0,0,103.366595,8,2,10
0,0,0,0,0,0,0,62.007807,8,4,8
0,0,0,0,0,0,0,74.487633,7,2,5
0,0,0,0,0,0,0,69.552538,17,3,9
0,0,0,0,0,0,0,61.061084,14,5,6
0,0,0,0,0,0,0,45.612382,13,6,17
0,0,0,0,0,0,0,71.331416,12,3,19
0,0,0,0,0,0,0,42.479061,13,5,20
0,0,0,0,0,0,0,69.916488,8,2,12
0,0,0,0,0,0,0,49.758318,11,5,12
0,0,0,0,0,0,0,82.894497,17,3,9
