OK
66.623226
309
Boogie Dump Took : 0.800176
0.000545
1.835558
0.211844673139159
0,0,0,0,0,0,0,23.196914,19,0,8
0,0,0,0,0,0,0,20.341346,10,0,14
0,0,0,0,0,0,0,21.010097,13,0,13
0,0,0,0,0,0,0,12.419239,8,1,14
0,0,0,0,0,0,0,13.432226,11,2,8
0,0,0,0,0,0,0,16.816235,12,1,11
0,0,0,0,0,0,0,11.872882,7,0,16
0,0,0,0,0,0,0,17.801817,13,1,9
0,0,0,0,0,0,0,5.877403,8,2,5
0,0,0,0,0,0,0,4.450099,7,1,7
0,0,0,0,0,0,0,6.69784,8,1,7
0,0,0,0,0,0,0,4.536052,7,3,7
0,0,0,0,0,0,0,5.531158,5,2,6
0,0,0,0,0,0,0,7.189403,8,2,3
0,0,0,0,0,0,0,5.039989,4,2,11
0,0,0,0,0,0,0,4.268746,5,2,5
0,0,0,0,0,0,0,9.325015,7,1,7
0,0,0,0,0,0,0,5.704436,5,2,9
0,0,0,0,0,0,0,5.918238,7,1,8
0,0,0,0,0,0,0,5.323585,7,1,7
0,0,0,0,0,0,0,9.146804,11,1,7
0,0,0,0,0,0,0,6.936041,11,0,8
0,0,0,0,0,0,0,4.608642,4,1,8
0,0,0,0,0,0,0,8.613793,10,0,7
0,0,0,0,0,0,0,7.224037,7,0,12
0,0,0,0,0,0,0,9.683417,10,0,8
0,0,0,0,0,0,0,7.109713,10,1,9
0,0,0,0,0,0,0,10.629568,8,0,8
0,0,0,0,0,0,0,5.525209,7,0,13
0,0,0,0,0,0,0,11.493976,9,1,8
0,0,0,0,0,0,0,9.565061,9,1,8
0,0,0,0,0,0,0,7.700523,11,1,4
