OK
35.634887
361
Boogie Dump Took : 0.829673
0.000176
0.9714
0.0942188171745152
0,0,0,0,0,0,0,14.656127,13,1,16
0,0,0,0,0,0,0,12.299984,11,1,8
0,0,0,0,0,0,0,14.164334,15,0,21
0,0,0,0,0,0,0,17.439527,18,0,12
0,0,0,0,0,0,0,16.148932,8,0,18
0,0,0,0,0,0,0,18.101259,14,0,13
0,0,0,0,0,0,0,17.137159,15,0,12
0,0,0,0,0,0,0,20.325242,15,0,9
0,0,0,0,0,0,0,9.397721,9,1,14
0,0,0,0,0,0,0,12.596636,9,0,15
0,0,0,0,0,0,0,13.862847,11,0,11
0,0,0,0,0,0,0,11.47269,11,0,10
0,0,0,0,0,0,0,12.4882,11,0,11
0,0,0,0,0,0,0,12.665027,11,0,3
0,0,0,0,0,0,0,13.452889,10,0,6
0,0,0,0,0,0,0,9.688825,7,1,8
0,0,0,0,0,0,0,11.633506,11,0,5
0,0,0,0,0,0,0,16.064116,11,0,8
0,0,0,0,0,0,0,12.645103,10,0,13
0,0,0,0,0,0,0,15.189198,10,0,6
0,0,0,0,0,0,0,10.887268,10,0,10
0,0,0,0,0,0,0,14.015157,10,0,10
0,0,0,0,0,0,0,11.526539,9,0,10
0,0,0,0,0,0,0,8.294191,6,0,14
0,0,0,0,0,0,0,6.494133,7,0,14
0,0,0,0,0,0,0,6.758788,13,0,7
0,0,0,0,0,0,0,10.625304,11,0,15
0,0,0,0,0,0,0,7.919688,12,1,8
0,0,0,0,0,0,0,8.173406,11,0,15
0,0,0,0,0,0,0,10.304708,12,0,9
0,0,0,0,0,0,0,8.473063,12,0,10
0,0,0,0,0,0,0,8.085714,13,0,12
