NOK
9.03217
76
Boogie Dump Took : 1.281584
8E-05
1.026299
0.100426697368421
0,0,0,0,0,0,0,2.422309,1,0,2
0,0,0,0,0,0,0,2.622477,2,0,1
0,0,0,0,0,0,0,1.550221,1,1,5
0,0,0,0,0,0,0,2.597841,2,1,1
0,0,0,0,0,0,0,2.647928,2,0,1
0,0,0,0,0,0,0,2.727918,2,1,1
0,0,0,0,0,0,0,2.722752,1,0,0
0,0,0,0,0,0,0,2.533986,1,0,1
0,0,0,0,0,0,0,2.931333,2,0,1
0,0,0,0,0,0,0,2.792736,2,1,1
0,0,0,0,0,0,0,2.831256,2,0,1
0,0,0,0,0,0,0,2.843743,2,0,2
0,0,0,0,0,0,0,2.514943,2,1,2
0,0,0,0,0,0,0,1.938208,1,1,5
0,0,0,0,0,0,0,2.8027,3,1,1
0,0,0,0,0,0,0,2.893089,1,1,1
0,0,0,0,0,0,0,2.229611,2,0,1
0,0,0,0,0,0,0,2.374053,3,0,1
0,0,0,0,0,0,0,2.626184,3,0,1
0,0,0,0,0,0,0,1.762578,1,1,5
0,0,0,0,0,0,0,2.675594,2,0,1
0,0,0,0,0,0,0,2.22538,1,1,3
0,0,0,0,0,0,0,2.428317,2,0,1
0,0,0,0,0,0,0,2.538373,1,0,1
0,0,0,0,0,0,0,2.810466,3,0,1
0,0,0,0,0,0,0,2.685515,2,1,1
0,0,0,0,0,0,0,2.625857,2,0,1
0,0,0,0,0,0,0,2.952785,2,0,1
0,0,0,0,0,0,0,2.93566,3,0,1
0,0,0,0,0,0,0,1.93217,1,1,5
0,0,0,0,0,0,0,2.625913,1,1,1
0,0,0,0,0,0,0,2.372629,1,0,3
