NOK
55.659392
192
Boogie Dump Took : 1.753738
0.00064
1.33631
0.26942884375
0,0,0,0,0,0,0,31.269593,4,1,2
0,0,0,0,0,0,0,31.807449,4,0,4
0,0,0,0,0,0,0,29.208325,4,0,4
0,0,0,0,0,0,0,31.008987,5,0,3
0,0,0,0,0,0,0,29.002037,4,0,4
0,0,0,0,0,0,0,28.598415,4,0,5
0,0,0,0,0,0,0,25.988668,3,1,7
0,0,0,0,0,0,0,31.187357,3,0,2
0,0,0,0,0,0,0,26.152473,7,0,4
0,0,0,0,0,0,0,26.579083,8,0,4
0,0,0,0,0,0,0,28.009297,8,0,6
0,0,0,0,0,0,0,26.96412,7,0,8
0,0,0,0,0,0,0,27.375181,5,0,12
0,0,0,0,0,0,0,23.878449,7,0,8
0,0,0,0,0,0,0,25.350886,6,0,5
0,0,0,0,0,0,0,25.443572,6,0,6
0,0,0,0,0,0,0,25.84448,7,0,7
0,0,0,0,0,0,0,26.828514,7,0,7
0,0,0,0,0,0,0,27.727143,7,0,5
0,0,0,0,0,0,0,23.601818,7,0,9
0,0,0,0,0,0,0,27.189212,7,0,7
0,0,0,0,0,0,0,27.293454,6,0,4
0,0,0,0,0,0,0,30.501855,7,0,9
0,0,0,0,0,0,0,24.469409,6,0,5
0,0,0,0,0,0,0,33.395849,6,0,5
0,0,0,0,0,0,0,28.501881,7,0,10
0,0,0,0,0,0,0,33.228867,7,0,4
0,0,0,0,0,0,0,32.291503,6,0,4
0,0,0,0,0,0,0,23.852329,6,0,8
0,0,0,0,0,0,0,32.145314,7,0,6
0,0,0,0,0,0,0,29.605895,7,0,6
0,0,0,0,0,0,0,28.299239,5,0,7
