NOK
7.444121
68
Boogie Dump Took : 1.871093
0.001489
0.328775
0.0810339558823529
0,0,0,0,0,0,0,2.667742,1,0,1
0,0,0,0,0,0,0,2.783958,2,1,1
0,0,0,0,0,0,0,2.795251,2,0,1
0,0,0,0,0,0,0,1.349652,1,1,6
0,0,0,0,0,0,0,2.891675,3,0,1
0,0,0,0,0,0,0,2.759807,2,0,1
0,0,0,0,0,0,0,2.743442,1,0,1
0,0,0,0,0,0,0,2.762886,1,0,1
0,0,0,0,0,0,0,2.600666,2,0,1
0,0,0,0,0,0,0,2.838988,2,0,1
0,0,0,0,0,0,0,2.834964,3,0,2
0,0,0,0,0,0,0,2.845624,3,0,2
0,0,0,0,0,0,0,1.682179,1,0,6
0,0,0,0,0,0,0,2.376059,3,0,1
0,0,0,0,0,0,0,2.446734,1,0,2
0,0,0,0,0,0,0,2.526693,1,0,0
0,0,0,0,0,0,0,2.408837,2,0,2
0,0,0,0,0,0,0,2.499525,3,0,1
0,0,0,0,0,0,0,2.534561,3,0,1
0,0,0,0,0,0,0,1.53751,1,0,5
0,0,0,0,0,0,0,2.137851,1,0,3
0,0,0,0,0,0,0,2.429162,1,0,1
0,0,0,0,0,0,0,2.569406,1,0,0
0,0,0,0,0,0,0,2.722561,2,0,0
0,0,0,0,0,0,0,2.284428,2,0,2
0,0,0,0,0,0,0,2.478276,4,0,2
0,0,0,0,0,0,0,2.510799,2,0,2
0,0,0,0,0,0,0,2.840824,2,0,1
0,0,0,0,0,0,0,2.812564,3,0,2
0,0,0,0,0,0,0,1.624395,1,1,6
0,0,0,0,0,0,0,2.45275,3,0,1
0,0,0,0,0,0,0,2.321496,1,0,1
