TIMEDOUT
3600
1013
Boogie Dump Took : 2.515802
0,0,0,0,0,0,0,24.187228,10,3,11
0,0,0,0,0,0,0,20.606397,12,5,8
0,0,0,0,0,0,0,17.650655,14,5,7
0,0,0,0,0,0,0,19.21899,9,1,12
0,0,0,0,0,0,0,17.83971,11,6,10
0,0,0,0,0,0,0,16.511451,10,3,9
0,0,0,0,0,0,0,17.032637,9,2,10
0,0,0,0,0,0,0,8.364172,8,2,16
0,0,0,0,0,0,0,39.423962,13,15,9
0,0,0,0,0,0,0,53.899387,13,7,11
0,0,0,0,0,0,0,104.887644,13,6,14
0,0,0,0,0,0,0,85.783073,15,5,6
0,0,0,0,0,0,0,114.368511,13,3,16
0,0,0,0,0,0,0,12.939291,10,0,12
0,0,0,0,0,0,0,41.961431,14,0,14
0,0,0,0,0,0,0,35.751412,11,5,19
0,0,0,0,0,0,0,40.712498,10,2,17
0,0,0,0,0,0,0,115.693833,10,0,14
0,0,0,0,0,0,0,134.731983,16,4,7
0,0,0,0,0,0,0,75.95188,11,1,11
0,0,0,0,0,0,0,95.040688,14,2,16
0,0,0,0,0,0,0,128.358328,14,0,9
0,0,0,0,0,0,0,110.619707,15,7,7
0,0,0,0,0,0,0,117.047442,8,1,16
0,0,0,0,0,0,0,49.531903,12,2,12
0,0,0,0,0,0,0,340.355974,10,1,11
0,0,0,0,0,0,0,232.502107,11,2,8
0,0,0,0,0,0,0,153.090139,12,0,10
0,0,0,0,0,0,0,222.014809,12,1,7
0,0,0,0,0,0,0,100.121935,13,0,16
0,0,0,0,0,0,0,440.075977,9,3,14
0,0,0,0,0,0,0,380.158049,13,1,13
