OK
127.411384
422
Boogie Dump Took : 1.204319
0.000407
2.81128
0.295961931279621
0,0,0,0,0,0,0,9.917347,17,2,12
0,0,0,0,0,0,0,10.748883,15,3,18
0,0,0,0,0,0,0,16.354578,18,2,11
0,0,0,0,0,0,0,11.291683,13,1,12
0,0,0,0,0,0,0,11.206962,14,2,26
0,0,0,0,0,0,0,12.317244,15,1,17
0,0,0,0,0,0,0,18.183982,16,2,7
0,0,0,0,0,0,0,12.570318,12,2,17
0,0,0,0,0,0,0,10.569393,14,1,14
0,0,0,0,0,0,0,9.690135,17,1,3
0,0,0,0,0,0,0,9.807917,12,0,15
0,0,0,0,0,0,0,13.357323,12,0,21
0,0,0,0,0,0,0,14.904977,13,2,7
0,0,0,0,0,0,0,8.721299,8,1,15
0,0,0,0,0,0,0,11.730739,12,0,7
0,0,0,0,0,0,0,6.225211,7,2,12
0,0,0,0,0,0,0,17.865763,14,1,8
0,0,0,0,0,0,0,20.100899,9,2,7
0,0,0,0,0,0,0,9.381543,6,2,5
0,0,0,0,0,0,0,8.118296,14,1,15
0,0,0,0,0,0,0,8.862593,12,0,17
0,0,0,0,0,0,0,12.37374,10,0,11
0,0,0,0,0,0,0,16.31351,10,2,11
0,0,0,0,0,0,0,5.013547,5,3,5
0,0,0,0,0,0,0,15.299502,11,1,10
0,0,0,0,0,0,0,13.438528,11,1,10
0,0,0,0,0,0,0,7.773528,7,1,15
0,0,0,0,0,0,0,14.207559,12,0,8
0,0,0,0,0,0,0,10.70645,12,2,9
0,0,0,0,0,0,0,8.535202,10,2,13
0,0,0,0,0,0,0,15.528522,13,0,8
0,0,0,0,0,0,0,12.273544,10,1,12
