OK
1437.015216
666
Boogie Dump Took : 1.964703
0.001703
18.623794
2.13315744144144
0,0,0,0,0,0,0,94.299227,14,10,20
0,0,0,0,0,0,0,62.036177,14,7,11
0,0,0,0,0,0,0,55.441824,7,4,14
0,0,0,0,0,0,0,41.68582,15,15,17
0,0,0,0,0,0,0,62.059321,14,10,10
0,0,0,0,0,0,0,46.515272,19,10,12
0,0,0,0,0,0,0,62.640381,15,17,15
0,0,0,0,0,0,0,44.659823,15,14,14
0,0,0,0,0,0,0,41.924502,10,10,10
0,0,0,0,0,0,0,36.32869,10,15,17
0,0,0,0,0,0,0,53.041417,11,9,11
0,0,0,0,0,0,0,68.147649,12,10,10
0,0,0,0,0,0,0,37.619291,9,11,9
0,0,0,0,0,0,0,50.763421,10,15,6
0,0,0,0,0,0,0,66.101482,12,10,6
0,0,0,0,0,0,0,60.593911,10,12,14
0,0,0,0,0,0,0,68.659097,11,12,6
0,0,0,0,0,0,0,98.032142,9,8,14
0,0,0,0,0,0,0,193.123148,14,8,4
0,0,0,0,0,0,0,55.745257,9,11,13
0,0,0,0,0,0,0,133.232871,12,7,14
0,0,0,0,0,0,0,56.952112,9,10,14
0,0,0,0,0,0,0,116.653739,10,10,5
0,0,0,0,0,0,0,45.942509,9,5,12
0,0,0,0,0,0,0,89.88613,8,4,5
0,0,0,0,0,0,0,78.111217,8,13,12
0,0,0,0,0,0,0,104.317826,8,9,8
0,0,0,0,0,0,0,80.754982,9,10,6
0,0,0,0,0,0,0,110.538264,7,9,13
0,0,0,0,0,0,0,65.544268,12,7,12
0,0,0,0,0,0,0,120.659754,9,7,6
0,0,0,0,0,0,0,90.647624,7,8,5
