OK
4.87301
28
Boogie Dump Took : 0.743345
0.002677
0.458267
0.144826535714286
0,0,0,0,0,0,0,0,0,0,1
0,0,0,0,0,0,0,0.65906,1,0,1
0,0,0,0,0,0,0,1.322857,1,0,1
0,0,0,0,0,0,0,3.486014,1,0,0
0,0,0,0,0,0,0,2.01858,1,0,1
0,0,0,0,0,0,0,2.745189,1,0,1
0,0,0,0,0,0,0,0,0,0,0
0,0,0,0,0,0,0,0,0,0,0
0,0,0,0,0,0,0,3.483995,2,0,1
0,0,0,0,0,0,0,1.01141,1,0,1
0,0,0,0,0,0,0,0.605308,1,0,1
0,0,0,0,0,0,0,1.389273,1,0,1
0,0,0,0,0,0,0,1.784256,1,0,1
0,0,0,0,0,0,0,2.188717,1,0,1
0,0,0,0,0,0,0,2.827918,1,0,1
0,0,0,0,0,0,0,3.247955,1,0,1
0,0,0,0,0,0,0,0.058794,1,0,1
0,0,0,0,0,0,0,0.565537,1,0,1
0,0,0,0,0,0,0,1.206176,1,0,1
0,0,0,0,0,0,0,1.850552,1,0,1
0,0,0,0,0,0,0,2.543989,1,0,1
0,0,0,0,0,0,0,3.006648,1,0,1
0,0,0,0,0,0,0,3.733591,1,0,0
0,0,0,0,0,0,0,0,0,0,0
0,0,0,0,0,0,0,0.000177,1,0,1
0,0,0,0,0,0,0,0.591059,1,0,1
0,0,0,0,0,0,0,1.294343,1,0,1
0,0,0,0,0,0,0,2.4879,1,0,2
0,0,0,0,0,0,0,2.026278,1,0,1
0,0,0,0,0,0,0,2.951107,1,0,0
0,0,0,0,0,0,0,3.301797,1,0,0
0,0,0,0,0,0,0,0,0,0,0
