TIMEDOUT
3600
399
Boogie Dump Took : 1.513892
0,0,0,0,0,0,0,28.48088,6,0,8
0,0,0,0,0,0,0,41.713405,6,0,6
0,0,0,0,0,0,0,1075.963159,7,0,7
0,0,0,0,0,0,0,26.614295,5,0,6
0,0,0,0,0,0,0,1910.532812,7,0,4
0,0,0,0,0,0,0,596.425377,5,0,4
0,0,0,0,0,0,0,275.261815,5,0,6
0,0,0,0,0,0,0,26.453774,5,0,5
0,0,0,0,0,0,0,1410.533413,15,0,15
0,0,0,0,0,0,0,1450.220715,14,1,14
0,0,0,0,0,0,0,1779.189424,16,0,16
0,0,0,0,0,0,0,1613.528111,13,0,14
0,0,0,0,0,0,0,2194.465925,13,0,13
0,0,0,0,0,0,0,1878.172451,9,0,9
0,0,0,0,0,0,0,1809.999668,12,0,13
0,0,0,0,0,0,0,1892.031828,9,0,6
0,0,0,0,0,0,0,1002.326624,14,0,21
0,0,0,0,0,0,0,976.554648,20,0,17
0,0,0,0,0,0,0,1409.598156,20,0,15
0,0,0,0,0,0,0,885.474993,16,0,10
0,0,0,0,0,0,0,856.84253,17,0,16
0,0,0,0,0,0,0,919.086751,18,0,18
0,0,0,0,0,0,0,1146.749463,10,0,15
0,0,0,0,0,0,0,733.937225,14,0,16
0,0,0,0,0,0,0,549.409037,14,0,19
0,0,0,0,0,0,0,363.684451,16,0,20
0,0,0,0,0,0,0,399.513015,18,0,16
0,0,0,0,0,0,0,638.085543,19,0,21
0,0,0,0,0,0,0,761.257402,15,0,9
0,0,0,0,0,0,0,140.758515,13,0,18
0,0,0,0,0,0,0,520.901194,10,1,8
0,0,0,0,0,0,0,597.216947,16,0,9
