NOK
12.304698
116
Boogie Dump Took : 1.064137
0.000509
0.396319
0.0958594224137931
0,0,0,0,0,0,0,5.54957,3,0,3
0,0,0,0,0,0,0,6.631775,4,0,3
0,0,0,0,0,0,0,4.91276,2,0,2
0,0,0,0,0,0,0,5.824131,3,0,3
0,0,0,0,0,0,0,5.719217,3,0,2
0,0,0,0,0,0,0,5.812695,3,0,3
0,0,0,0,0,0,0,5.104745,2,0,5
0,0,0,0,0,0,0,6.687356,3,0,2
0,0,0,0,0,0,0,7.278558,5,0,2
0,0,0,0,0,0,0,6.631786,4,0,3
0,0,0,0,0,0,0,6.497521,5,0,3
0,0,0,0,0,0,0,6.229274,3,0,3
0,0,0,0,0,0,0,4.194024,2,0,8
0,0,0,0,0,0,0,6.991666,4,0,4
0,0,0,0,0,0,0,5.893255,5,0,3
0,0,0,0,0,0,0,5.853467,2,0,3
0,0,0,0,0,0,0,5.745559,4,0,3
0,0,0,0,0,0,0,3.875124,3,0,5
0,0,0,0,0,0,0,5.711056,5,0,3
0,0,0,0,0,0,0,3.984131,4,0,5
0,0,0,0,0,0,0,3.986032,3,0,5
0,0,0,0,0,0,0,5.233769,6,0,1
0,0,0,0,0,0,0,3.823924,1,0,7
0,0,0,0,0,0,0,5.445097,4,1,0
0,0,0,0,0,0,0,5.239222,5,0,3
0,0,0,0,0,0,0,4.464077,3,0,2
0,0,0,0,0,0,0,4.739326,4,0,2
0,0,0,0,0,0,0,4.74564,6,0,4
0,0,0,0,0,0,0,3.186078,1,0,13
0,0,0,0,0,0,0,5.201767,4,0,3
0,0,0,0,0,0,0,5.188438,4,0,3
0,0,0,0,0,0,0,6.16536,5,0,1
