NOK
7.784684
71
Boogie Dump Took : 1.603239
0.000547
0.57875
0.0764527042253521
0,0,0,0,0,0,0,2.670097,1,0,2
0,0,0,0,0,0,0,2.849136,3,0,2
0,0,0,0,0,0,0,2.687856,2,0,1
0,0,0,0,0,0,0,2.755339,2,0,1
0,0,0,0,0,0,0,1.459125,1,1,6
0,0,0,0,0,0,0,2.675823,2,0,1
0,0,0,0,0,0,0,2.775713,2,0,1
0,0,0,0,0,0,0,2.823866,1,0,0
0,0,0,0,0,0,0,2.694463,3,0,2
0,0,0,0,0,0,0,2.675741,3,0,2
0,0,0,0,0,0,0,2.763601,5,0,1
0,0,0,0,0,0,0,2.680994,2,0,1
0,0,0,0,0,0,0,1.866503,1,1,6
0,0,0,0,0,0,0,2.503803,2,0,3
0,0,0,0,0,0,0,2.626842,1,0,2
0,0,0,0,0,0,0,2.750235,1,0,0
0,0,0,0,0,0,0,3.437814,4,0,3
0,0,0,0,0,0,0,2.844144,2,0,6
0,0,0,0,0,0,0,3.49605,3,0,2
0,0,0,0,0,0,0,3.354515,3,0,2
0,0,0,0,0,0,0,3.266116,2,0,2
0,0,0,0,0,0,0,3.425319,2,1,1
0,0,0,0,0,0,0,3.318196,2,0,2
0,0,0,0,0,0,0,3.271438,2,0,1
0,0,0,0,0,0,0,2.479035,3,0,1
0,0,0,0,0,0,0,2.377742,2,0,1
0,0,0,0,0,0,0,2.500026,2,0,1
0,0,0,0,0,0,0,2.472187,2,0,1
0,0,0,0,0,0,0,1.831089,1,0,5
0,0,0,0,0,0,0,2.21464,1,0,2
0,0,0,0,0,0,0,2.456197,2,0,1
0,0,0,0,0,0,0,2.434019,1,0,1
