NOK
7.225399
95
Boogie Dump Took : 0.808177
0.000308
0.612548
0.0655551052631579
0,0,0,0,0,0,0,2.02153,1,0,3
0,0,0,0,0,0,0,2.291366,4,0,3
0,0,0,0,0,0,0,2.193284,3,0,2
0,0,0,0,0,0,0,2.329371,3,0,2
0,0,0,0,0,0,0,2.448211,2,0,1
0,0,0,0,0,0,0,2.215725,3,0,2
0,0,0,0,0,0,0,1.351578,2,0,6
0,0,0,0,0,0,0,2.365676,2,0,1
0,0,0,0,0,0,0,3.240445,3,0,4
0,0,0,0,0,0,0,2.612557,2,1,7
0,0,0,0,0,0,0,3.413564,5,0,3
0,0,0,0,0,0,0,3.111435,2,0,2
0,0,0,0,0,0,0,3.478892,3,0,1
0,0,0,0,0,0,0,3.283064,4,0,2
0,0,0,0,0,0,0,3.555671,3,0,3
0,0,0,0,0,0,0,3.310364,4,0,3
0,0,0,0,0,0,0,2.812378,3,0,4
0,0,0,0,0,0,0,2.969445,4,0,3
0,0,0,0,0,0,0,2.844891,2,0,3
0,0,0,0,0,0,0,3.08894,3,0,1
0,0,0,0,0,0,0,3.429357,3,0,1
0,0,0,0,0,0,0,3.111593,2,0,1
0,0,0,0,0,0,0,2.568781,1,1,5
0,0,0,0,0,0,0,3.056042,3,0,2
0,0,0,0,0,0,0,2.338076,2,0,2
0,0,0,0,0,0,0,2.323959,5,0,3
0,0,0,0,0,0,0,2.564447,3,0,2
0,0,0,0,0,0,0,2.631591,3,0,1
0,0,0,0,0,0,0,2.422926,2,0,2
0,0,0,0,0,0,0,1.705302,1,1,6
0,0,0,0,0,0,0,2.440486,3,0,3
0,0,0,0,0,0,0,2.637276,3,0,2
