NOK
9.407924
106
Boogie Dump Took : 1.057508
0.000377
0.816475
0.0773076132075471
0,0,0,0,0,0,0,3.010021,2,0,2
0,0,0,0,0,0,0,2.683641,3,0,2
0,0,0,0,0,0,0,2.62225,2,0,3
0,0,0,0,0,0,0,2.853615,2,0,1
0,0,0,0,0,0,0,2.732182,2,0,1
0,0,0,0,0,0,0,1.753851,2,0,6
0,0,0,0,0,0,0,2.794341,2,0,2
0,0,0,0,0,0,0,2.688285,4,0,2
0,0,0,0,0,0,0,3.078766,3,0,3
0,0,0,0,0,0,0,3.38308,4,0,3
0,0,0,0,0,0,0,3.433326,4,0,5
0,0,0,0,0,0,0,3.300069,2,1,2
0,0,0,0,0,0,0,3.471326,5,0,1
0,0,0,0,0,0,0,3.082607,3,0,4
0,0,0,0,0,0,0,3.564168,4,0,2
0,0,0,0,0,0,0,2.623846,1,1,5
0,0,0,0,0,0,0,2.442403,3,0,2
0,0,0,0,0,0,0,2.502819,5,0,2
0,0,0,0,0,0,0,2.52157,4,0,3
0,0,0,0,0,0,0,2.188746,4,0,3
0,0,0,0,0,0,0,1.59267,1,0,6
0,0,0,0,0,0,0,2.127412,2,0,3
0,0,0,0,0,0,0,2.411573,3,0,4
0,0,0,0,0,0,0,2.39005,3,0,1
0,0,0,0,0,0,0,3.889084,6,0,5
0,0,0,0,0,0,0,3.64644,5,0,5
0,0,0,0,0,0,0,2.54854,2,0,7
0,0,0,0,0,0,0,3.331848,3,1,2
0,0,0,0,0,0,0,2.836225,4,0,5
0,0,0,0,0,0,0,3.306316,4,0,3
0,0,0,0,0,0,0,3.586709,5,0,4
0,0,0,0,0,0,0,3.735826,4,0,1
