OK
198.725463
61
Boogie Dump Took : 3.679948
0.051935
12.189086
1.81091409836066
95.220311,14.545243,12.37669,7.126549,2598,70,0.023767,94.839062,7,1,15
59.068993,102.086799,26.517667,1.214493,4276,74,0.012494,58.759893,9,2,7
22.924149,150.482403,34.7084729999999,0.871679,6377,41,0.052312,22.622531,9,1,11
50.421526,125.810894,33.7871109999999,0.665166,5762,35,0.00027,50.120347,9,0,8
72.54446,88.726396,25.704736,1.09655,4565,67,0.015227,72.241554,8,2,7
53.225716,125.053495,35.8094710000002,0.720527,5633,31,0.014048,52.870293,10,3,4
