OK
204.06089
114
Boogie Dump Took : 0.72646
0.003366
10.338999
1.69875821929825
27.098918,46.726355,10.613046,3.175526,7216,81,0.057285,26.663996,10,5,19
38.503927,42.041443,10.67558,1.976527,7238,112,0.0663850000000001,38.109995,15,8,12
44.187895,38.88162,9.252794,1.862189,6364,83,0.041854,43.772731,13,6,12
46.688317,56.541165,12.598538,1.594815,7977,78,0.0811980000000001,46.345023,15,7,9
40.877503,39.957091,9.73360899999997,2.260755,6273,82,0.0672390000000001,40.509206,11,6,12
35.900518,32.322283,8.27318300000001,2.022099,5654,76,0.100648,35.53336,10,8,10
