NOK
16.46491
116
Boogie Dump Took : 1.067604
0.001066
0.916385
0.128529353448276
0,0,0,0,0,0,0,6.799733,4,0,6
0,0,0,0,0,0,0,7.148438,6,0,5
0,0,0,0,0,0,0,7.418317,7,0,3
0,0,0,0,0,0,0,6.785472,4,0,4
0,0,0,0,0,0,0,6.985899,5,0,3
0,0,0,0,0,0,0,6.921338,6,0,4
0,0,0,0,0,0,0,6.77691,4,0,5
0,0,0,0,0,0,0,5.634588,5,0,7
0,0,0,0,0,0,0,6.3821,4,0,2
0,0,0,0,0,0,0,5.141773,4,0,7
0,0,0,0,0,0,0,6.995464,7,0,5
0,0,0,0,0,0,0,6.539635,3,0,4
0,0,0,0,0,0,0,6.427587,2,1,1
0,0,0,0,0,0,0,6.541085,4,0,5
0,0,0,0,0,0,0,6.354248,2,0,6
0,0,0,0,0,0,0,7.105425,5,0,5
0,0,0,0,0,0,0,9.394685,3,0,5
0,0,0,0,0,0,0,8.463783,3,0,4
0,0,0,0,0,0,0,9.05049,4,0,1
0,0,0,0,0,0,0,7.497213,2,0,5
0,0,0,0,0,0,0,9.345813,4,0,2
0,0,0,0,0,0,0,9.41972,3,0,1
0,0,0,0,0,0,0,9.595919,3,0,2
0,0,0,0,0,0,0,8.643361,2,0,2
0,0,0,0,0,0,0,9.215147,2,0,3
0,0,0,0,0,0,0,9.646536,2,0,3
0,0,0,0,0,0,0,9.457184,2,0,1
0,0,0,0,0,0,0,9.436914,2,0,3
0,0,0,0,0,0,0,9.695903,2,1,0
0,0,0,0,0,0,0,9.677622,2,1,0
0,0,0,0,0,0,0,8.956847,2,0,3
0,0,0,0,0,0,0,9.543712,2,0,2
#stats#
TotalSplitsOR: 3
TotalSplitsAND: 113
Non-Leading client : comma seperated leading clients killed
16 : 
18 : 
19 : 
20 : 
21 : 
22 : 
24 : 
17 : 
28 : 
23 : 
29 : 
25 : 
18 : 
20 : 
21 : 
27 : 
16 : 
22 : 
26 : 
31 : 
18 : 
20 : 
17 : 
29 : 
28 : 
30 : 
Node : startTime, EndTime