NOK
62.942452
252
Boogie Dump Took : 1.652692
0.002045
2.96493
0.23579296031746
0,0,0,0,0,0,0,3.557618,1,3,3
0,0,0,0,0,0,0,3.902579,2,1,1
0,0,0,0,0,0,0,3.866736,3,2,2
0,0,0,0,0,0,0,2.679098,2,1,5
0,0,0,0,0,0,0,3.790391,2,1,1
0,0,0,0,0,0,0,3.833715,3,2,1
0,0,0,0,0,0,0,2.936668,1,0,4
0,0,0,0,0,0,0,3.588884,2,1,2
0,0,0,0,0,0,0,3.868784,2,2,1
0,0,0,0,0,0,0,3.125437,1,0,3
0,0,0,0,0,0,0,3.590998,2,0,2
0,0,0,0,0,0,0,3.846995,2,0,1
0,0,0,0,0,0,0,3.680872,1,0,1
0,0,0,0,0,0,0,3.926568,2,0,1
0,0,0,0,0,0,0,3.844858,2,2,1
0,0,0,0,0,0,0,3.900143,2,2,1
0,0,0,0,0,0,0,11.394878,2,0,0
0,0,0,0,0,0,0,11.385276,2,1,0
0,0,0,0,0,0,0,11.310813,2,0,0
0,0,0,0,0,0,0,9.233365,1,0,3
0,0,0,0,0,0,0,9.150788,1,0,3
0,0,0,0,0,0,0,9.144652,1,0,5
0,0,0,0,0,0,0,10.451476,1,0,0
0,0,0,0,0,0,0,10.294778,1,1,0
0,0,0,0,0,0,0,10.513756,1,0,0
0,0,0,0,0,0,0,10.678857,1,1,0
0,0,0,0,0,0,0,10.821105,1,0,0
0,0,0,0,0,0,0,10.797188,1,0,0
0,0,0,0,0,0,0,10.895021,1,0,0
0,0,0,0,0,0,0,10.974662,1,2,0
0,0,0,0,0,0,0,10.829556,1,1,0
0,0,0,0,0,0,0,10.997082,1,0,0
#stats#
TotalSplitsOR: 63
TotalSplitsAND: 189
Non-Leading client : comma seperated leading clients killed
25 : 
23 : 
29 : 
17 : 
29 : 
30 : 
Node : startTime, EndTime
65 : 14-04 17:49:49.638553,14-04 17:49:49.653365
66 : 14-04 17:49:49.638783,14-04 17:49:49.653383
60 : 14-04 17:49:49.636255,14-04 17:49:49.653384
61 : 14-04 17:49:49.636527,14-04 17:49:49.653396
55 : 14-04 17:49:49.633718,14-04 17:49:49.653398
56 : 14-04 17:49:49.633912,14-04 17:49:49.653407
1105 : 14-04 17:50:38.009664,14-04 17:50:38.212993
1106 : 01-01 00:00:00.000000,14-04 17:50:38.213018
1085 : 14-04 17:50:37.916147,14-04 17:50:38.213019
1086 : 01-01 00:00:00.000000,14-04 17:50:38.213033
1070 : 14-04 17:50:37.854589,14-04 17:50:38.213034
1071 : 01-01 00:00:00.000000,14-04 17:50:38.213047
1130 : 14-04 17:50:38.230178,14-04 17:50:38.372501
1131 : 01-01 00:00:00.000000,14-04 17:50:38.372523
1125 : 14-04 17:50:38.160017,14-04 17:50:38.372524
1126 : 01-01 00:00:00.000000,14-04 17:50:38.372537
1115 : 14-04 17:50:38.071898,14-04 17:50:38.372539
1116 : 01-01 00:00:00.000000,14-04 17:50:38.372551