NOK
12.059355
53
Boogie Dump Took : 1.450963
0.001366
1.479888
0.197784641509434
0,0,0,0,0,0,0,3.633242,2,0,3
0,0,0,0,0,0,0,3.886929,5,0,2
0,0,0,0,0,0,0,3.540769,2,0,3
0,0,0,0,0,0,0,4.758285,3,0,2
0,0,0,0,0,0,0,4.706858,3,0,7
0,0,0,0,0,0,0,5.645706,3,0,2
0,0,0,0,0,0,0,5.701221,3,0,2
0,0,0,0,0,0,0,3.142679,2,0,1
0,0,0,0,0,0,0,5.806906,3,1,2
0,0,0,0,0,0,0,3.607298,2,0,2
0,0,0,0,0,0,0,5.438989,2,0,3
0,0,0,0,0,0,0,5.612552,2,0,2
0,0,0,0,0,0,0,5.714738,3,0,2
0,0,0,0,0,0,0,5.734942,2,0,2
0,0,0,0,0,0,0,3.453262,1,0,4
0,0,0,0,0,0,0,3.821654,2,0,1
0,0,0,0,0,0,0,2.750417,1,0,0
0,0,0,0,0,0,0,2.751741,1,0,0
0,0,0,0,0,0,0,2.74568,1,0,0
0,0,0,0,0,0,0,8.918421,1,0,0
0,0,0,0,0,0,0,8.911983,1,0,2
0,0,0,0,0,0,0,9.856686,1,0,0
0,0,0,0,0,0,0,8.876638,1,0,1
0,0,0,0,0,0,0,9.956803,1,0,0
0,0,0,0,0,0,0,10.040026,1,0,0
0,0,0,0,0,0,0,0,0,0,0
0,0,0,0,0,0,0,0,0,0,0
0,0,0,0,0,0,0,0,0,0,0
0,0,0,0,0,0,0,0,0,0,0
0,0,0,0,0,0,0,0,0,0,0
0,0,0,0,0,0,0,0,0,0,0
0,0,0,0,0,0,0,0,0,0,0
#stats#
TotalSplitsOR: 6
TotalSplitsAND: 47
Non-Leading client : comma seperated leading clients killed
Node : startTime, EndTime
65 : 14-04 17:55:46.764324,14-04 17:55:46.775867
66 : 14-04 17:55:46.764598,14-04 17:55:46.775887
60 : 14-04 17:55:46.761858,14-04 17:55:46.775890
61 : 14-04 17:55:46.762137,14-04 17:55:46.775903
55 : 14-04 17:55:46.759606,14-04 17:55:46.775904
56 : 14-04 17:55:46.759860,14-04 17:55:46.775916