NOK
20.327562
129
Boogie Dump Took : 1.470344
0.001611
1.677303
0.142727527131783
0,0,0,0,0,0,0,4.088686,5,1,4
0,0,0,0,0,0,0,3.933457,8,1,4
0,0,0,0,0,0,0,3.546718,2,0,7
0,0,0,0,0,0,0,3.373653,6,1,7
0,0,0,0,0,0,0,3.591073,2,0,7
0,0,0,0,0,0,0,3.680693,2,0,6
0,0,0,0,0,0,0,4.089363,7,1,6
0,0,0,0,0,0,0,4.244197,7,0,5
0,0,0,0,0,0,0,4.610399,8,1,2
0,0,0,0,0,0,0,3.961124,4,2,3
0,0,0,0,0,0,0,4.232665,6,1,4
0,0,0,0,0,0,0,3.891312,3,1,6
0,0,0,0,0,0,0,4.119908,5,1,3
0,0,0,0,0,0,0,3.892443,3,1,2
0,0,0,0,0,0,0,3.813882,4,1,5
0,0,0,0,0,0,0,3.935622,4,0,5
0,0,0,0,0,0,0,7.44757,2,1,0
0,0,0,0,0,0,0,7.45348,3,1,0
0,0,0,0,0,0,0,7.427861,3,0,1
0,0,0,0,0,0,0,6.594882,3,0,4
0,0,0,0,0,0,0,6.762513,2,0,4
0,0,0,0,0,0,0,6.557185,1,1,1
0,0,0,0,0,0,0,6.562423,1,0,3
0,0,0,0,0,0,0,6.572835,1,0,3
0,0,0,0,0,0,0,6.57496,1,0,1
0,0,0,0,0,0,0,7.416717,1,0,0
0,0,0,0,0,0,0,7.36868,1,0,0
0,0,0,0,0,0,0,7.428428,4,1,0
0,0,0,0,0,0,0,7.433117,2,0,0
0,0,0,0,0,0,0,7.460249,2,0,0
0,0,0,0,0,0,0,7.364517,1,1,0
0,0,0,0,0,0,0,7.187897,1,1,0
#stats#
TotalSplitsOR: 12
TotalSplitsAND: 117
Non-Leading client : comma seperated leading clients killed
19 : 
20 : 
28 : 
29 : 
17 : 
21 : 
27 : 
30 : 
16 : 
19 : 
27 : 
17 : 
31 : 
27 : 
27 : 
18 : 
Node : startTime, EndTime
65 : 14-04 18:00:07.392708,14-04 18:00:07.400354
66 : 14-04 18:00:07.393053,14-04 18:00:07.400377
60 : 14-04 18:00:07.389235,14-04 18:00:07.400378
61 : 14-04 18:00:07.389548,14-04 18:00:07.400388
55 : 14-04 18:00:07.386907,14-04 18:00:07.400389
56 : 14-04 18:00:07.387151,14-04 18:00:07.400398