NOK
50.528757
93
Boogie Dump Took : 1.289978
0.001479
4.99969
0.48602347311828
0,0,0,0,0,0,0,17.988946,4,1,6
0,0,0,0,0,0,0,14.032214,5,0,6
0,0,0,0,0,0,0,18.951809,5,0,4
0,0,0,0,0,0,0,15.098079,5,1,7
0,0,0,0,0,0,0,19.227475,5,1,5
0,0,0,0,0,0,0,20.269967,5,1,3
0,0,0,0,0,0,0,12.777379,4,0,7
0,0,0,0,0,0,0,18.448582,4,1,3
0,0,0,0,0,0,0,20.697871,5,0,4
0,0,0,0,0,0,0,18.831485,5,0,5
0,0,0,0,0,0,0,17.603203,4,1,7
0,0,0,0,0,0,0,16.591637,5,0,5
0,0,0,0,0,0,0,16.365702,4,1,3
0,0,0,0,0,0,0,18.944368,5,0,4
0,0,0,0,0,0,0,21.560669,5,0,2
0,0,0,0,0,0,0,19.49842,5,1,4
0,0,0,0,0,0,0,9.506417,1,0,0
0,0,0,0,0,0,0,9.491214,1,0,0
0,0,0,0,0,0,0,9.489924,1,0,0
0,0,0,0,0,0,0,24.818713,1,0,0
0,0,0,0,0,0,0,24.811578,1,0,0
0,0,0,0,0,0,0,24.805255,1,0,0
0,0,0,0,0,0,0,0,0,0,0
0,0,0,0,0,0,0,0,0,0,0
0,0,0,0,0,0,0,0,0,0,0
0,0,0,0,0,0,0,0,0,0,0
0,0,0,0,0,0,0,0,0,0,0
0,0,0,0,0,0,0,0,0,0,0
0,0,0,0,0,0,0,0,0,0,0
0,0,0,0,0,0,0,0,0,0,0
0,0,0,0,0,0,0,0,0,0,0
0,0,0,0,0,0,0,0,0,0,0
#stats#
TotalSplitsOR: 6
TotalSplitsAND: 87
Non-Leading client : comma seperated leading clients killed
Node : startTime, EndTime
125 : 14-04 18:14:46.824681,14-04 18:14:46.880046
126 : 14-04 18:14:46.825030,14-04 18:14:46.880069
120 : 14-04 18:14:46.822078,14-04 18:14:46.880070
121 : 14-04 18:14:46.822383,14-04 18:14:46.880081
115 : 14-04 18:14:46.817495,14-04 18:14:46.880083
116 : 14-04 18:14:46.817860,14-04 18:14:46.880094
330 : 14-04 18:15:02.164323,14-04 18:15:02.569431
331 : 14-04 18:15:02.164641,14-04 18:15:02.569448
325 : 14-04 18:15:02.161174,14-04 18:15:02.569449
326 : 14-04 18:15:02.161487,14-04 18:15:02.569458
320 : 14-04 18:15:02.157892,14-04 18:15:02.569458
321 : 14-04 18:15:02.158238,14-04 18:15:02.569467