NOK
42.985305
92
Boogie Dump Took : 1.181623
0.002159
3.649441
0.449220336956522
0,0,0,0,0,0,0,15.968495,4,1,5
0,0,0,0,0,0,0,14.320677,5,0,7
0,0,0,0,0,0,0,13.94511,4,1,4
0,0,0,0,0,0,0,18.750525,5,0,2
0,0,0,0,0,0,0,13.684942,5,0,6
0,0,0,0,0,0,0,15.145911,5,0,5
0,0,0,0,0,0,0,16.311891,5,1,5
0,0,0,0,0,0,0,14.767749,4,0,3
0,0,0,0,0,0,0,18.330305,6,0,4
0,0,0,0,0,0,0,17.232991,6,1,6
0,0,0,0,0,0,0,15.387332,5,0,9
0,0,0,0,0,0,0,14.022034,4,1,7
0,0,0,0,0,0,0,16.882298,5,0,3
0,0,0,0,0,0,0,17.587301,5,0,4
0,0,0,0,0,0,0,17.710776,5,0,4
0,0,0,0,0,0,0,16.468107,4,0,3
0,0,0,0,0,0,0,10.056822,1,0,0
0,0,0,0,0,0,0,10.063033,1,0,0
0,0,0,0,0,0,0,22.272178,1,0,0
0,0,0,0,0,0,0,10.013584,1,0,0
0,0,0,0,0,0,0,22.276823,1,0,0
0,0,0,0,0,0,0,22.277582,1,0,0
0,0,0,0,0,0,0,0,0,0,0
0,0,0,0,0,0,0,0,0,0,0
0,0,0,0,0,0,0,0,0,0,0
0,0,0,0,0,0,0,0,0,0,0
0,0,0,0,0,0,0,0,0,0,0
0,0,0,0,0,0,0,0,0,0,0
0,0,0,0,0,0,0,0,0,0,0
0,0,0,0,0,0,0,0,0,0,0
0,0,0,0,0,0,0,0,0,0,0
0,0,0,0,0,0,0,0,0,0,0
#stats#
TotalSplitsOR: 6
TotalSplitsAND: 86
Non-Leading client : comma seperated leading clients killed
Node : startTime, EndTime
125 : 14-04 18:15:38.173456,14-04 18:15:38.213895
126 : 14-04 18:15:38.173701,14-04 18:15:38.213913
120 : 14-04 18:15:38.171078,14-04 18:15:38.213914
121 : 14-04 18:15:38.171321,14-04 18:15:38.213924
115 : 14-04 18:15:38.168717,14-04 18:15:38.213925
116 : 14-04 18:15:38.168949,14-04 18:15:38.213935
300 : 14-04 18:15:50.444703,14-04 18:15:50.904319
301 : 14-04 18:15:50.445435,14-04 18:15:50.904340
295 : 14-04 18:15:50.439274,14-04 18:15:50.904341
296 : 14-04 18:15:50.439989,14-04 18:15:50.904350
290 : 14-04 18:15:50.433935,14-04 18:15:50.904351
291 : 14-04 18:15:50.434704,14-04 18:15:50.904359