NOK
11.446637
73
Boogie Dump Took : 1.019217
0.001924
0.766132
0.138924260273973
0,0,0,0,0,0,0,3.991837,2,0,3
0,0,0,0,0,0,0,4.351853,3,0,2
0,0,0,0,0,0,0,3.353075,2,0,6
0,0,0,0,0,0,0,4.18592,2,0,1
0,0,0,0,0,0,0,4.139053,2,0,2
0,0,0,0,0,0,0,4.601781,2,0,1
0,0,0,0,0,0,0,4.466741,2,0,1
0,0,0,0,0,0,0,4.627183,3,0,1
0,0,0,0,0,0,0,3.170526,1,1,6
0,0,0,0,0,0,0,4.436984,3,0,2
0,0,0,0,0,0,0,4.634672,2,0,1
0,0,0,0,0,0,0,4.68762,2,0,1
0,0,0,0,0,0,0,4.587443,2,0,1
0,0,0,0,0,0,0,4.635706,2,0,1
0,0,0,0,0,0,0,4.281039,1,0,3
0,0,0,0,0,0,0,4.900141,2,0,1
0,0,0,0,0,0,0,7.593563,3,0,0
0,0,0,0,0,0,0,7.603217,4,0,1
0,0,0,0,0,0,0,7.395527,2,0,3
0,0,0,0,0,0,0,6.715409,2,0,3
0,0,0,0,0,0,0,7.634346,3,0,3
0,0,0,0,0,0,0,7.58887,3,0,2
0,0,0,0,0,0,0,6.760133,3,0,3
0,0,0,0,0,0,0,7.225057,3,0,1
0,0,0,0,0,0,0,7.283143,3,0,1
0,0,0,0,0,0,0,6.657827,2,0,4
0,0,0,0,0,0,0,6.764423,2,0,5
0,0,0,0,0,0,0,7.285939,2,0,1
0,0,0,0,0,0,0,7.181162,2,0,2
0,0,0,0,0,0,0,7.151494,2,0,0
0,0,0,0,0,0,0,7.758738,2,0,0
0,0,0,0,0,0,0,7.39778,1,0,1
#stats#
TotalSplitsOR: 9
TotalSplitsAND: 64
Non-Leading client : comma seperated leading clients killed
20 : 
21 : 
22 : 
24 : 
23 : 
29 : 
17 : 
16 : 
19 : 
20 : 
21 : 
27 : 
22 : 
23 : 
24 : 
30 : 
28 : 
25 : 
26 : 
17 : 
27 : 
26 : 
Node : startTime, EndTime
60 : 14-04 18:43:32.033222,14-04 18:43:32.039769
61 : 14-04 18:43:32.033465,14-04 18:43:32.039792
55 : 14-04 18:43:32.031066,14-04 18:43:32.039793
56 : 14-04 18:43:32.031307,14-04 18:43:32.039806
50 : 14-04 18:43:32.028582,14-04 18:43:32.039808
51 : 14-04 18:43:32.028873,14-04 18:43:32.039823
335 : 14-04 18:43:38.145119,14-04 18:43:38.246957
336 : 14-04 18:43:38.145665,14-04 18:43:38.246976
330 : 14-04 18:43:38.140672,14-04 18:43:38.246977
331 : 14-04 18:43:38.141105,14-04 18:43:38.246985
325 : 14-04 18:43:38.136339,14-04 18:43:38.246987
326 : 14-04 18:43:38.136830,14-04 18:43:38.246996