NOK
16.129936
117
Boogie Dump Took : 1.215561
0.000971
0.989771
0.125857581196581
0,0,0,0,0,0,0,4.115972,2,0,2
0,0,0,0,0,0,0,3.981248,2,0,1
0,0,0,0,0,0,0,4.183622,2,0,1
0,0,0,0,0,0,0,2.740375,2,1,6
0,0,0,0,0,0,0,4.14898,2,0,1
0,0,0,0,0,0,0,4.152555,2,1,1
0,0,0,0,0,0,0,3.3039,2,1,3
0,0,0,0,0,0,0,4.155433,2,1,1
0,0,0,0,0,0,0,3.623007,2,0,2
0,0,0,0,0,0,0,3.811163,1,0,3
0,0,0,0,0,0,0,3.744061,1,0,3
0,0,0,0,0,0,0,4.124339,2,0,2
0,0,0,0,0,0,0,4.223649,3,0,1
0,0,0,0,0,0,0,4.092571,1,1,1
0,0,0,0,0,0,0,4.33504,2,0,0
0,0,0,0,0,0,0,4.285172,1,0,1
0,0,0,0,0,0,0,6.242902,4,0,6
0,0,0,0,0,0,0,5.659824,4,0,6
0,0,0,0,0,0,0,5.720139,5,0,5
0,0,0,0,0,0,0,4.438726,2,0,5
0,0,0,0,0,0,0,5.765216,4,0,7
0,0,0,0,0,0,0,6.67899,7,0,2
0,0,0,0,0,0,0,5.673162,4,0,4
0,0,0,0,0,0,0,6.432179,5,0,2
0,0,0,0,0,0,0,5.670154,5,0,5
0,0,0,0,0,0,0,6.155285,5,0,7
0,0,0,0,0,0,0,6.179805,6,0,3
0,0,0,0,0,0,0,6.394635,5,0,1
0,0,0,0,0,0,0,6.263371,5,0,5
0,0,0,0,0,0,0,5.971679,5,0,2
0,0,0,0,0,0,0,6.677456,4,0,2
0,0,0,0,0,0,0,5.987766,3,1,5
#stats#
TotalSplitsOR: 9
TotalSplitsAND: 108
Non-Leading client : comma seperated leading clients killed
16 : 
20 : 
17 : 
23 : 
22 : 
21 : 
18 : 
24 : 
27 : 
26 : 
28 : 
24 : 
31 : 
30 : 
27 : 
29 : 
19 : 
26 : 
25 : 
27 : 
28 : 
16 : 
23 : 
17 : 
30 : 
31 : 
20 : 
21 : 
26 : 
18 : 
24 : 
25 : 
28 : 
22 : 
27 : 
23 : 
21 : 
29 : 
30 : 
16 : 
25 : 
18 : 
20 : 
17 : 
26 : 
25 : 
23 : 
28 : 
21 : 
29 : 
26 : 
21 : 
29 : 
31 : 
Node : startTime, EndTime
260 : 14-04 18:49:36.636106,14-04 18:49:37.533299
261 : 14-04 18:49:36.697047,14-04 18:49:37.533315
255 : 14-04 18:49:36.631539,14-04 18:49:37.533316
256 : 14-04 18:49:36.632142,14-04 18:49:37.533332
250 : 14-04 18:49:36.626840,14-04 18:49:37.533333
251 : 14-04 18:49:36.627328,14-04 18:49:37.533341
545 : 14-04 18:49:43.900319,14-04 18:49:44.089380
546 : 01-01 00:00:00.000000,14-04 18:49:44.089398
540 : 14-04 18:49:43.896776,14-04 18:49:44.089400
541 : 01-01 00:00:00.000000,14-04 18:49:44.089413
535 : 14-04 18:49:43.892946,14-04 18:49:44.089415
536 : 01-01 00:00:00.000000,14-04 18:49:44.089438