NOK
33.790514
192
Boogie Dump Took : 1.241975
0.001786
1.129355
0.161617916666667
0,0,0,0,0,0,0,5.056781,8,0,7
0,0,0,0,0,0,0,5.145969,9,0,8
0,0,0,0,0,0,0,2.784852,6,0,21
0,0,0,0,0,0,0,5.041738,6,0,5
0,0,0,0,0,0,0,5.45999,10,0,7
0,0,0,0,0,0,0,5.584419,7,0,6
0,0,0,0,0,0,0,5.247813,9,1,4
0,0,0,0,0,0,0,4.732209,4,0,8
0,0,0,0,0,0,0,5.626763,10,0,9
0,0,0,0,0,0,0,5.366409,9,0,11
0,0,0,0,0,0,0,5.583671,7,0,7
0,0,0,0,0,0,0,5.452481,9,0,5
0,0,0,0,0,0,0,6.1679,9,1,8
0,0,0,0,0,0,0,5.686843,10,1,4
0,0,0,0,0,0,0,4.325533,1,0,7
0,0,0,0,0,0,0,5.824675,9,0,6
0,0,0,0,0,0,0,4.005469,4,2,5
0,0,0,0,0,0,0,3.966927,1,0,3
0,0,0,0,0,0,0,3.922356,1,1,2
0,0,0,0,0,0,0,4.650526,1,0,1
0,0,0,0,0,0,0,4.689106,1,0,1
0,0,0,0,0,0,0,4.70247,1,2,0
0,0,0,0,0,0,0,4.720261,1,2,0
0,0,0,0,0,0,0,4.747295,1,0,0
0,0,0,0,0,0,0,4.946779,2,0,0
0,0,0,0,0,0,0,4.911394,1,0,0
0,0,0,0,0,0,0,4.949656,2,0,0
0,0,0,0,0,0,0,4.952627,2,1,0
0,0,0,0,0,0,0,4.955614,1,0,0
0,0,0,0,0,0,0,4.924879,1,1,0
0,0,0,0,0,0,0,4.90176,2,0,0
0,0,0,0,0,0,0,4.898571,2,0,0
#stats#
TotalSplitsOR: 24
TotalSplitsAND: 168
Non-Leading client : comma seperated leading clients killed
21 : 
31 : 
22 : 
27 : 
27 : 1
16 : 
16 : 
16 : 
21 : 
22 : 
29 : 
16 : 
18 : 
Node : startTime, EndTime
206 : 14-04 18:57:17.483783,14-04 18:57:19.912312
210 : 14-04 18:57:17.487777,14-04 18:57:19.912354
211 : 01-01 00:00:00.000000,14-04 18:57:19.912359
205 : 14-04 18:57:17.483318,14-04 18:57:19.912360
200 : 14-04 18:57:17.477218,14-04 18:57:19.912361
201 : 14-04 18:57:17.477658,14-04 18:57:19.912371
191 : 14-04 18:57:17.446507,14-04 18:57:23.816919
190 : 14-04 18:57:17.446244,14-04 18:57:23.816972
185 : 14-04 18:57:17.443301,14-04 18:57:23.816974
186 : 14-04 18:57:17.443593,14-04 18:57:23.816995
180 : 14-04 18:57:17.440223,14-04 18:57:23.816996
181 : 14-04 18:57:17.440570,14-04 18:57:23.817029
515 : 14-04 18:57:25.877488,14-04 18:57:25.960671
516 : 01-01 00:00:00.000000,14-04 18:57:25.960693
510 : 14-04 18:57:25.870027,14-04 18:57:25.960694
511 : 01-01 00:00:00.000000,14-04 18:57:25.960708
505 : 14-04 18:57:25.866963,14-04 18:57:25.960709
506 : 01-01 00:00:00.000000,14-04 18:57:25.960722
790 : 14-04 18:57:35.872647,14-04 18:57:35.973654
791 : 01-01 00:00:00.000000,14-04 18:57:35.973668
785 : 14-04 18:57:35.866496,14-04 18:57:35.973669
786 : 01-01 00:00:00.000000,14-04 18:57:35.973678
780 : 14-04 18:57:35.862996,14-04 18:57:35.973679
781 : 01-01 00:00:00.000000,14-04 18:57:35.973687