NOK
51.192458
86
Boogie Dump Took : 0.874851
0.003461
3.587634
0.538933755813954
0,0,0,0,0,0,0,22.440709,5,0,6
0,0,0,0,0,0,0,20.219106,6,0,7
0,0,0,0,0,0,0,20.558303,5,0,7
0,0,0,0,0,0,0,21.573434,5,0,4
0,0,0,0,0,0,0,22.604486,6,0,6
0,0,0,0,0,0,0,22.416794,6,0,5
0,0,0,0,0,0,0,22.815195,7,0,5
0,0,0,0,0,0,0,20.851024,5,0,4
0,0,0,0,0,0,0,21.563322,5,0,5
0,0,0,0,0,0,0,22.819717,5,1,3
0,0,0,0,0,0,0,23.283547,5,0,5
0,0,0,0,0,0,0,20.039292,5,0,6
0,0,0,0,0,0,0,19.951395,4,1,6
0,0,0,0,0,0,0,21.254464,4,0,5
0,0,0,0,0,0,0,25.060525,6,0,3
0,0,0,0,0,0,0,18.779814,4,1,6
0,0,0,0,0,0,0,0,0,0,0
0,0,0,0,0,0,0,0,0,0,0
0,0,0,0,0,0,0,0,0,0,0
0,0,0,0,0,0,0,0,0,0,0
0,0,0,0,0,0,0,0,0,0,0
0,0,0,0,0,0,0,0,0,0,0
0,0,0,0,0,0,0,0,0,0,0
0,0,0,0,0,0,0,0,0,0,0
0,0,0,0,0,0,0,0,0,0,0
0,0,0,0,0,0,0,0,0,0,0
0,0,0,0,0,0,0,0,0,0,0
0,0,0,0,0,0,0,0,0,0,0
0,0,0,0,0,0,0,0,0,0,0
0,0,0,0,0,0,0,0,0,0,0
0,0,0,0,0,0,0,0,0,0,0
0,0,0,0,0,0,0,0,0,0,0
#stats#
TotalSplitsOR: 0
TotalSplitsAND: 86
Non-Leading client : comma seperated leading clients killed
Node : startTime, EndTime