NOK
7.848532
155
Boogie Dump Took : 0.921887
0.001187
0.500593
0.0440363161290322
0,0,0,0,0,0,0,3.033932,7,0,6
0,0,0,0,0,0,0,2.243781,7,0,12
0,0,0,0,0,0,0,2.910498,5,0,5
0,0,0,0,0,0,0,2.866966,5,1,5
0,0,0,0,0,0,0,3.001287,7,0,7
0,0,0,0,0,0,0,3.147433,8,0,5
0,0,0,0,0,0,0,3.191243,6,0,6
0,0,0,0,0,0,0,2.918507,9,0,7
0,0,0,0,0,0,0,2.666279,5,0,8
0,0,0,0,0,0,0,3.046241,6,0,6
0,0,0,0,0,0,0,2.945426,6,0,5
0,0,0,0,0,0,0,3.29532,7,0,5
0,0,0,0,0,0,0,2.767722,4,0,6
0,0,0,0,0,0,0,3.165049,4,0,5
0,0,0,0,0,0,0,3.234134,7,0,6
0,0,0,0,0,0,0,3.213093,6,0,5
0,0,0,0,0,0,0,3.266705,2,0,6
0,0,0,0,0,0,0,3.431066,4,0,4
0,0,0,0,0,0,0,3.231701,3,0,4
0,0,0,0,0,0,0,2.928707,4,0,7
0,0,0,0,0,0,0,2.924028,2,0,5
0,0,0,0,0,0,0,3.417519,4,0,2
0,0,0,0,0,0,0,3.289533,4,1,1
0,0,0,0,0,0,0,3.439874,3,0,3
0,0,0,0,0,0,0,3.444286,4,0,1
0,0,0,0,0,0,0,3.555061,3,0,1
0,0,0,0,0,0,0,3.419229,2,0,1
0,0,0,0,0,0,0,3.520559,4,1,0
0,0,0,0,0,0,0,3.560041,3,0,0
0,0,0,0,0,0,0,3.379315,2,1,3
0,0,0,0,0,0,0,3.456447,3,0,0
0,0,0,0,0,0,0,3.422563,1,0,1
#stats#
TotalSplitsOR: 9
TotalSplitsAND: 146
Non-Leading client : comma seperated leading clients killed
18 : 
16 : 
17 : 
23 : 
21 : 
22 : 
24 : 
19 : 
25 : 
26 : 
27 : 
28 : 
30 : 
20 : 
23 : 
17 : 
18 : 
25 : 
22 : 
17 : 
24 : 
19 : 
27 : 
19 : 
29 : 
22 : 
21 : 
27 : 
29 : 
19 : 
Node : startTime, EndTime
320 : 15-04 07:33:20.075657,15-04 07:33:20.098242
321 : 15-04 07:33:20.076195,15-04 07:33:20.101316
315 : 15-04 07:33:20.071480,15-04 07:33:20.101325
316 : 15-04 07:33:20.071807,15-04 07:33:20.101352
310 : 15-04 07:33:20.067498,15-04 07:33:20.101801
311 : 15-04 07:33:20.067911,15-04 07:33:20.101829
385 : 15-04 07:33:20.238046,15-04 07:33:20.252737
386 : 15-04 07:33:20.239893,15-04 07:33:20.252758
380 : 15-04 07:33:20.229949,15-04 07:33:20.252765
381 : 15-04 07:33:20.230628,15-04 07:33:20.252797
375 : 15-04 07:33:20.222865,15-04 07:33:20.252799
376 : 15-04 07:33:20.223160,15-04 07:33:20.252815