NOK
17.941242
170
Boogie Dump Took : 0.901908
0.000385
1.138344
0.0995500529411765
0,0,0,0,0,0,0,6.701181,5,0,6
0,0,0,0,0,0,0,6.258178,5,0,7
0,0,0,0,0,0,0,7.137525,7,0,4
0,0,0,0,0,0,0,6.972891,8,0,5
0,0,0,0,0,0,0,6.362107,7,0,10
0,0,0,0,0,0,0,6.607994,7,0,5
0,0,0,0,0,0,0,5.30906,7,0,11
0,0,0,0,0,0,0,6.711161,6,0,8
0,0,0,0,0,0,0,6.646263,7,1,6
0,0,0,0,0,0,0,7.05783,6,0,6
0,0,0,0,0,0,0,6.556191,5,0,5
0,0,0,0,0,0,0,6.729645,7,0,5
0,0,0,0,0,0,0,6.382037,4,0,6
0,0,0,0,0,0,0,6.804191,5,1,3
0,0,0,0,0,0,0,6.834063,4,1,4
0,0,0,0,0,0,0,6.658984,6,1,5
0,0,0,0,0,0,0,6.732168,3,0,6
0,0,0,0,0,0,0,7.339809,8,1,4
0,0,0,0,0,0,0,6.581767,3,0,8
0,0,0,0,0,0,0,6.761346,3,0,6
0,0,0,0,0,0,0,7.111583,4,0,4
0,0,0,0,0,0,0,7.191729,3,0,3
0,0,0,0,0,0,0,6.761417,2,0,3
0,0,0,0,0,0,0,7.07806,3,0,2
0,0,0,0,0,0,0,7.355681,4,0,1
0,0,0,0,0,0,0,7.110755,6,0,5
0,0,0,0,0,0,0,7.499702,4,0,1
0,0,0,0,0,0,0,7.133538,2,0,4
0,0,0,0,0,0,0,8.052166,7,1,1
0,0,0,0,0,0,0,6.86,7,0,6
0,0,0,0,0,0,0,7.224397,2,0,3
0,0,0,0,0,0,0,7.513278,6,1,1
#stats#
TotalSplitsOR: 9
TotalSplitsAND: 161
Non-Leading client : comma seperated leading clients killed
16 : 
19 : 
18 : 
21 : 
23 : 
24 : 
25 : 
26 : 
17 : 
20 : 
22 : 
16 : 
18 : 
21 : 
30 : 
19 : 
31 : 
28 : 
24 : 
23 : 
26 : 
17 : 
20 : 
29 : 
26 : 
25 : 
17 : 
20 : 
29 : 
28 : 
31 : 
25 : 
17 : 
25 : 
28 : 
29 : 
31 : 
17 : 
29 : 
17 : 
31 : 
17 : 
25 : 
29 : 
28 : 
31 : 
17 : 
28 : 
Node : startTime, EndTime
190 : 15-04 07:34:24.909853,15-04 07:34:24.939836
191 : 15-04 07:34:24.910337,15-04 07:34:24.939868
185 : 15-04 07:34:24.905777,15-04 07:34:24.939869
186 : 15-04 07:34:24.906328,15-04 07:34:24.939878
180 : 15-04 07:34:24.901927,15-04 07:34:24.939879
181 : 15-04 07:34:24.902492,15-04 07:34:24.939889
450 : 15-04 07:34:26.736600,15-04 07:34:26.789486
451 : 15-04 07:34:26.737138,15-04 07:34:26.789507
445 : 15-04 07:34:26.731543,15-04 07:34:26.789508
446 : 15-04 07:34:26.732031,15-04 07:34:26.789517
435 : 15-04 07:34:26.727227,15-04 07:34:26.789517
436 : 15-04 07:34:26.727743,15-04 07:34:26.789526