NOK
32.703686
140
Boogie Dump Took : 0.86823
0.001314
2.813688
0.218197185714286
0,0,0,0,0,0,0,8.41682,8,1,10
0,0,0,0,0,0,0,8.397516,9,1,8
0,0,0,0,0,0,0,7.861611,7,2,8
0,0,0,0,0,0,0,7.404201,7,2,7
0,0,0,0,0,0,0,9.203741,8,2,7
0,0,0,0,0,0,0,8.455523,7,1,9
0,0,0,0,0,0,0,6.665682,7,2,9
0,0,0,0,0,0,0,8.423296,8,2,7
0,0,0,0,0,0,0,8.120721,7,1,7
0,0,0,0,0,0,0,7.95289,7,0,5
0,0,0,0,0,0,0,7.772392,8,1,8
0,0,0,0,0,0,0,9.370148,7,1,5
0,0,0,0,0,0,0,8.117302,8,1,11
0,0,0,0,0,0,0,7.652507,7,1,7
0,0,0,0,0,0,0,7.392255,5,1,2
0,0,0,0,0,0,0,8.681082,7,0,7
0,0,0,0,0,0,0,0,0,0,0
0,0,0,0,0,0,0,0,0,0,0
0,0,0,0,0,0,0,0,0,0,0
0,0,0,0,0,0,0,0,0,0,0
0,0,0,0,0,0,0,0,0,0,0
0,0,0,0,0,0,0,0,0,0,0
0,0,0,0,0,0,0,0,0,0,0
0,0,0,0,0,0,0,0,0,0,0
0,0,0,0,0,0,0,0,0,0,0
0,0,0,0,0,0,0,0,0,0,0
0,0,0,0,0,0,0,0,0,0,0
0,0,0,0,0,0,0,0,0,0,0
0,0,0,0,0,0,0,0,0,0,0
0,0,0,0,0,0,0,0,0,0,0
0,0,0,0,0,0,0,0,0,0,0
0,0,0,0,0,0,0,0,0,0,0
#stats#
TotalSplitsOR: 0
TotalSplitsAND: 140
Non-Leading client : comma seperated leading clients killed
Node : startTime, EndTime