NOK
13.575631
83
Boogie Dump Took : 1.835421
0.000461
1.015102
0.13949056626506
0,0,0,0,0,0,0,4.959368,5,1,1
0,0,0,0,0,0,0,4.810406,4,0,3
0,0,0,0,0,0,0,3.355115,2,0,8
0,0,0,0,0,0,0,4.072128,3,1,4
0,0,0,0,0,0,0,4.859159,4,0,2
0,0,0,0,0,0,0,3.632261,2,1,4
0,0,0,0,0,0,0,4.245108,2,1,3
0,0,0,0,0,0,0,4.496997,4,1,2
0,0,0,0,0,0,0,4.367973,3,0,4
0,0,0,0,0,0,0,4.260252,3,0,3
0,0,0,0,0,0,0,4.725497,4,0,4
0,0,0,0,0,0,0,4.395046,3,1,2
0,0,0,0,0,0,0,4.15063,3,1,3
0,0,0,0,0,0,0,4.602744,3,0,4
0,0,0,0,0,0,0,4.835722,2,1,0
0,0,0,0,0,0,0,4.84155,3,0,3
0,0,0,0,0,0,0,6.86605,1,0,8
0,0,0,0,0,0,0,8.178162,2,0,1
0,0,0,0,0,0,0,7.94393,2,0,3
0,0,0,0,0,0,0,8.480897,1,0,1
0,0,0,0,0,0,0,8.416518,2,0,2
0,0,0,0,0,0,0,8.519992,1,0,1
0,0,0,0,0,0,0,8.54716,1,1,0
0,0,0,0,0,0,0,8.849393,2,0,0
0,0,0,0,0,0,0,8.947247,2,0,0
0,0,0,0,0,0,0,8.816957,2,0,0
0,0,0,0,0,0,0,8.702978,1,0,0
0,0,0,0,0,0,0,8.944805,1,0,0
0,0,0,0,0,0,0,8.938595,1,0,0
0,0,0,0,0,0,0,8.890365,1,0,0
0,0,0,0,0,0,0,8.844077,1,0,0
0,0,0,0,0,0,0,8.998602,1,0,0
#stats#
TotalSplitsOR: 6
TotalSplitsAND: 77
Non-Leading client : comma seperated leading clients killed
17 : 
18 : 
23 : 
24 : 
22 : 
20 : 
25 : 
26 : 
Node : startTime, EndTime