NOK
8.797659
69
Boogie Dump Took : 1.874668
0.00157
0.801773
0.0992204637681159
0,0,0,0,0,0,0,3.562279,2,0,3
0,0,0,0,0,0,0,3.590905,3,0,2
0,0,0,0,0,0,0,3.704298,3,0,2
0,0,0,0,0,0,0,2.14638,3,0,8
0,0,0,0,0,0,0,3.495786,3,0,2
0,0,0,0,0,0,0,3.326862,3,0,3
0,0,0,0,0,0,0,3.486876,3,0,2
0,0,0,0,0,0,0,3.440636,3,0,4
0,0,0,0,0,0,0,3.576535,2,1,2
0,0,0,0,0,0,0,3.725049,2,0,2
0,0,0,0,0,0,0,3.711961,2,0,1
0,0,0,0,0,0,0,3.865367,2,0,1
0,0,0,0,0,0,0,3.558502,1,0,2
0,0,0,0,0,0,0,3.819035,2,0,1
0,0,0,0,0,0,0,3.937111,2,0,0
0,0,0,0,0,0,0,3.64156,1,0,2
0,0,0,0,0,0,0,4.347787,4,0,3
0,0,0,0,0,0,0,3.930279,3,0,3
0,0,0,0,0,0,0,4.233402,2,0,4
0,0,0,0,0,0,0,4.061857,2,0,3
0,0,0,0,0,0,0,4.027333,2,0,2
0,0,0,0,0,0,0,4.061938,2,0,3
0,0,0,0,0,0,0,4.08973,1,0,0
0,0,0,0,0,0,0,4.043421,2,0,2
0,0,0,0,0,0,0,4.136557,2,0,3
0,0,0,0,0,0,0,4.091876,2,0,1
0,0,0,0,0,0,0,4.135961,1,0,1
0,0,0,0,0,0,0,4.266449,1,1,0
0,0,0,0,0,0,0,4.69679,2,0,0
0,0,0,0,0,0,0,4.671152,1,0,1
0,0,0,0,0,0,0,4.763726,1,0,1
0,0,0,0,0,0,0,4.720301,2,0,0
#stats#
TotalSplitsOR: 3
TotalSplitsAND: 66
Non-Leading client : comma seperated leading clients killed
16 : 
18 : 
17 : 
20 : 
17 : 
16 : 
28 : 
24 : 
21 : 
23 : 
27 : 
25 : 
31 : 
16 : 
19 : 
25 : 
Node : startTime, EndTime