NOK
7.52362
84
Boogie Dump Took : 1.24834
0.002083
0.542892
0.0733344880952381
0,0,0,0,0,0,0,4.164196,3,0,3
0,0,0,0,0,0,0,4.107501,4,0,3
0,0,0,0,0,0,0,3.88223,4,0,3
0,0,0,0,0,0,0,3.401271,3,0,2
0,0,0,0,0,0,0,2.824686,4,0,8
0,0,0,0,0,0,0,3.770908,4,0,4
0,0,0,0,0,0,0,3.908229,4,0,3
0,0,0,0,0,0,0,3.666714,4,0,6
0,0,0,0,0,0,0,3.906688,4,0,4
0,0,0,0,0,0,0,3.863414,3,0,4
0,0,0,0,0,0,0,3.699942,4,0,4
0,0,0,0,0,0,0,3.89515,3,0,2
0,0,0,0,0,0,0,3.705931,3,0,4
0,0,0,0,0,0,0,4.05685,3,0,2
0,0,0,0,0,0,0,4.16648,3,0,2
0,0,0,0,0,0,0,4.155142,3,0,2
0,0,0,0,0,0,0,4.313795,2,0,3
0,0,0,0,0,0,0,4.110211,2,0,2
0,0,0,0,0,0,0,4.264486,2,0,1
0,0,0,0,0,0,0,4.260631,2,0,2
0,0,0,0,0,0,0,4.608059,2,0,2
0,0,0,0,0,0,0,4.585905,2,0,3
0,0,0,0,0,0,0,4.67447,2,0,3
0,0,0,0,0,0,0,5.065549,2,0,0
0,0,0,0,0,0,0,4.891168,2,0,1
0,0,0,0,0,0,0,4.008207,1,0,1
0,0,0,0,0,0,0,5.000102,2,0,1
0,0,0,0,0,0,0,4.957139,2,0,0
0,0,0,0,0,0,0,4.982494,2,0,2
0,0,0,0,0,0,0,4.141313,1,0,1
0,0,0,0,0,0,0,4.107913,1,0,1
0,0,0,0,0,0,0,4.520072,1,0,2
#stats#
TotalSplitsOR: 3
TotalSplitsAND: 81
Non-Leading client : comma seperated leading clients killed
18 : 
16 : 
17 : 
19 : 
21 : 
22 : 
20 : 
24 : 
23 : 
27 : 
26 : 
28 : 
25 : 
30 : 
18 : 
17 : 
19 : 
29 : 
16 : 
31 : 
22 : 
21 : 
Node : startTime, EndTime