NOK
11.575842
51
Boogie Dump Took : 1.350645
0.004047
1.302859
0.197432705882353
0,0,0,0,0,0,0,7.715332,3,0,2
0,0,0,0,0,0,0,7.668558,4,0,2
0,0,0,0,0,0,0,7.424881,4,0,4
0,0,0,0,0,0,0,7.363653,3,0,3
0,0,0,0,0,0,0,6.502912,4,0,5
0,0,0,0,0,0,0,6.591389,4,0,2
0,0,0,0,0,0,0,6.456512,3,0,2
0,0,0,0,0,0,0,8.144747,4,0,1
0,0,0,0,0,0,0,7.58431,3,0,3
0,0,0,0,0,0,0,7.578481,3,0,3
0,0,0,0,0,0,0,7.443109,3,0,3
0,0,0,0,0,0,0,6.24408,3,0,6
0,0,0,0,0,0,0,6.50551,2,0,3
0,0,0,0,0,0,0,6.529711,3,0,4
0,0,0,0,0,0,0,7.251237,3,0,5
0,0,0,0,0,0,0,6.68244,2,0,3
0,0,0,0,0,0,0,0,0,0,0
0,0,0,0,0,0,0,0,0,0,0
0,0,0,0,0,0,0,0,0,0,0
0,0,0,0,0,0,0,0,0,0,0
0,0,0,0,0,0,0,0,0,0,0
0,0,0,0,0,0,0,0,0,0,0
0,0,0,0,0,0,0,0,0,0,0
0,0,0,0,0,0,0,0,0,0,0
0,0,0,0,0,0,0,0,0,0,0
0,0,0,0,0,0,0,0,0,0,0
0,0,0,0,0,0,0,0,0,0,0
0,0,0,0,0,0,0,0,0,0,0
0,0,0,0,0,0,0,0,0,0,0
0,0,0,0,0,0,0,0,0,0,0
0,0,0,0,0,0,0,0,0,0,0
0,0,0,0,0,0,0,0,0,0,0
#stats#
TotalSplitsOR: 0
TotalSplitsAND: 51
Non-Leading client : comma seperated leading clients killed
Node : startTime, EndTime