NOK
9.095597
94
Boogie Dump Took : 1.278855
0.000971
0.504093
0.0812775425531915
0,0,0,0,0,0,0,3.128254,1,0,1
0,0,0,0,0,0,0,3.210965,3,0,2
0,0,0,0,0,0,0,3.114174,3,0,2
0,0,0,0,0,0,0,1.675466,3,0,7
0,0,0,0,0,0,0,2.979412,2,0,2
0,0,0,0,0,0,0,3.055191,2,0,1
0,0,0,0,0,0,0,3.033344,2,0,2
0,0,0,0,0,0,0,2.596802,2,0,4
0,0,0,0,0,0,0,2.782569,3,0,3
0,0,0,0,0,0,0,2.776826,1,0,2
0,0,0,0,0,0,0,2.926431,2,0,2
0,0,0,0,0,0,0,2.786205,1,1,1
0,0,0,0,0,0,0,2.898605,1,0,1
0,0,0,0,0,0,0,3.202502,2,0,0
0,0,0,0,0,0,0,3.209582,1,1,0
0,0,0,0,0,0,0,3.085373,1,1,0
0,0,0,0,0,0,0,4.321762,4,0,2
0,0,0,0,0,0,0,4.590242,5,0,4
0,0,0,0,0,0,0,4.267987,4,0,5
0,0,0,0,0,0,0,4.550342,6,0,1
0,0,0,0,0,0,0,3.338513,2,0,5
0,0,0,0,0,0,0,4.43384,4,0,4
0,0,0,0,0,0,0,4.389095,4,0,2
0,0,0,0,0,0,0,3.825707,3,0,6
0,0,0,0,0,0,0,4.247988,4,0,4
0,0,0,0,0,0,0,4.276682,2,0,2
0,0,0,0,0,0,0,4.871118,4,0,1
0,0,0,0,0,0,0,4.565308,3,0,2
0,0,0,0,0,0,0,4.399222,2,0,3
0,0,0,0,0,0,0,4.636234,4,0,2
0,0,0,0,0,0,0,4.644674,2,0,6
0,0,0,0,0,0,0,4.736911,2,0,1
#stats#
TotalSplitsOR: 6
TotalSplitsAND: 88
Non-Leading client : comma seperated leading clients killed
17 : 
16 : 
18 : 
19 : 
21 : 
22 : 
20 : 
23 : 
24 : 
16 : 
29 : 
18 : 
26 : 
23 : 
17 : 
24 : 
16 : 
31 : 
19 : 
21 : 
27 : 
30 : 
25 : 
28 : 
29 : 
26 : 
17 : 
22 : 
19 : 
18 : 
27 : 
24 : 
21 : 
26 : 
19 : 
29 : 
17 : 
Node : startTime, EndTime
275 : 15-04 07:44:37.488631,15-04 07:44:37.514288
276 : 01-01 00:00:00.000000,15-04 07:44:37.514313
270 : 15-04 07:44:37.483997,15-04 07:44:37.514315
271 : 15-04 07:44:37.484458,15-04 07:44:37.514327
265 : 15-04 07:44:37.476786,15-04 07:44:37.514329
266 : 15-04 07:44:37.477234,15-04 07:44:37.514341