NOK
7.751355
51
Boogie Dump Took : 1.780943
0.002014
0.680011
0.115795
0,0,0,0,0,0,0,3.675845,2,0,2
0,0,0,0,0,0,0,3.506702,3,0,2
0,0,0,0,0,0,0,3.40141,2,0,2
0,0,0,0,0,0,0,2.264261,2,0,7
0,0,0,0,0,0,0,3.462029,3,0,2
0,0,0,0,0,0,0,3.493671,3,0,1
0,0,0,0,0,0,0,3.397255,2,0,2
0,0,0,0,0,0,0,3.094587,2,0,2
0,0,0,0,0,0,0,2.88185,1,0,4
0,0,0,0,0,0,0,3.379991,2,0,2
0,0,0,0,0,0,0,3.169916,2,0,4
0,0,0,0,0,0,0,3.528187,2,0,1
0,0,0,0,0,0,0,3.389966,2,0,1
0,0,0,0,0,0,0,3.51619,2,0,1
0,0,0,0,0,0,0,3.759173,2,0,0
0,0,0,0,0,0,0,3.714313,2,0,1
0,0,0,0,0,0,0,2.958497,1,0,2
0,0,0,0,0,0,0,2.934607,1,0,2
0,0,0,0,0,0,0,4.858875,2,0,1
0,0,0,0,0,0,0,3.692805,1,0,2
0,0,0,0,0,0,0,3.611086,1,0,2
0,0,0,0,0,0,0,3.665567,1,0,1
0,0,0,0,0,0,0,3.663341,1,0,0
0,0,0,0,0,0,0,3.706655,1,0,0
0,0,0,0,0,0,0,4.362461,1,0,1
0,0,0,0,0,0,0,4.405617,1,0,0
0,0,0,0,0,0,0,4.491252,1,0,1
0,0,0,0,0,0,0,4.476708,1,0,1
0,0,0,0,0,0,0,4.560958,1,0,1
0,0,0,0,0,0,0,5.216314,1,0,0
0,0,0,0,0,0,0,5.19429,1,0,0
0,0,0,0,0,0,0,5.188828,1,0,0
#stats#
TotalSplitsOR: 3
TotalSplitsAND: 48
Non-Leading client : comma seperated leading clients killed
18 : 
16 : 
17 : 
22 : 
23 : 
20 : 
24 : 
19 : 
26 : 
27 : 
Node : startTime, EndTime