NOK
20.143383
165
Boogie Dump Took : 1.419341
0.000809
1.143452
0.111756721212121
0,0,0,0,0,0,0,5.839316,9,0,7
0,0,0,0,0,0,0,6.62758,7,0,6
0,0,0,0,0,0,0,6.834228,9,0,5
0,0,0,0,0,0,0,3.151789,6,0,19
0,0,0,0,0,0,0,5.468851,7,0,9
0,0,0,0,0,0,0,5.484195,4,0,9
0,0,0,0,0,0,0,4.422812,3,0,13
0,0,0,0,0,0,0,5.66288,5,0,6
0,0,0,0,0,0,0,6.311765,8,0,7
0,0,0,0,0,0,0,5.997717,9,0,7
0,0,0,0,0,0,0,5.794825,8,0,3
0,0,0,0,0,0,0,5.906443,5,1,1
0,0,0,0,0,0,0,5.360399,5,0,6
0,0,0,0,0,0,0,6.405171,10,1,3
0,0,0,0,0,0,0,6.859086,8,1,4
0,0,0,0,0,0,0,5.984031,8,0,6
0,0,0,0,0,0,0,4.550119,1,0,3
0,0,0,0,0,0,0,4.552855,2,0,6
0,0,0,0,0,0,0,4.531112,1,0,1
0,0,0,0,0,0,0,5.376268,1,0,1
0,0,0,0,0,0,0,5.42633,1,0,1
0,0,0,0,0,0,0,5.445654,1,0,0
0,0,0,0,0,0,0,5.45302,4,0,0
0,0,0,0,0,0,0,5.471753,2,0,0
0,0,0,0,0,0,0,5.466214,1,0,0
0,0,0,0,0,0,0,5.481071,1,0,0
0,0,0,0,0,0,0,5.476984,1,0,0
0,0,0,0,0,0,0,5.455652,1,0,0
0,0,0,0,0,0,0,5.447447,1,1,0
0,0,0,0,0,0,0,5.428378,2,0,0
0,0,0,0,0,0,0,5.411392,4,0,0
0,0,0,0,0,0,0,5.399716,4,0,0
#stats#
TotalSplitsOR: 21
TotalSplitsAND: 144
Non-Leading client : comma seperated leading clients killed
22 : 
22 : 
23 : 
28 : 
22 : 
17 : 
30 : 6,15,-1
30 : 
31 : 
Node : startTime, EndTime
565 : 15-04 08:22:45.476088,15-04 08:22:45.523473
566 : 01-01 00:00:00.000000,15-04 08:22:45.523493
560 : 15-04 08:22:45.473020,15-04 08:22:45.523496
561 : 01-01 00:00:00.000000,15-04 08:22:45.523520
555 : 15-04 08:22:45.470180,15-04 08:22:45.523521
556 : 01-01 00:00:00.000000,15-04 08:22:45.523532
230 : 15-04 08:22:41.288785,15-04 08:22:46.906440
231 : 15-04 08:22:41.289227,15-04 08:22:46.906467
225 : 15-04 08:22:41.284900,15-04 08:22:46.906468
226 : 15-04 08:22:41.285297,15-04 08:22:46.906485
220 : 15-04 08:22:41.281736,15-04 08:22:46.906488
221 : 15-04 08:22:41.282033,15-04 08:22:46.906511
631 : 15-04 08:22:47.286131,15-04 08:22:50.723118
635 : 15-04 08:22:46.767633,15-04 08:22:50.723154
636 : 01-01 00:00:00.000000,15-04 08:22:50.723159
630 : 15-04 08:22:46.764885,15-04 08:22:50.723159
625 : 15-04 08:22:46.762136,15-04 08:22:50.723160
626 : 15-04 08:22:47.096259,15-04 08:22:50.723170