NOK
13.634282
72
Boogie Dump Took : 1.095707
0.000235
0.813883
0.162815763888889
0,0,0,0,0,0,0,5.582864,2,0,2
0,0,0,0,0,0,0,4.901763,2,0,2
0,0,0,0,0,0,0,5.47153,3,0,2
0,0,0,0,0,0,0,4.318015,5,0,6
0,0,0,0,0,0,0,5.003452,2,0,4
0,0,0,0,0,0,0,4.985046,3,0,3
0,0,0,0,0,0,0,4.976308,2,0,4
0,0,0,0,0,0,0,5.781048,3,0,2
0,0,0,0,0,0,0,4.030045,1,0,6
0,0,0,0,0,0,0,5.78549,3,0,1
0,0,0,0,0,0,0,5.784052,3,0,2
0,0,0,0,0,0,0,5.855605,2,0,1
0,0,0,0,0,0,0,5.776632,3,0,2
0,0,0,0,0,0,0,5.987243,3,0,2
0,0,0,0,0,0,0,5.76199,2,0,1
0,0,0,0,0,0,0,6.062713,2,0,1
0,0,0,0,0,0,0,7.070059,1,0,5
0,0,0,0,0,0,0,7.06891,1,0,3
0,0,0,0,0,0,0,7.071794,1,0,5
0,0,0,0,0,0,0,7.776617,1,0,2
0,0,0,0,0,0,0,7.889492,1,0,1
0,0,0,0,0,0,0,8.235591,2,0,0
0,0,0,0,0,0,0,7.884237,1,0,1
0,0,0,0,0,0,0,8.00862,1,0,0
0,0,0,0,0,0,0,8.176601,3,0,0
0,0,0,0,0,0,0,8.229075,1,0,0
0,0,0,0,0,0,0,8.218061,1,1,0
0,0,0,0,0,0,0,8.202878,3,0,0
0,0,0,0,0,0,0,8.318318,1,0,0
0,0,0,0,0,0,0,8.446376,2,0,0
0,0,0,0,0,0,0,8.804571,2,0,0
0,0,0,0,0,0,0,8.727116,1,0,0
#stats#
TotalSplitsOR: 9
TotalSplitsAND: 63
Non-Leading client : comma seperated leading clients killed
21 : 
27 : 
29 : 
24 : 
30 : 
27 : 
24 : 
26 : 
Node : startTime, EndTime