NOK
20.977909
45
Boogie Dump Took : 1.106414
0.002209
2.22775
0.432842844444445
0,0,0,0,0,0,0,12.809943,2,0,5
0,0,0,0,0,0,0,13.373279,3,0,3
0,0,0,0,0,0,0,13.420267,3,0,4
0,0,0,0,0,0,0,11.534191,3,0,2
0,0,0,0,0,0,0,10.757151,3,0,2
0,0,0,0,0,0,0,13.584146,3,0,6
0,0,0,0,0,0,0,12.059182,3,0,2
0,0,0,0,0,0,0,13.637987,3,0,3
0,0,0,0,0,0,0,12.902116,3,0,3
0,0,0,0,0,0,0,9.332386,2,0,1
0,0,0,0,0,0,0,15.255199,3,0,2
0,0,0,0,0,0,0,9.825782,2,0,2
0,0,0,0,0,0,0,13.64746,2,0,2
0,0,0,0,0,0,0,12.085699,2,0,2
0,0,0,0,0,0,0,16.290312,3,0,2
0,0,0,0,0,0,0,12.040392,2,0,1
0,0,0,0,0,0,0,6.488791,1,0,0
0,0,0,0,0,0,0,6.487274,1,0,0
0,0,0,0,0,0,0,0,0,0,0
0,0,0,0,0,0,0,6.475758,1,0,0
0,0,0,0,0,0,0,0,0,0,0
0,0,0,0,0,0,0,0,0,0,0
0,0,0,0,0,0,0,0,0,0,0
0,0,0,0,0,0,0,0,0,0,0
0,0,0,0,0,0,0,0,0,0,0
0,0,0,0,0,0,0,0,0,0,0
0,0,0,0,0,0,0,0,0,0,0
0,0,0,0,0,0,0,0,0,0,0
0,0,0,0,0,0,0,0,0,0,0
0,0,0,0,0,0,0,0,0,0,0
0,0,0,0,0,0,0,0,0,0,0
0,0,0,0,0,0,0,0,0,0,0
#stats#
TotalSplitsOR: 3
TotalSplitsAND: 42
Non-Leading client : comma seperated leading clients killed
Node : startTime, EndTime
85 : 15-04 08:31:55.102779,15-04 08:31:55.137855
86 : 15-04 08:31:55.103159,15-04 08:31:55.137899
80 : 15-04 08:31:55.100121,15-04 08:31:55.137902
81 : 15-04 08:31:55.100381,15-04 08:31:55.137923
75 : 15-04 08:31:55.097699,15-04 08:31:55.137924
76 : 15-04 08:31:55.097923,15-04 08:31:55.137945