NOK
9.347002
68
Boogie Dump Took : 1.657129
0.001326
0.600852
0.110413602941176
0,0,0,0,0,0,0,3.699345,3,0,1
0,0,0,0,0,0,0,3.537374,2,0,2
0,0,0,0,0,0,0,3.358172,2,0,2
0,0,0,0,0,0,0,3.504573,2,0,1
0,0,0,0,0,0,0,2.246937,2,0,7
0,0,0,0,0,0,0,3.563748,3,0,2
0,0,0,0,0,0,0,3.541818,2,0,1
0,0,0,0,0,0,0,3.15651,1,0,3
0,0,0,0,0,0,0,3.439579,2,0,2
0,0,0,0,0,0,0,3.541087,2,0,2
0,0,0,0,0,0,0,3.669531,2,0,1
0,0,0,0,0,0,0,3.426101,1,0,2
0,0,0,0,0,0,0,3.404153,1,0,2
0,0,0,0,0,0,0,3.591619,2,0,1
0,0,0,0,0,0,0,3.941815,2,0,0
0,0,0,0,0,0,0,3.719109,1,0,1
0,0,0,0,0,0,0,3.963495,2,1,2
0,0,0,0,0,0,0,3.819686,2,1,2
0,0,0,0,0,0,0,3.75734,2,1,2
0,0,0,0,0,0,0,3.601713,1,0,3
0,0,0,0,0,0,0,3.581905,1,0,4
0,0,0,0,0,0,0,3.648691,1,0,2
0,0,0,0,0,0,0,3.646338,1,0,3
0,0,0,0,0,0,0,3.956668,3,1,1
0,0,0,0,0,0,0,3.780077,2,1,1
0,0,0,0,0,0,0,4.256577,2,0,0
0,0,0,0,0,0,0,4.144027,1,0,1
0,0,0,0,0,0,0,4.318439,2,1,0
0,0,0,0,0,0,0,4.200531,1,1,0
0,0,0,0,0,0,0,4.11456,1,1,0
0,0,0,0,0,0,0,4.136768,1,0,0
0,0,0,0,0,0,0,4.024382,1,0,0
#stats#
TotalSplitsOR: 3
TotalSplitsAND: 65
Non-Leading client : comma seperated leading clients killed
16 : 
17 : 
18 : 
24 : 
23 : 
25 : 
27 : 
23 : 
24 : 
16 : 
29 : 
17 : 
18 : 
27 : 
23 : 
28 : 
Node : startTime, EndTime