NOK
11.239921
85
Boogie Dump Took : 1.039721
0.00183
0.579715
0.118578458823529
0,0,0,0,0,0,0,4.947302,2,0,2
0,0,0,0,0,0,0,4.728088,3,0,2
0,0,0,0,0,0,0,4.971253,3,0,3
0,0,0,0,0,0,0,2.634496,2,0,6
0,0,0,0,0,0,0,4.845064,3,0,2
0,0,0,0,0,0,0,4.879414,3,0,3
0,0,0,0,0,0,0,3.908561,2,0,1
0,0,0,0,0,0,0,4.68271,3,0,2
0,0,0,0,0,0,0,4.614954,3,0,3
0,0,0,0,0,0,0,4.968279,3,0,2
0,0,0,0,0,0,0,4.171282,3,0,3
0,0,0,0,0,0,0,4.970715,3,0,2
0,0,0,0,0,0,0,4.735634,2,0,3
0,0,0,0,0,0,0,5.199265,2,0,0
0,0,0,0,0,0,0,4.900942,2,0,1
0,0,0,0,0,0,0,4.498075,1,0,5
0,0,0,0,0,0,0,6.129267,3,0,6
0,0,0,0,0,0,0,6.405865,4,1,4
0,0,0,0,0,0,0,6.127158,3,0,4
0,0,0,0,0,0,0,6.424546,4,0,2
0,0,0,0,0,0,0,6.01884,2,0,4
0,0,0,0,0,0,0,6.153854,2,0,5
0,0,0,0,0,0,0,6.50207,3,0,2
0,0,0,0,0,0,0,6.418662,4,0,1
0,0,0,0,0,0,0,6.451396,3,0,0
0,0,0,0,0,0,0,6.335319,3,0,1
0,0,0,0,0,0,0,6.694797,4,0,0
0,0,0,0,0,0,0,6.755168,2,0,4
0,0,0,0,0,0,0,6.453526,1,0,3
0,0,0,0,0,0,0,6.577147,2,0,2
0,0,0,0,0,0,0,6.920951,2,0,0
0,0,0,0,0,0,0,6.548008,2,0,0
#stats#
TotalSplitsOR: 6
TotalSplitsAND: 79
Non-Leading client : comma seperated leading clients killed
19 : 
16 : 
17 : 
23 : 
24 : 
22 : 
26 : 
25 : 
18 : 
20 : 
19 : 
21 : 
23 : 
16 : 
17 : 
30 : 
24 : 
31 : 
26 : 
19 : 
27 : 
29 : 
25 : 
18 : 
23 : 
17 : 
17 : 
22 : 
26 : 
30 : 
Node : startTime, EndTime