TIMEDOUT
3600
145
Boogie Dump Took : 1.788821
0,0,0,0,0,0,0,1703.979291,7,1,6
0,0,0,0,0,0,0,469.063176,6,0,8
0,0,0,0,0,0,0,2178.315509,4,0,4
0,0,0,0,0,0,0,1703.379181,4,0,3
0,0,0,0,0,0,0,2912.511068,22,0,19
0,0,0,0,0,0,0,78.804771,21,3,25
0,0,0,0,0,0,0,2899.048421,26,7,20
0,0,0,0,0,0,0,75.903032,19,2,23
0,0,0,0,0,0,0,888.241525,5,0,4
0,0,0,0,0,0,0,160.990496,5,0,5
0,0,0,0,0,0,0,1070.602871,4,0,5
0,0,0,0,0,0,0,1491.601291,4,0,3
#ALGO Details#
Best Algo splitMode:-1
SplitMode:totalANDSplits
100:26
0:99
50:17