ReachedBound
417.653573
143
Boogie Dump Took : 1.246343
0.001709
26.674453
2.88590378321678
0,0,0,0,0,0,0,3.732487,2,12,4
0,0,0,0,0,0,0,22.965956,4,12,3
0,0,0,0,0,0,0,54.700408,3,12,2
0,0,0,0,0,0,0,34.756084,3,11,3
0,0,0,0,0,0,0,2.059913,3,7,3
0,0,0,0,0,0,0,1.99288,3,6,2
0,0,0,0,0,0,0,1.817488,2,5,3
0,0,0,0,0,0,0,2.169531,3,6,2
0,0,0,0,0,0,0,2.144541,3,8,3
0,0,0,0,0,0,0,2.041301,2,9,1
0,0,0,0,0,0,0,1.938064,2,8,3
0,0,0,0,0,0,0,2.495681,2,8,1
#ALGO Details#
Best Algo splitMode:100
SplitMode:totalANDSplits
100:59
0:39
50:42