OK
937.879297
311
Boogie Dump Took : 1.170033
0.002429
18.684361
2.98099274919614
0,0,0,0,0,0,0,6.420603,20,13,23
0,0,0,0,0,0,0,6.189806,18,13,22
0,0,0,0,0,0,0,5.453969,20,16,23
0,0,0,0,0,0,0,7.582763,22,16,12
0,0,0,0,0,0,0,47.540029,20,1,24
0,0,0,0,0,0,0,67.941788,19,1,19
0,0,0,0,0,0,0,74.595754,19,0,18
0,0,0,0,0,0,0,40.961819,17,5,13
0,0,0,0,0,0,0,36.254591,18,3,23
0,0,0,0,0,0,0,54.580679,20,4,12
0,0,0,0,0,0,0,78.642589,19,5,12
0,0,0,0,0,0,0,71.510436,16,5,25
#ALGO Details#
Best Algo splitMode:0
SplitMode:totalANDSplits
100:138
0:81
50:89