NOK
468.726641
143
Boogie Dump Took : 3.241819
0.001811
82.979566
3.08734916083916
0,0,0,0,0,0,0,263.220343,1,0,2
0,0,0,0,0,0,0,398.397694,2,0,1
0,0,0,0,0,0,0,3.560328,1,0,1
0,0,0,0,0,0,0,122.849508,1,0,1
0,0,0,0,0,0,0,64.250217,28,1,27
0,0,0,0,0,0,0,190.253648,28,3,29
0,0,0,0,0,0,0,187.07937,27,1,27
0,0,0,0,0,0,0,189.24007,27,1,26
0,0,0,0,0,0,0,269.905543,3,0,2
0,0,0,0,0,0,0,123.492786,2,0,2
0,0,0,0,0,0,0,123.610789,2,0,2
0,0,0,0,0,0,0,243.709218,2,0,2
#ALGO Details#
Best Algo splitMode:0
SplitMode:totalANDSplits
100:5
0:127
50:8