TIMEDOUT
3600
174
Boogie Dump Took : 2.512327
0,0,0,0,0,0,0,3122.957528,1,0,1
0,0,0,0,0,0,0,1.560732,1,0,1
0,0,0,0,0,0,0,4.864437,1,0,1
0,0,0,0,0,0,0,1585.168122,1,0,1
0,0,0,0,0,0,0,1716.281611,47,0,46
0,0,0,0,0,0,0,79.73479,26,1,29
0,0,0,0,0,0,0,91.61818,30,1,28
0,0,0,0,0,0,0,1727.62164,56,2,55
0,0,0,0,0,0,0,1663.030539,2,0,2
0,0,0,0,0,0,0,3214.111904,2,0,1
0,0,0,0,0,0,0,5.149597,1,0,1
0,0,0,0,0,0,0,1661.282182,1,0,1
#ALGO Details#
Best Algo splitMode:-1
SplitMode:totalANDSplits
100:4
0:162
50:5