NOK
442.250488
86
Boogie Dump Took : 2.326927
0.000486
37.213519
4.58169308139535
0,0,0,0,0,0,0,43.98541,1,3,2
0,0,0,0,0,0,0,55.153733,2,2,1
0,0,0,0,0,0,0,51.803588,2,3,1
0,0,0,0,0,0,0,26.203021,1,3,2
0,0,0,0,0,0,0,142.356824,11,2,10
0,0,0,0,0,0,0,142.318733,10,2,12
0,0,0,0,0,0,0,155.040869,10,2,9
0,0,0,0,0,0,0,159.788362,10,2,9
0,0,0,0,0,0,0,54.389177,3,0,2
0,0,0,0,0,0,0,38.399754,2,2,3
0,0,0,0,0,0,0,55.090522,2,1,2
0,0,0,0,0,0,0,49.771898,2,1,1
#ALGO Details#
Best Algo splitMode:100
SplitMode:totalANDSplits
100:21
0:48
50:14