ReachedBound
3034.347255
416
Boogie Dump Took : 2.297224
0.001739
56.921379
7.22505490625
0,0,0,0,0,0,0,1289.635415,6,0,7
0,0,0,0,0,0,0,2245.184509,8,0,6
0,0,0,0,0,0,0,1846.074935,7,0,8
0,0,0,0,0,0,0,1517.088336,7,0,7
0,0,0,0,0,0,0,2127.352161,84,0,80
0,0,0,0,0,0,0,2152.686411,74,0,77
0,0,0,0,0,0,0,2181.118426,88,0,87
0,0,0,0,0,0,0,2117.781681,90,0,91
0,0,0,0,0,0,0,1671.256857,13,0,13
0,0,0,0,0,0,0,1721.997392,13,0,17
0,0,0,0,0,0,0,1808.053499,12,0,11
0,0,0,0,0,0,0,1889.841319,13,0,9
#ALGO Details#
Best Algo splitMode:100
SplitMode:totalANDSplits
100:28
0:335
50:50