OK
435.020006
95
Boogie Dump Took : 2.862227
0.002377
29.056223
4.39545650526316
0,0,0,0,0,0,0,100.243346,3,0,4
0,0,0,0,0,0,0,92.899299,4,0,2
0,0,0,0,0,0,0,80.638938,2,0,1
0,0,0,0,0,0,0,31.220226,1,0,3
0,0,0,0,0,0,0,39.721663,10,4,11
0,0,0,0,0,0,0,20.75894,8,3,7
0,0,0,0,0,0,0,50.203701,7,3,11
0,0,0,0,0,0,0,21.241881,10,1,5
0,0,0,0,0,0,0,50.054022,4,0,15
0,0,0,0,0,0,0,105.684329,11,0,9
0,0,0,0,0,0,0,148.121905,14,1,4
0,0,0,0,0,0,0,129.828292,7,0,7
#ALGO Details#
Best Algo splitMode:0
SplitMode:totalANDSplits
100:11
0:45
50:36