NOK
44.189817
214
Boogie Dump Took : 1.13519
0.000217
2.676856
0.191751014018692
0,0,0,0,0,0,0,8.771228,4,1,5
0,0,0,0,0,0,0,8.947647,5,0,5
0,0,0,0,0,0,0,9.560175,4,2,3
0,0,0,0,0,0,0,6.922054,4,0,4
0,0,0,0,0,0,0,4.850373,11,0,8
0,0,0,0,0,0,0,4.904763,11,1,10
0,0,0,0,0,0,0,3.861782,8,2,10
0,0,0,0,0,0,0,4.99597,9,0,10
0,0,0,0,0,0,0,7.478056,6,0,5
0,0,0,0,0,0,0,5.439483,5,1,6
0,0,0,0,0,0,0,7.429147,5,0,4
0,0,0,0,0,0,0,7.120969,6,0,6
0,0,0,0,0,0,0,9.610905,6,0,6
0,0,0,0,0,0,0,9.337626,5,1,6
0,0,0,0,0,0,0,7.368483,7,0,5
0,0,0,0,0,0,0,6.710331,6,1,6
0,0,0,0,0,0,0,7.010967,5,0,4
0,0,0,0,0,0,0,9.928762,5,0,4
0,0,0,0,0,0,0,10.076744,5,0,5
0,0,0,0,0,0,0,6.241016,4,1,5
0,0,0,0,0,0,0,10.972843,7,1,6
0,0,0,0,0,0,0,7.635835,5,0,5
0,0,0,0,0,0,0,11.723086,7,0,6
0,0,0,0,0,0,0,9.717075,6,0,7
0,0,0,0,0,0,0,8.068545,5,1,6
0,0,0,0,0,0,0,9.335044,6,0,6
0,0,0,0,0,0,0,10.0751,6,0,5
0,0,0,0,0,0,0,8.453592,5,0,4
0,0,0,0,0,0,0,7.085883,4,2,4
0,0,0,0,0,0,0,14.803057,7,0,6
0,0,0,0,0,0,0,8.17769,7,0,7
0,0,0,0,0,0,0,15.330572,7,0,7
#ALGO Details#
Best Algo splitMode:50
SplitMode:totalANDSplits
100:21
0:41
50:23
50:26
50:20
50:26
50:23
50:26