NOK
212.994401
433
Boogie Dump Took : 3.584043
0.000309
5.812451
0.482554780600462
0,0,0,0,0,0,0,37.803923,14,2,15
0,0,0,0,0,0,0,36.664116,20,1,21
0,0,0,0,0,0,0,42.928535,19,3,18
0,0,0,0,0,0,0,41.4809,18,3,17
0,0,0,0,0,0,0,13.59724,7,3,6
0,0,0,0,0,0,0,10.518258,7,2,8
0,0,0,0,0,0,0,6.121755,9,3,7
0,0,0,0,0,0,0,19.367345,7,3,8
0,0,0,0,0,0,0,8.108143,6,4,4
0,0,0,0,0,0,0,4.508197,4,3,6
0,0,0,0,0,0,0,13.539796,4,4,4
0,0,0,0,0,0,0,12.499114,5,3,4
0,0,0,0,0,0,0,9.100419,6,2,6
0,0,0,0,0,0,0,7.767927,5,2,5
0,0,0,0,0,0,0,7.362565,4,1,3
0,0,0,0,0,0,0,7.935772,6,1,6
0,0,0,0,0,0,0,8.060391,6,1,6
0,0,0,0,0,0,0,6.833783,6,3,6
0,0,0,0,0,0,0,10.736851,7,3,6
0,0,0,0,0,0,0,13.850217,6,2,6
0,0,0,0,0,0,0,37.416171,27,0,23
0,0,0,0,0,0,0,17.419186,20,0,21
0,0,0,0,0,0,0,31.944757,21,0,21
0,0,0,0,0,0,0,22.473081,20,1,22
0,0,0,0,0,0,0,9.87517,6,2,5
0,0,0,0,0,0,0,9.335676,6,2,4
0,0,0,0,0,0,0,16.485263,5,3,5
0,0,0,0,0,0,0,7.379421,4,3,6
0,0,0,0,0,0,0,28.279557,14,0,10
0,0,0,0,0,0,0,19.847698,10,1,14
0,0,0,0,0,0,0,26.122793,11,1,10
0,0,0,0,0,0,0,29.943149,11,2,11
#ALGO Details#
Best Algo splitMode:0
SplitMode:totalANDSplits
100:86
0:46
50:40
50:30
50:41
50:91
50:36
50:55