NOK
128.941205
315
Boogie Dump Took : 1.463796
0.000313
5.82821
0.393908895238095
0,0,0,0,0,0,0,18.138164,2,4,4
0,0,0,0,0,0,0,22.653434,3,1,2
0,0,0,0,0,0,0,25.714291,3,0,2
0,0,0,0,0,0,0,21.63029,3,3,3
0,0,0,0,0,0,0,3.473378,11,5,10
0,0,0,0,0,0,0,3.064987,13,2,11
0,0,0,0,0,0,0,2.846407,11,6,12
0,0,0,0,0,0,0,2.796775,8,5,9
0,0,0,0,0,0,0,25.761584,10,0,8
0,0,0,0,0,0,0,21.393966,9,1,10
0,0,0,0,0,0,0,21.303252,9,1,9
0,0,0,0,0,0,0,22.705063,8,0,8
0,0,0,0,0,0,0,27.405751,14,0,14
0,0,0,0,0,0,0,28.479336,9,1,9
0,0,0,0,0,0,0,26.327673,11,0,9
0,0,0,0,0,0,0,22.56179,7,1,8
0,0,0,0,0,0,0,25.26454,11,0,9
0,0,0,0,0,0,0,22.923509,8,0,8
0,0,0,0,0,0,0,16.504365,8,1,7
0,0,0,0,0,0,0,8.666358,5,2,7
0,0,0,0,0,0,0,22.962442,5,2,5
0,0,0,0,0,0,0,19.206098,4,2,4
0,0,0,0,0,0,0,23.295693,6,0,4
0,0,0,0,0,0,0,12.570076,3,1,4
0,0,0,0,0,0,0,20.024595,10,0,11
0,0,0,0,0,0,0,23.830145,8,1,7
0,0,0,0,0,0,0,20.759323,8,1,9
0,0,0,0,0,0,0,20.984916,9,0,7
0,0,0,0,0,0,0,13.539916,11,0,10
0,0,0,0,0,0,0,16.380292,9,0,8
0,0,0,0,0,0,0,20.146591,9,1,12
0,0,0,0,0,0,0,23.392412,13,0,11
#ALGO Details#
Best Algo splitMode:0
SplitMode:totalANDSplits
100:19
0:70
50:39
50:42
50:34
50:22
50:37
50:44