TIMEDOUT
3600
528
Boogie Dump Took : 1.790906
0,0,0,0,0,0,0,474.820688,8,1,10
0,0,0,0,0,0,0,442.126321,10,13,11
0,0,0,0,0,0,0,220.954744,8,8,7
0,0,0,0,0,0,0,476.264367,10,5,8
0,0,0,0,0,0,0,93.665283,45,8,44
0,0,0,0,0,0,0,100.817083,44,6,45
0,0,0,0,0,0,0,95.183781,45,3,44
0,0,0,0,0,0,0,97.336271,43,5,43
0,0,0,0,0,0,0,722.748588,9,0,8
0,0,0,0,0,0,0,690.928553,11,0,9
0,0,0,0,0,0,0,202.24824,8,0,6
0,0,0,0,0,0,0,730.292927,9,0,13
0,0,0,0,0,0,0,668.026064,14,1,11
0,0,0,0,0,0,0,1376.865153,12,0,11
0,0,0,0,0,0,0,2161.584135,10,0,18
0,0,0,0,0,0,0,2859.23046,10,0,5
0,0,0,0,0,0,0,1200.863534,7,0,5
0,0,0,0,0,0,0,681.247571,15,1,12
0,0,0,0,0,0,0,188.450578,9,1,11
0,0,0,0,0,0,0,736.329383,10,0,12
0,0,0,0,0,0,0,1318.079124,8,0,12
0,0,0,0,0,0,0,2443.097878,15,2,8
0,0,0,0,0,0,0,1256.704991,8,0,11
0,0,0,0,0,0,0,566.332435,11,0,10
0,0,0,0,0,0,0,1216.452246,10,0,14
0,0,0,0,0,0,0,1191.993429,13,1,10
0,0,0,0,0,0,0,1273.620754,9,0,6
0,0,0,0,0,0,0,1903.533408,11,0,12
0,0,0,0,0,0,0,735.35427,9,0,9
0,0,0,0,0,0,0,251.971965,8,0,7
0,0,0,0,0,0,0,1406.971495,11,0,9
0,0,0,0,0,0,0,875.952091,12,0,14
#ALGO Details#
Best Algo splitMode:-1
SplitMode:totalANDSplits
100:63
0:208
50:36
50:46
50:42
50:43
50:43
50:39