NOK
496.844464
216
Boogie Dump Took : 1.545033
0.000428
35.768893
2.28878896759259
0,0,0,0,0,0,0,114.684472,2,2,2
0,0,0,0,0,0,0,113.081261,2,0,1
0,0,0,0,0,0,0,79.400335,2,0,1
0,0,0,0,0,0,0,40.458194,1,0,3
0,0,0,0,0,0,0,25.617278,21,2,22
0,0,0,0,0,0,0,25.217113,22,4,22
0,0,0,0,0,0,0,25.15023,23,12,21
0,0,0,0,0,0,0,25.785949,22,5,22
0,0,0,0,0,0,0,45.570114,4,0,5
0,0,0,0,0,0,0,83.25063,4,2,4
0,0,0,0,0,0,0,120.876708,4,1,3
0,0,0,0,0,0,0,85.198693,4,1,3
0,0,0,0,0,0,0,115.452221,2,0,4
0,0,0,0,0,0,0,157.524556,5,0,2
0,0,0,0,0,0,0,75.784962,2,0,3
0,0,0,0,0,0,0,118.760314,3,0,2
0,0,0,0,0,0,0,116.294072,2,0,3
0,0,0,0,0,0,0,77.538576,2,0,3
0,0,0,0,0,0,0,118.969523,3,1,1
0,0,0,0,0,0,0,119.516337,2,0,1
0,0,0,0,0,0,0,43.627888,2,0,4
0,0,0,0,0,0,0,81.178012,3,0,2
0,0,0,0,0,0,0,81.662829,2,0,3
0,0,0,0,0,0,0,156.025193,4,1,1
0,0,0,0,0,0,0,79.039536,3,0,2
0,0,0,0,0,0,0,75.359148,2,1,3
0,0,0,0,0,0,0,76.342191,2,0,2
0,0,0,0,0,0,0,77.315845,2,1,1
0,0,0,0,0,0,0,77.369964,2,0,2
0,0,0,0,0,0,0,114.349382,3,1,1
0,0,0,0,0,0,0,77.948753,2,1,2
0,0,0,0,0,0,0,41.204286,1,0,2
#ALGO Details#
Best Algo splitMode:50
SplitMode:totalANDSplits
100:13
0:118
50:19
50:11
50:9
50:15
50:13
50:10