NOK
26.263259
96
Boogie Dump Took : 3.012917
0.00046
3.561103
0.236102645833333
0,0,0,0,0,0,0,13.869997,1,0,2
0,0,0,0,0,0,0,20.435592,2,0,1
0,0,0,0,0,0,0,7.827161,1,0,1
0,0,0,0,0,0,0,1.376237,1,0,1
0,0,0,0,0,0,0,10.424365,11,0,7
0,0,0,0,0,0,0,3.279519,6,1,6
0,0,0,0,0,0,0,5.052821,7,0,8
0,0,0,0,0,0,0,4.835868,7,1,9
0,0,0,0,0,0,0,13.571128,2,0,2
0,0,0,0,0,0,0,13.750694,2,0,2
0,0,0,0,0,0,0,13.909948,3,0,2
0,0,0,0,0,0,0,19.801952,2,0,2
0,0,0,0,0,0,0,13.240536,2,0,2
0,0,0,0,0,0,0,13.660817,2,0,2
0,0,0,0,0,0,0,8.109252,2,0,2
0,0,0,0,0,0,0,13.766845,2,0,1
0,0,0,0,0,0,0,14.619715,3,0,3
0,0,0,0,0,0,0,20.898646,3,0,3
0,0,0,0,0,0,0,8.101474,2,0,2
0,0,0,0,0,0,0,15.41294,3,0,2
0,0,0,0,0,0,0,20.718573,3,0,3
0,0,0,0,0,0,0,20.782679,3,0,2
0,0,0,0,0,0,0,8.348289,2,0,2
0,0,0,0,0,0,0,8.079379,2,0,2
0,0,0,0,0,0,0,14.400568,4,0,3
0,0,0,0,0,0,0,14.366135,3,0,4
0,0,0,0,0,0,0,14.632624,3,0,2
0,0,0,0,0,0,0,15.205345,3,0,3
0,0,0,0,0,0,0,13.904962,2,0,2
0,0,0,0,0,0,0,20.070614,2,0,1
0,0,0,0,0,0,0,1.123657,1,0,1
0,0,0,0,0,0,0,7.559986,1,0,1
#ALGO Details#
Best Algo splitMode:0
SplitMode:totalANDSplits
100:5
0:32
50:8
50:7
50:10
50:9
50:12
50:5