OK
91.180187
44
Boogie Dump Took : 1.41283
0.004286
9.022204
1.92882202272727
50.412505,0,4.320251,0.27998,1783,128,0.000806999999999999,50.203168,5,1,7
51.138877,0,6.130043,0.308906,2278,106,0.000611,50.869463,9,1,6
49.62481,0,4.695457,0.340592,2031,108,0.000641,49.328275,6,0,8
46.986178,0,5.27246100000001,0.358533,2198,84,0.005076,46.66107,7,1,9
52.733979,0,5.37064100000001,0.341384,1987,92,0.000562000000000001,52.436541,6,1,5
52.807109,0,5.91360500000001,0.389973,2272,108,0.027214,52.580774,6,1,4
