OK
314.825126
52
Boogie Dump Took : 1.368943
0.019483
25.068846
5.53709259615385
194.208765,0,19.291858,0.825116,5928,34,0.000364,193.895602,10,0,5
183.48473,0,17.2499100000001,0.67669,6055,38,0.000351,183.147794,8,1,3
163.514695,0,19.906659,2.035038,6655,66,0.000414,163.197368,8,1,8
186.000469,0,14.0703669999999,2.4332,4839,176,0.00562000000000001,185.616002,4,2,19
181.947785,0,19.746458,0.505977,6459,44,0.001043,181.591995,9,0,5
191.908018,0,19.0067730000001,1.066902,6014,48,0.013683,191.572671,8,1,7
