OK
96.915301
79
Boogie Dump Took : 0.855549
0.017261
8.954779
1.17104073417722
12.958116,0,5.269784,0.862582,2016,200,0.023623,12.445559,8,3,11
15.550266,0,6.12826499999999,0.591807,2427,190,0.001159,15.240389,10,3,8
9.996536,0,6.46874599999999,0.625376,2523,214,0.001328,9.700295,10,2,12
19.841881,0,6.058771,0.936413,2413,158,0.017353,19.443416,12,3,7
15.224924,0,4.94086199999999,0.638122,2078,206,0.025557,14.922974,8,4,15
16.937137,0,6.72178799999999,0.597252,2694,162,0.039706,16.570334,11,5,6
