OK
109.148673
71
Boogie Dump Took : 0.859815
0.003592
13.425898
1.35056412676056
43.046587,0,13.794763,0.967648,7883,55,0.000593,42.608052,13,0,5
32.362211,0,14.922591,1.285834,8122,63,0.000605,31.91504,10,0,6
33.037449,0,11.949954,1.835664,7330,86,0.000758999999999999,32.526151,8,1,8
41.472483,0,12.095366,1.569291,6631,97,0.000902,40.925202,9,0,13
30.234723,0,12.28864,1.741453,6870,82,0.000671,29.738867,8,0,12
39.440531,0,12.362888,2.857838,6702,83,0.000763,38.927691,10,0,10
31.95236,0,12.596876,1.739744,6787,75,0.000617,31.522961,8,0,7
28.599726,0,6.668179,4.392825,4117,94,0.045828,28.230804,3,1,8
