OK
218.089978
148
Boogie Dump Took : 0.828447
0.000478
9.234719
1.39092162837838
74.015285,0,22.7000310000001,3.891601,15417,161,0.001128,73.013033,17,0,21
68.180076,0,24.3287410000001,3.140589,14663,106,0.000849999999999999,67.183012,20,1,16
67.836805,0,22.250219,3.228488,14351,147,0.001179,66.839312,16,1,16
72.788493,0,22.454827,3.195624,14779,140,0.000907999999999999,71.601459,16,1,22
66.936081,0,24.2282519999999,2.433116,15019,130,0.001104,66.040661,18,0,15
72.881406,0,23.69322,3.582315,15245,132,0.000982999999999999,71.626453,19,1,21
79.309179,0,22.0740529999999,2.344683,14286,107,0.000835,78.38781,19,0,16
68.412641,0,24.8674490000001,3.261874,15007,125,0.000915999999999999,67.277233,18,1,16
