OK
41.472794
54
Boogie Dump Took : 2.166672
0.004539
5.608851
0.631545777777778
17.480847,0,7.41178399999998,0.58858,2434,44,0.000418,17.091768,8,1,7
17.343801,0,7.26986399999998,0.478353,2284,39,0.000431,16.987429,6,0,4
19.684283,0,6.97378100000001,0.475706,2271,44,0.000446,19.317296,8,0,4
13.491332,0,6.07142600000001,0.47426,2005,91,0.000651,13.14519,3,0,9
11.62199,0,7.40122700000002,1.038826,2489,58,0.000534,11.214101,6,0,10
12.804013,0,8.609701,0.551953,2885,40,0.000395,12.378397,8,0,7
19.274105,0,7.10653899999999,0.619613,2184,38,0.00041,18.837248,6,0,8
16.615754,0,8.60864900000001,0.366909,2840,39,0.000432,16.17419,8,0,4
