OK
15.525384
21
Boogie Dump Took : 1.194487
0.082826
1.729898
0.62601480952381
12.774868,0,0.833191,0.165123,287,14,0.000243,12.485478,3,0,4
12.872418,0,0.816465,0.125041,252,10,0.000285,12.603281,2,0,3
11.903715,0,1.143283,0.169738,405,14,0.000245,11.564764,3,0,4
12.220688,0,0.91862,0.130704,342,13,0.000221,11.93326,3,0,2
11.273676,0,0.96811,0.14706,301,12,0.000234,10.989907,3,0,3
12.362289,0,0.672714,0.123252,204,7,0.000194,12.097508,2,0,2
12.170895,0,1.058008,0.114597,405,8,0.000237,11.881202,3,0,1
13.226932,0,0.706767999999999,0.131661,213,5,0.000198,12.935336,2,0,2
