OK
2848.362886
305
Boogie Dump Took : 1.231237
0.000982
150.571398
8.80525902950819
864.397558,0,123.81065,21.345604,60508,253,0.00163,862.549052,26,9,24
943.977769,0,116.521061000001,27.549568,58712,395,0.002265,941.881199,25,13,23
879.479171,0,126.178773000001,33.028391,57981,235,0.001571,877.685124,29,8,37
916.933613,0,116.315971000002,24.241343,58459,261,0.00151,915.334466,27,11,14
862.091437,0,125.925732000002,35.149419,62898,352,0.002159,859.977523,29,13,20
893.826681,0,117.270708000001,37.717349,56560,407,0.002341,892.00778,22,14,31
1017.285057,0,108.622580999999,45.31911,53937,393,0.002228,1015.151457,26,16,30
964.164422,0,124.212931,42.243797,55905,278,0.001916,961.911472,25,12,30
