OK
1321.039708
416
Boogie Dump Took : 1.027406
0.006632
39.387851
3.05384199519231
147.997109,0,49.2626340000002,27.202772,22571,175,0.001699,146.951204,12,42,7
150.270333,0,31.4498279999999,26.646225,15619,209,0.001779,148.930989,11,49,7
147.933197,0,33.4520220000001,31.821243,16271,154,0.0015,146.443128,10,38,10
145.824239,0,28.2730740000001,32.353463,14322,190,0.001617,144.667849,9,44,8
144.21642,0,27.727685,31.517688,13706,220,0.001873,142.694558,8,39,14
157.487725,0,20.329298,38.94456,10542,128,0.00137,156.533182,5,30,20
136.968952,0,36.8847500000002,22.935651,18085,221,0.001815,135.800759,11,45,5
141.203811,0,50.9151779999999,27.78186,23156,260,0.00222699999999999,139.747738,14,49,9
