TIMEDOUT
3600
9393
Boogie Dump Took : 2.285602
0,0,0,0,0,0,0,9.82688,14,280,5
0,0,0,0,0,0,0,7.575824,11,277,10
0,0,0,0,0,0,0,6.267539,10,270,18
0,0,0,0,0,0,0,2.767753,6,272,20
0,0,0,0,0,0,0,7.587115,6,269,13
0,0,0,0,0,0,0,8.429032,11,260,23
0,0,0,0,0,0,0,7.990373,11,285,12
0,0,0,0,0,0,0,9.071637,10,278,3
0,0,0,0,0,0,0,11.580083,8,270,13
0,0,0,0,0,0,0,6.547865,5,282,6
0,0,0,0,0,0,0,9.391054,10,273,14
0,0,0,0,0,0,0,10.578625,17,284,7
0,0,0,0,0,0,0,9.818889,8,276,10
0,0,0,0,0,0,0,11.294334,9,261,10
0,0,0,0,0,0,0,10.682797,12,281,5
0,0,0,0,0,0,0,8.670529,7,284,4
0,0,0,0,0,0,0,8.744782,8,288,10
0,0,0,0,0,0,0,10.508964,8,255,7
0,0,0,0,0,0,0,10.633224,11,289,7
0,0,0,0,0,0,0,7.072987,7,288,13
0,0,0,0,0,0,0,10.40838,7,283,8
0,0,0,0,0,0,0,8.768429,9,282,6
0,0,0,0,0,0,0,9.972944,10,269,6
0,0,0,0,0,0,0,6.467533,8,284,4
0,0,0,0,0,0,0,10.292535,10,277,9
0,0,0,0,0,0,0,6.603141,12,255,5
0,0,0,0,0,0,0,10.707732,9,273,3
0,0,0,0,0,0,0,6.57985,11,275,9
0,0,0,0,0,0,0,10.176377,9,295,4
0,0,0,0,0,0,0,4.620476,5,276,10
0,0,0,0,0,0,0,9.007553,4,282,4
0,0,0,0,0,0,0,7.182779,5,270,10
