TIMEDOUT
3600
9372
Boogie Dump Took : 2.164841
0,0,0,0,0,0,0,9.359418,11,281,7
0,0,0,0,0,0,0,4.388562,8,274,12
0,0,0,0,0,0,0,5.513437,6,271,19
0,0,0,0,0,0,0,7.869528,12,288,16
0,0,0,0,0,0,0,6.996656,12,268,10
0,0,0,0,0,0,0,3.782395,5,276,7
0,0,0,0,0,0,0,6.55172,8,274,5
0,0,0,0,0,0,0,5.193814,8,292,6
0,0,0,0,0,0,0,6.131977,8,274,13
0,0,0,0,0,0,0,6.388985,5,276,4
0,0,0,0,0,0,0,5.076251,3,291,7
0,0,0,0,0,0,0,5.609782,5,276,2
0,0,0,0,0,0,0,7.284541,5,290,1
0,0,0,0,0,0,0,7.510713,9,272,4
0,0,0,0,0,0,0,3.09672,2,261,4
0,0,0,0,0,0,0,6.757566,9,293,4
0,0,0,0,0,0,0,7.564235,8,272,2
0,0,0,0,0,0,0,6.010272,7,290,7
0,0,0,0,0,0,0,5.568527,10,280,10
0,0,0,0,0,0,0,3.918939,5,288,9
0,0,0,0,0,0,0,4.663333,7,277,10
0,0,0,0,0,0,0,6.90261,9,267,9
0,0,0,0,0,0,0,5.510496,5,275,3
0,0,0,0,0,0,0,5.271354,9,272,15
0,0,0,0,0,0,0,7.795561,9,286,14
0,0,0,0,0,0,0,6.466268,6,254,7
0,0,0,0,0,0,0,6.73579,4,277,4
0,0,0,0,0,0,0,6.954484,7,282,6
0,0,0,0,0,0,0,5.184682,9,280,3
0,0,0,0,0,0,0,6.12889,5,282,3
0,0,0,0,0,0,0,9.905368,5,284,2
0,0,0,0,0,0,0,6.513081,7,279,3
