TIMEDOUT
3600
8406
Boogie Dump Took : 4.213887
0,0,0,0,0,0,0,17.693357,9,218,12
0,0,0,0,0,0,0,22.01167,11,262,9
0,0,0,0,0,0,0,15.014979,6,254,20
0,0,0,0,0,0,0,15.462802,10,258,4
0,0,0,0,0,0,0,15.735829,7,237,15
0,0,0,0,0,0,0,15.941702,9,209,8
0,0,0,0,0,0,0,18.520876,12,229,14
0,0,0,0,0,0,0,20.510123,12,212,9
0,0,0,0,0,0,0,19.737053,11,259,11
0,0,0,0,0,0,0,16.950279,5,206,10
0,0,0,0,0,0,0,11.507332,6,238,12
0,0,0,0,0,0,0,19.111719,9,225,12
0,0,0,0,0,0,0,20.488705,10,209,19
0,0,0,0,0,0,0,14.27546,5,240,7
0,0,0,0,0,0,0,17.017401,9,232,11
0,0,0,0,0,0,0,18.334423,12,244,11
0,0,0,0,0,0,0,20.201568,10,279,4
0,0,0,0,0,0,0,16.86632,10,255,5
0,0,0,0,0,0,0,19.541437,10,217,11
0,0,0,0,0,0,0,14.43615,10,209,1
0,0,0,0,0,0,0,15.734702,5,219,8
0,0,0,0,0,0,0,18.867515,10,249,12
0,0,0,0,0,0,0,14.336871,10,249,4
0,0,0,0,0,0,0,19.751314,7,251,4
0,0,0,0,0,0,0,20.732707,11,247,2
0,0,0,0,0,0,0,14.02231,8,256,4
0,0,0,0,0,0,0,15.3633,8,238,11
0,0,0,0,0,0,0,20.335948,10,209,8
0,0,0,0,0,0,0,20.693068,9,246,6
0,0,0,0,0,0,0,16.438864,6,211,6
0,0,0,0,0,0,0,10.5092,8,216,9
0,0,0,0,0,0,0,15.11627,7,258,3
