OK
2030.935002
498
Boogie Dump Took : 1.150362
0.000595
81.633565
1.86454407429719
1194.250445,0,5.089981,1.186014,2550,284,0.002664,1193.854211,9,5,12
1265.412307,0,6.97854599999999,0.912514,3546,212,0.001884,1264.927455,13,1,19
1273.980018,0,4.138205,0.686099,2320,196,0.001692,1273.59599,10,1,12
1327.268339,0,5.71700899999999,1.033221,3192,274,0.002214,1326.770129,12,6,16
1228.359443,0,8.58592700000001,0.855973,4234,222,0.001994,1227.915614,15,2,18
1369.436588,0,6.50692600000002,1.020803,3421,268,0.002541,1368.897996,13,5,16
1294.401681,0,5.25373700000001,1.099856,2961,260,0.002121,1293.996428,11,6,12
1236.010407,0,5.59948900000002,0.978121,2737,230,0.002289,1235.595469,10,5,11
1098.840455,0,3.169559,0.974909,1738,220,0.001943,1098.373804,7,5,9
1109.403338,0,7.103307,0.904838,3772,190,0.001866,1108.882579,15,4,11
1192.382068,0,4.45229099999999,0.638454,2422,206,0.001818,1192.024426,10,6,7
93.492076,0,4.511159,1.848458,1623,378,0.00406,93.015131,6,11,10
985.677026,0,2.813483,0.812701,1347,198,0.001808,985.33763,6,7,4
926.733079,0,3.64417300000001,0.685167,1948,226,0.001986,926.411188,8,3,10
1052.568893,0,4.616705,0.60522,2579,212,0.001743,1052.232397,10,5,9
1018.122598,0,6.281321,0.515281,2386,140,0.001309,1017.757151,10,4,10
1031.291963,0,4.80505699999999,0.909617,2425,242,0.002149,1030.907213,10,9,9
1306.784054,0,8.18981899999997,1.1215,4077,262,0.002508,1306.325075,15,7,13
1004.791757,0,4.22433499999999,0.79408,2205,182,0.001734,1004.426079,8,8,7
1257.568627,0,3.601089,0.490928,1980,152,0.001235,1257.21985,8,3,6
930.188806,0,2.80733000000001,1.027699,1488,228,0.001856,929.850427,6,5,7
981.338671,0,3.137867,0.845154,1661,228,0.001803,980.968304,7,7,2
1231.633817,0,4.732336,0.593641,2227,184,0.00168,1231.260394,9,8,7
1190.657362,0,6.29609099999999,0.940294,3350,266,0.002447,1190.193827,13,9,11
1212.632699,0,8.10118099999998,1.341805,4198,344,0.003444,1212.180987,15,9,12
892.508122,0,5.38530599999998,0.912904,2803,246,0.002288,892.110282,10,6,11
1231.426654,0,5.116677,0.691675,2939,214,0.001782,1230.96901,11,3,9
1302.558622,0,4.70516600000001,0.70872,2530,192,0.001669,1302.157065,10,3,9
1384.971536,0,5.517284,0.683358,2979,206,0.001933,1384.572506,11,7,8
1150.387123,0,4.237275,1.167745,2251,226,0.001919,1150.019548,8,6,8
1103.037922,0,3.298693,0.772552,1762,226,0.001991,1102.687714,7,5,6
1250.905729,0,5.354376,0.746854,2772,224,0.001984,1250.528051,10,4,12
