OK
1167.976123
346
Boogie Dump Took : 1.750234
0.00198
44.334399
1.90844138728324
597.244895,0,6.42420099999999,0.594088,1913,60,0.000698,596.922196,2,3,5
461.18748,0,9.30963399999999,0.838276,2528,66,0.000775,460.846285,4,4,6
584.755858,0,9.877675,0.635239,3540,56,0.000698,584.384898,5,0,8
626.138355,0,20.1583250000001,1.181274,5500,84,0.012938,625.751986,7,8,4
587.238496,0,14.099744,1.122352,4218,98,0.001093,586.776581,6,8,5
493.762426,0,4.006201,0.526209,1107,34,0.000456,493.412417,2,1,5
663.035841,0,22.4146959999999,1.413226,6392,124,0.00212,662.551313,8,11,7
606.84101,0,13.136558,0.966281,2864,76,0.000877,606.496063,4,6,4
551.916838,0,13.950683,1.261749,4690,98,0.001067,551.395319,6,7,6
632.386015,0,22.960806,1.291883,6824,112,0.001227,631.879187,8,8,9
181.307587,0,4.890827,0.571135,1243,40,0.001563,180.999403,2,1,6
534.88694,0,10.81562,0.807115,3032,66,0.000893,534.412617,4,2,9
513.448171,0,26.131402,1.614652,8526,108,0.024283,512.865403,10,8,8
616.302242,0,19.298784,1.421007,6673,104,0.001318,615.69033,8,10,4
518.05912,0,5.88862899999999,0.443073,2367,34,0.000476,517.772831,4,0,4
367.251595,0,3.79470500000001,0.471003,1310,36,0.000686,366.980787,2,0,6
628.812618,0,14.859519,1.134254,5292,98,0.014408,628.40373,6,11,1
584.447874,0,26.181388,1.778149,7589,132,0.031373,583.97692,10,11,8
438.193589,0,4.968253,0.529813,1643,34,0.000609,437.914683,3,0,5
644.833559,0,17.627024,1.334543,4949,94,0.016111,644.431635,6,10,2
29.934435,0,5.46266400000001,0.558103,1427,38,0.006118,29.650099,2,0,6
576.808631,0,17.622934,0.501692,6033,44,0.000665,576.473344,9,1,4
625.886227,0,10.49594,1.122965,3605,78,0.007388,625.540314,4,4,10
574.028547,0,12.079373,1.019011,2772,88,0.001129,573.677012,3,8,4
522.388294,0,6.008267,0.500359,1498,44,0.005595,522.108077,2,3,3
593.635861,0,5.98288699999999,0.7491,2066,50,0.000864,593.300441,2,3,7
577.696519,0,16.9261390000001,1.523421,4748,98,0.001215,577.155281,5,11,2
621.41807,0,19.737951,1.153447,5591,102,0.001187,620.898478,7,10,1
612.197467,0,20.2696109999999,1.142016,6053,106,0.018772,611.74459,7,11,2
328.533254,0,17.225165,1.164285,4842,86,0.013076,328.037159,6,9,2
617.422903,0,6.91654600000001,0.560199,2683,42,0.000615,617.121415,3,0,9
633.379683,0,24.906396,1.608771,6680,112,0.001304,632.946949,8,12,3
