OK
1832.836395
691
Boogie Dump Took : 1.674207
0.002127
29.127092
2.58697739652677
120.71533,0,21.3446759999999,58.134305,9651,177,0.001299,119.093905,5,59,15
123.049514,0,31.8466690000002,56.740135,13775,226,0.00364599999999999,121.277425,9,73,12
117.125592,0,39.8650689999999,43.230271,16116,285,0.003233,115.385339,13,86,5
160.902936,0,34.564009,35.882995,15041,291,0.008184,158.912322,11,85,6
130.625878,0,30.118421,49.160307,13088,266,0.017846,128.918733,10,78,4
125.520603,0,34.6059769999999,49.463172,14437,237,0.001661,123.92892,9,77,13
154.301413,0,24.05621,34.56288,10689,263,0.009033,152.781073,7,74,11
115.00655,0,47.883463,49.612749,18816,301,0.00951999999999999,112.967135,13,82,11
