83095552
81428

118902784
116116

129257472
126228

164626432
160768

181698560
177440

195952640
191360

210575360
205640

217546752
212448

219258880
214120

221278208
216092

232685568
227232

247414784
241616

253063168
247132

269443072
263128

271155200
264800

276246528
269772

284758016
278084

289583104
282796

298758144
291756

301035520
293980

308203520
300980

321708032
314168

342679552
334648

356757504
348396

359616512
351188

363798528
355272

369664000
361000

373866496
365104

376852480
368020

381448192
372508

387403776
378324

406675456
397144

408403968
398832

412332032
402668

414150656
404444

417525760
407740

417804288
408012

436600832
426368

437731328
427472

441036800
430700

442343424
431976

445284352
434848

462467072
451628

463900672
453028

465760256
454844

467361792
456408

474566656
463444

474566656
463444

475615232
464468

475615232
464468

475615232
464468

475758592
464608

499052544
487356

499052544
487356

499052544
487356

499052544
487356

499204096
487504

500240384
488516

504430592
492608

506560512
494688

507715584
495816

511455232
499468

511455232
499468

511455232
499468

511455232
499468

514281472
502228

514281472
502228

514957312
502888

516005888
503912

517054464
504936

517054464
504936

518103040
505960

518103040
505960

519073792
506908

519073792
506908

519073792
506908

519073792
506908

520085504
507896

523571200
511300

523571200
511300

523571200
511300

523714560
511440

536494080
523920

536633344
524056

537186304
524596

538062848
525452

540385280
527720

540385280
527720

541048832
528368

549548032
536668

557453312
544388

557453312
544388

557453312
544388

563052544
549856

565542912
552288

565813248
552552

569348096
556004

570638336
557264

571527168
558132

572903424
559476

572903424
559476

572903424
559476

572903424
559476

582828032
569168

583241728
569572

583651328
569972

590106624
576276

590106624
576276

590106624
576276

591265792
577408

594538496
580604

608768000
594500

609337344
595056

618401792
603908

618401792
603908

618401792
603908

618401792
603908

618401792
603908

618401792
603908

618401792
603908

618401792
603908

618721280
604220

622993408
608392

625741824
611076

627081216
612384

631013376
616224

688234496
672104

688234496
672104

690331648
674152

690331648
674152

690331648
674152

690331648
674152

690331648
674152

690331648
674152

691945472
675728

695099392
678808

695099392
678808

695099392
678808

696967168
680632

699875328
683472

699875328
683472

699875328
683472

701632512
685188

704053248
687552

704053248
687552

704053248
687552

704053248
687552

704053248
687552

704053248
687552

704655360
688140

707244032
690668

707244032
690668

707244032
690668

709341184
692716

709341184
692716

709341184
692716

711438336
694764

711438336
694764

711438336
694764

711438336
694764

711438336
694764

711438336
694764

711438336
694764

711438336
694764

711438336
694764

711438336
694764

712794112
696088

712794112
696088

712794112
696088

715558912
698788

715558912
698788

715558912
698788

715558912
698788

722354176
705424

724451328
707472

724451328
707472

724451328
707472

724451328
707472

724451328
707472

724451328
707472

726548480
709520

726548480
709520

726548480
709520

726548480
709520

726548480
709520

726548480
709520

726548480
709520

726548480
709520

726548480
709520

726548480
709520

726548480
709520

726548480
709520

727121920
710080

727121920
710080

727121920
710080

729219072
712128

729219072
712128

729219072
712128

729219072
712128

729219072
712128

729219072
712128

729219072
712128

729219072
712128

729219072
712128

729219072
712128

729219072
712128

729219072
712128

729219072
712128

729219072
712128

729501696
712404

731758592
714608

731758592
714608

731758592
714608

731758592
714608

731758592
714608

731758592
714608

733036544
715856

735322112
718088

735322112
718088

735322112
718088

735322112
718088

737419264
720136

737419264
720136

737419264
720136

737419264
720136

737419264
720136

737419264
720136

737419264
720136

737419264
720136

737419264
720136

737419264
720136

737419264
720136

739569664
722236

739569664
722236

739569664
722236

739569664
722236

739569664
722236

741666816
724284

741666816
724284

741666816
724284

741666816
724284

741666816
724284

741666816
724284

741666816
724284

741666816
724284

741666816
724284

741666816
724284

741666816
724284

741666816
724284

741666816
724284

743510016
726084

746057728
728572

746057728
728572

746057728
728572

748015616
730484

748015616
730484

748015616
730484

748015616
730484

748015616
730484

748015616
730484

750350336
732764

750350336
732764

750350336
732764

750350336
732764

750350336
732764

750350336
732764

750350336
732764

750350336
732764

750350336
732764

750350336
732764

750350336
732764

750350336
732764

750350336
732764

750350336
732764

752513024
734876

752513024
734876

752513024
734876

752513024
734876

752513024
734876

752513024
734876

752513024
734876

752513024
734876

752513024
734876

752513024
734876

754204672
736528

754204672
736528

754204672
736528

756301824
738576

756301824
738576

756301824
738576

756744192
739008

758841344
741056

758841344
741056

760864768
743032

760864768
743032

760864768
743032

762224640
744360

762224640
744360

765284352
747348

765284352
747348

765284352
747348

767016960
749040

767016960
749040

767016960
749040

767016960
749040

767016960
749040

767016960
749040

767016960
749040

767016960
749040

767242240
749260

767242240
749260

767242240
749260

767242240
749260

767242240
749260

767242240
749260

767242240
749260

769269760
751240

769269760
751240

769634304
751596

769634304
751596

769634304
751596

769634304
751596

770834432
752768

770834432
752768

770834432
752768

770834432
752768

770834432
752768

770834432
752768

770834432
752768

771035136
752964

773132288
755012

773132288
755012

773132288
755012

773132288
755012

775213056
757044

775213056
757044

775794688
757612

0

