0.023164,1
0.029578,1
0.0001,0.000218,1
0.000393,1
0.000394,1
0.000688,1
0.001129,1
0.00043,0.148255,1
0.008867,1
0.000604,1
0.000448,8
0.027448,17
0.02101,14
0.02406,27
0.037206,0.096941,3
0.019503,32
0.051653,53
0.12052,54
0.152145,64
0.225498,98
0.255743,140
0.337492,166
0.359493,0.208671,5
0.302473,223
0.498443,221
0.71646,214
1.022088,179
1.19225,0.361797,4
1.127473,181
0.015391,0
1.459223,124
1.744076,107
1.919449,98
2.351623,134
2.913309,199
0.018452,0
3.219518,182
3.260449,242
4.049212,313
3.970834,302
5.050537,0.852136,4
2.350775,125
2.422004,110
2.571923,65
2.685226,35
1.821565,0
0.970612,36
1.010327,22
1.105992,15
1.053674,6
1.041254,0
2.39004,132
3.048699,116
2.991236,191
3.266953,185
1.993887,92
2.45191,88
2.382161,111
2.697236,100
2.980229,76
2.796863,2.115056,10
1.787578,64
0.139799,0
2.398854,64
2.394889,86
2.544787,63
3.331979,40
3.269092,44
3.536079,33
3.568081,31
3.063295,12
3.001148,12
3.13512,12
3.045283,12
2.381722,0
3.541773,0
3.51583,1.025131,3
2.6902,11
2.715967,10
2.697221,10
2.80635,3.299044,0.000859,0.000538,2.122943,80
2.111325,64
2.566017,64
2.602107,91
3.426178,64
3.816133,37
3.77393,45
4.054468,35
4.04849,32
4.127145,16
4.254214,16
4.304269,1.845917,2
3.51725,15
2.90804,12
3.372174,0
3.394089,15
3.155989,0
4.242273,0
0.000494,0.000822,0.000598,0.000416,0.000292,4.304147,3.092848,1
0.522037,37
0.597856,39
0.615068,0.581932,3
0.638224,58
0.636235,35
0.770696,23
0.741036,18
0.85225,20
0.808857,0.702545,2
0.664918,5
0.79691,7
0.749683,0.620767,3
0.832375,9
0.823105,8
0.813889,11
0.847451,22
0.811131,21
0.818185,19
0.85312,21
0.865471,23
0.866804,9
0.876524,8
0.873708,10
1.018078,9
0.922864,0.736771,3
0.925581,26
0.946956,36
0.979819,41
1.048678,36
1.103084,42
1.067888,44
1.108005,25
1.104587,16
1.11349,16
1.146779,21
1.144745,8
1.103955,1.14964,0.065789,0
0.000522,0.000411,