73449472
71728

83857408
81892

98410496
96104

118587392
115808

130842624
127776

138788864
135536

155344896
151704

187453440
183060

195821568
191232

214188032
209168

224931840
219660

229498880
224120

250654720
244780

259244032
253168

265957376
259724

285679616
278984

290140160
283340

294154240
287260

301920256
294844

321056768
313532

326197248
318552

330022912
322288

334508032
326668

342630400
334600

363601920
355080

376496128
367672

376782848
367952

380928000
372000

386707456
377644

388792320
379680

391569408
382392

394510336
385264

398295040
388960

426176512
416188

433786880
423620

433786880
423620

437944320
427680

444260352
433848

446984192
436508

452329472
441728

454033408
443392

458043392
447308

466141184
455216

468684800
457700

468824064
457836

491585536
480064

494391296
482804

494526464
482936

496377856
484744

497426432
485768

499707904
487996

502947840
491160

504619008
492792

532267008
519792

532267008
519792

532267008
519792

532267008
519792

532267008
519792

532267008
519792

532267008
519792

532267008
519792

532267008
519792

536461312
523888

538673152
526048

540672000
528000

543023104
530296

546537472
533728

548130816
535284

548868096
536004

550596608
537692

550866944
537956

551297024
538376

564097024
550876

564097024
550876

564097024
550876

564097024
550876

566677504
553396

568274944
554956

568705024
555376

569585664
556236

569868288
556512

570011648
556652

570011648
556652

570155008
556792

570155008
556792

570155008
556792

570298368
556932

570298368
556932

570437632
557068

570437632
557068

570437632
557068

573808640
560360

576495616
562984

582787072
569128

582787072
569128

582787072
569128

582787072
569128

582787072
569128

582787072
569128

583598080
569920

586661888
572912

589148160
575340

589148160
575340

589692928
575872

593682432
579768

595755008
581792

597069824
583076

599363584
585316

599363584
585316

599363584
585316

601460736
587364

601460736
587364

601460736
587364

601460736
587364

601460736
587364

601460736
587364

601460736
587364

601460736
587364

603549696
589404

603549696
589404

603549696
589404

603549696
589404

603549696
589404

603963392
589808

606666752
592448

606666752
592448

608763904
594496

608763904
594496

608763904
594496

608763904
594496

608763904
594496

611663872
597328

611663872
597328

611663872
597328

611663872
597328

611663872
597328

611880960
597540

612020224
597676

614318080
599920

614318080
599920

616415232
601968

619917312
605388

619917312
605388

619917312
605388

619917312
605388

619917312
605388

619917312
605388

619917312
605388

619917312
605388

625770496
611104

625770496
611104

625770496
611104

625770496
611104

627867648
613152

627867648
613152

627867648
613152

627867648
613152

627867648
613152

627867648
613152

629964800
615200

629964800
615200

629964800
615200

629964800
615200

629964800
615200

632061952
617248

632061952
617248

632061952
617248

632061952
617248

632061952
617248

632061952
617248

632061952
617248

632061952
617248

632061952
617248

632061952
617248

632061952
617248

632061952
617248

632061952
617248

632061952
617248

632061952
617248

632061952
617248

632061952
617248

632061952
617248

632061952
617248

633036800
618200

633036800
618200

633036800
618200

635133952
620248

635133952
620248

635133952
620248

635133952
620248

635133952
620248

635133952
620248

635133952
620248

635133952
620248

635133952
620248

0

