NOK
29.686881
99
Boogie Dump Took : 11.962277
0.002172
0.716842
0.177896757575758
0,0,0,0,0,0,0,13.11328,1,0,1
0,0,0,0,0,0,0,14.293081,2,0,1
0,0,0,0,0,0,0,3.3537,1,0,2
0,0,0,0,0,0,0,9.433454,1,0,1
0,0,0,0,0,0,0,12.445432,2,0,2
0,0,0,0,0,0,0,7.544025,1,0,1
0,0,0,0,0,0,0,14.379819,2,0,2
0,0,0,0,0,0,0,12.00738,2,0,1
0,0,0,0,0,0,0,11.081947,3,0,2
0,0,0,0,0,0,0,8.355623,2,0,3
0,0,0,0,0,0,0,14.179458,2,0,1
0,0,0,0,0,0,0,9.471785,2,0,2
0,0,0,0,0,0,0,5.035796,2,0,3
0,0,0,0,0,0,0,10.439729,3,0,2
0,0,0,0,0,0,0,9.333771,3,0,2
0,0,0,0,0,0,0,6.218671,2,0,2
0,0,0,0,0,0,0,13.243563,10,0,9
0,0,0,0,0,0,0,11.680421,9,0,9
0,0,0,0,0,0,0,12.117318,9,0,9
0,0,0,0,0,0,0,12.954859,9,0,9
0,0,0,0,0,0,0,10.226884,2,0,2
0,0,0,0,0,0,0,12.7341,2,0,1
0,0,0,0,0,0,0,11.936365,2,0,2
0,0,0,0,0,0,0,9.818591,2,0,2
0,0,0,0,0,0,0,9.224138,3,0,3
0,0,0,0,0,0,0,9.582627,3,0,3
0,0,0,0,0,0,0,9.77898,3,0,3
0,0,0,0,0,0,0,13.74618,3,0,2
0,0,0,0,0,0,0,9.470283,3,0,3
0,0,0,0,0,0,0,12.268481,3,0,2
0,0,0,0,0,0,0,9.386522,3,0,2
0,0,0,0,0,0,0,8.260135,2,0,3
