NOK
771.799124
52
Boogie Dump Took : 13.603978
0.000482
727.952418
14.5549360192308
0,0,0,0,0,0,0,0,0,0,1
0,0,0,0,0,0,0,1.149661,1,0,1
0,0,0,0,0,0,0,3.583041,1,0,1
0,0,0,0,0,0,0,752.809433,1,0,0
0,0,0,0,0,0,0,740.705354,2,0,1
0,0,0,0,0,0,0,3.111066,1,0,1
0,0,0,0,0,0,0,4.842236,1,0,1
0,0,0,0,0,0,0,1.165912,1,0,1
0,0,0,0,0,0,0,0.167534,1,0,1
0,0,0,0,0,0,0,1.185709,1,0,1
0,0,0,0,0,0,0,748.800986,1,0,0
0,0,0,0,0,0,0,3.584743,1,0,1
0,0,0,0,0,0,0,6.057793,2,0,2
0,0,0,0,0,0,0,753.776462,3,0,1
0,0,0,0,0,0,0,754.328121,2,0,1
0,0,0,0,0,0,0,4.498671,1,0,3
0,0,0,0,0,0,0,5.130071,3,0,3
0,0,0,0,0,0,0,7.846027,6,0,5
0,0,0,0,0,0,0,4.796985,2,0,3
0,0,0,0,0,0,0,8.93722,5,0,4
0,0,0,0,0,0,0,0.447041,1,0,1
0,0,0,0,0,0,0,744.7836,2,0,1
0,0,0,0,0,0,0,0.841518,1,0,1
0,0,0,0,0,0,0,2.827062,1,0,1
0,0,0,0,0,0,0,751.245309,2,0,1
0,0,0,0,0,0,0,750.622745,2,0,2
0,0,0,0,0,0,0,2.351116,1,0,1
0,0,0,0,0,0,0,4.241636,1,0,1
0,0,0,0,0,0,0,753.589519,2,0,1
0,0,0,0,0,0,0,0.534749,1,0,1
0,0,0,0,0,0,0,2.388452,1,0,1
0,0,0,0,0,0,0,4.38833,1,0,1
