NOK
8.326935
32
Boogie Dump Took : 4.874576
0.00233
0.585475
0.1053476875
0,0,0,0,0,0,0,1.0614,1,0,1
0,0,0,0,0,0,0,2.108285,1,0,1
0,0,0,0,0,0,0,0.478823,1,0,1
0,0,0,0,0,0,0,1.729841,1,0,1
0,0,0,0,0,0,0,2.933616,2,0,1
0,0,0,0,0,0,0,2.845205,1,0,1
0,0,0,0,0,0,0,1.717705,1,0,1
0,0,0,0,0,0,0,2.126402,1,0,1
0,0,0,0,0,0,0,1.354873,1,0,1
0,0,0,0,0,0,0,0,0,0,0
0,0,0,0,0,0,0,2.924659,1,0,0
0,0,0,0,0,0,0,2.015489,1,0,1
0,0,0,0,0,0,0,1.338897,1,0,1
0,0,0,0,0,0,0,2.996415,1,0,0
0,0,0,0,0,0,0,0,0,0,0
0,0,0,0,0,0,0,0,0,0,0
0,0,0,0,0,0,0,2.526475,2,0,2
0,0,0,0,0,0,0,2.846631,2,0,1
0,0,0,0,0,0,0,2.727666,2,0,2
0,0,0,0,0,0,0,2.496333,1,0,1
0,0,0,0,0,0,0,2.047702,1,0,1
0,0,0,0,0,0,0,2.794286,2,0,1
0,0,0,0,0,0,0,1.68287,1,0,1
0,0,0,0,0,0,0,2.420706,1,0,1
0,0,0,0,0,0,0,2.157734,1,0,0
0,0,0,0,0,0,0,1.274629,1,0,1
0,0,0,0,0,0,0,2.287224,1,0,1
0,0,0,0,0,0,0,1.646879,1,0,1
0,0,0,0,0,0,0,0,0,0,0
0,0,0,0,0,0,0,1.254432,1,0,1
0,0,0,0,0,0,0,2.928532,1,0,0
0,0,0,0,0,0,0,0,0,0,0
