NOK
74.97201
32
Boogie Dump Took : 70.168353
0.001582
0.633672
0.1449113125
0,0,0,0,0,0,0,0,0,0,1
0,0,0,0,0,0,0,1.306252,1,0,1
0,0,0,0,0,0,0,3.05155,1,0,0
0,0,0,0,0,0,0,0,0,0,0
0,0,0,0,0,0,0,0.14635,1,0,1
0,0,0,0,0,0,0,1.42301,1,0,1
0,0,0,0,0,0,0,3.131241,1,0,0
0,0,0,0,0,0,0,0,0,0,0
0,0,0,0,0,0,0,0.118019,1,0,1
0,0,0,0,0,0,0,1.352173,1,0,1
0,0,0,0,0,0,0,3.069032,1,0,0
0,0,0,0,0,0,0,0,0,0,0
0,0,0,0,0,0,0,0.077341,1,0,1
0,0,0,0,0,0,0,1.264934,1,0,1
0,0,0,0,0,0,0,2.361295,1,0,1
0,0,0,0,0,0,0,3.484089,1,0,0
0,0,0,0,0,0,0,3.009679,3,0,2
0,0,0,0,0,0,0,2.459643,2,0,1
0,0,0,0,0,0,0,2.944923,2,0,2
0,0,0,0,0,0,0,2.852605,2,0,3
0,0,0,0,0,0,0,0.000239,1,0,1
0,0,0,0,0,0,0,1.294072,1,0,1
0,0,0,0,0,0,0,3.08013,1,0,0
0,0,0,0,0,0,0,0,0,0,0
0,0,0,0,0,0,0,1.179509,1,0,1
0,0,0,0,0,0,0,0.000172,1,0,1
0,0,0,0,0,0,0,2.30785,1,0,1
0,0,0,0,0,0,0,4.266174,1,0,0
0,0,0,0,0,0,0,0.000225,1,0,1
0,0,0,0,0,0,0,1.106824,1,0,1
0,0,0,0,0,0,0,2.160363,1,0,1
0,0,0,0,0,0,0,3.222847,1,0,0
