NOK
164.738187
74
Boogie Dump Took : 97.95844
0.001598
7.978957
0.821627608108108
0,0,0,0,0,0,0,45.688121,1,0,1
0,0,0,0,0,0,0,52.712185,2,0,1
0,0,0,0,0,0,0,7.835277,1,0,2
0,0,0,0,0,0,0,30.569624,1,0,1
0,0,0,0,0,0,0,30.849281,4,0,2
0,0,0,0,0,0,0,41.460132,2,0,2
0,0,0,0,0,0,0,5.639461,1,0,3
0,0,0,0,0,0,0,47.213998,2,0,1
0,0,0,0,0,0,0,22.516432,4,0,2
0,0,0,0,0,0,0,24.927035,2,0,4
0,0,0,0,0,0,0,30.852515,2,0,1
0,0,0,0,0,0,0,29.358706,2,0,2
0,0,0,0,0,0,0,46.994584,2,0,2
0,0,0,0,0,0,0,45.898471,2,0,1
0,0,0,0,0,0,0,33.080544,2,0,1
0,0,0,0,0,0,0,24.510131,1,0,2
0,0,0,0,0,0,0,6.70443,3,0,5
0,0,0,0,0,0,0,10.372255,3,1,2
0,0,0,0,0,0,0,11.606552,3,1,2
0,0,0,0,0,0,0,11.432305,3,0,2
0,0,0,0,0,0,0,48.253605,2,0,2
0,0,0,0,0,0,0,55.364795,2,0,1
0,0,0,0,0,0,0,25.228242,1,0,1
0,0,0,0,0,0,0,3.144762,1,0,1
0,0,0,0,0,0,0,43.656149,3,0,2
0,0,0,0,0,0,0,45.41266,3,0,2
0,0,0,0,0,0,0,5.769128,2,0,2
0,0,0,0,0,0,0,22.694613,2,0,3
0,0,0,0,0,0,0,31.072045,2,0,2
0,0,0,0,0,0,0,29.648606,2,0,1
0,0,0,0,0,0,0,22.115687,3,0,1
0,0,0,0,0,0,0,24.966918,1,0,3
