NOK
30.010471
90
Boogie Dump Took : 20.355234
0.000401
0.653031
0.101556611111111
0,0,0,0,0,0,0,4.990536,2,0,2
0,0,0,0,0,0,0,6.272617,2,0,1
0,0,0,0,0,0,0,6.035535,2,0,1
0,0,0,0,0,0,0,3.473851,1,0,3
0,0,0,0,0,0,0,2.886661,2,0,5
0,0,0,0,0,0,0,3.549433,2,0,3
0,0,0,0,0,0,0,4.678339,5,0,1
0,0,0,0,0,0,0,4.557482,2,0,1
0,0,0,0,0,0,0,5.219084,3,0,2
0,0,0,0,0,0,0,4.010218,2,0,4
0,0,0,0,0,0,0,5.662673,4,0,1
0,0,0,0,0,0,0,4.979669,2,0,3
0,0,0,0,0,0,0,3.745028,2,0,1
0,0,0,0,0,0,0,4.315907,4,0,2
0,0,0,0,0,0,0,4.849611,2,0,1
0,0,0,0,0,0,0,2.790878,1,0,4
0,0,0,0,0,0,0,4.525656,7,0,4
0,0,0,0,0,0,0,3.210461,4,0,4
0,0,0,0,0,0,0,4.272506,4,0,5
0,0,0,0,0,0,0,3.672755,3,0,4
0,0,0,0,0,0,0,3.759389,5,0,2
0,0,0,0,0,0,0,2.899169,2,0,5
0,0,0,0,0,0,0,3.711666,2,0,2
0,0,0,0,0,0,0,4.015648,2,0,1
0,0,0,0,0,0,0,4.651581,5,0,2
0,0,0,0,0,0,0,3.187615,2,0,5
0,0,0,0,0,0,0,3.47746,2,0,2
0,0,0,0,0,0,0,3.385059,2,0,1
0,0,0,0,0,0,0,4.952713,3,0,2
0,0,0,0,0,0,0,5.047434,4,0,2
0,0,0,0,0,0,0,3.34697,2,0,4
0,0,0,0,0,0,0,4.930544,2,0,2
