NOK
40.843627
158
Boogie Dump Took : 12.996668
0.001547
0.932754
0.174694658227848
0,0,0,0,0,0,0,16.688854,2,0,3
0,0,0,0,0,0,0,16.863813,2,0,1
0,0,0,0,0,0,0,12.401135,3,0,4
0,0,0,0,0,0,0,19.561588,3,0,2
0,0,0,0,0,0,0,14.074976,3,0,5
0,0,0,0,0,0,0,18.320485,3,0,2
0,0,0,0,0,0,0,18.930191,3,0,2
0,0,0,0,0,0,0,20.904783,3,0,2
0,0,0,0,0,0,0,15.25048,4,0,3
0,0,0,0,0,0,0,16.248022,5,0,4
0,0,0,0,0,0,0,15.242242,4,0,3
0,0,0,0,0,0,0,13.283516,4,0,6
0,0,0,0,0,0,0,13.989641,4,0,2
0,0,0,0,0,0,0,10.913255,3,0,7
0,0,0,0,0,0,0,15.521862,4,0,2
0,0,0,0,0,0,0,17.738654,3,0,2
0,0,0,0,0,0,0,20.124524,16,0,16
0,0,0,0,0,0,0,20.643373,16,0,15
0,0,0,0,0,0,0,18.033518,15,0,15
0,0,0,0,0,0,0,19.029222,15,0,15
0,0,0,0,0,0,0,13.444717,4,0,5
0,0,0,0,0,0,0,17.462129,4,0,3
0,0,0,0,0,0,0,19.202603,4,0,3
0,0,0,0,0,0,0,17.617691,3,0,3
0,0,0,0,0,0,0,16.288697,4,0,3
0,0,0,0,0,0,0,15.051381,3,0,3
0,0,0,0,0,0,0,10.568268,3,0,5
0,0,0,0,0,0,0,15.480121,3,0,1
0,0,0,0,0,0,0,16.272647,4,0,4
0,0,0,0,0,0,0,16.136848,4,0,2
0,0,0,0,0,0,0,14.470924,4,0,3
0,0,0,0,0,0,0,12.402473,3,0,5
