72704000
71136

75563008
73792

78180352
76348

78180352
76348

78553088
76712

81313792
79408

82452480
80520

88522752
86448

90988544
88856

101728256
99344

110854144
108256

119013376
116224

131067904
127996

140460032
137168

140984320
137680

141705216
138384

144809984
141416

145256448
141852

148729856
145244

148729856
145244

148729856
145244

153169920
149580

157167616
153484

164782080
160920

166547456
162644

173531136
169464

173531136
169464

177831936
173664

179826688
175612

181137408
176892

181137408
176892

191660032
187168

202145792
197408

208633856
203744

210378752
205448

223432704
218196

223432704
218196

229187584
223816

229187584
223816

235773952
230248

279965696
273404

288538624
281776

288538624
281776

294973440
288060

294973440
288060

294973440
288060

308600832
301368

308600832
301368

315617280
308220

315617280
308220

315617280
308220

317976576
310524

329232384
321516

345452544
337356

345452544
337356

345452544
337356

345452544
337356

345452544
337356

345452544
337356

345452544
337356

345452544
337356

345452544
337356

345452544
337356

345452544
337356

345452544
337356

345452544
337356

345452544
337356

345452544
337356

345452544
337356

345452544
337356

345452544
337356

345452544
337356

345452544
337356

345452544
337356

345452544
337356

345452544
337356

345452544
337356

345452544
337356

345772032
337668

346947584
338816

346947584
338816

346947584
338816

346947584
338816

348053504
339896

349102080
340920

349102080
340920

349102080
340920

349102080
340920

349102080
340920

349102080
340920

350150656
341944

350150656
341944

351199232
342968

351199232
342968

351199232
342968

351199232
342968

351539200
343300

351539200
343300

351539200
343300

352169984
343916

354906112
346588

354906112
346588

356446208
348092

359518208
351092

360304640
351860

360304640
351860

361037824
352576

364810240
356260

364810240
356260

370053120
361380

370053120
361380

370053120
361380

370053120
361380

371101696
362404

371625984
362916

372150272
363428

372674560
363940

373198848
364452

373198848
364452

373198848
364452

376737792
367908

376737792
367908

376737792
367908

376737792
367908

376737792
367908

376737792
367908

376737792
367908

376737792
367908

376999936
368164

378077184
369216

379191296
370304

380600320
371680

389455872
380328

390959104
381796

395460608
386192

395460608
386192

398520320
389180

400310272
390928

400965632
391568

405647360
396140

407334912
397788

408420352
398848

408420352
398848

412119040
402460

414089216
404384

422780928
412872

428036096
418004

428036096
418004

437313536
427064

437313536
427064

437313536
427064

437313536
427064

437313536
427064

441589760
431240

463081472
452228

472866816
461784

477663232
466468

481329152
470048

481329152
470048

482840576
471524

482840576
471524

482840576
471524

482840576
471524

482840576
471524

482840576
471524

489549824
478076

509411328
497472

510607360
498640

516046848
503952

516046848
503952

516046848
503952

516046848
503952

516046848
503952

516046848
503952

516046848
503952

516046848
503952

549007360
536140

549007360
536140

549007360
536140

590954496
577104

569978880
556620

569978880
556620

569978880
556620

569978880
556620

569978880
556620

569978880
556620

569978880
556620

569978880
556620

591278080
577420

599879680
585820

605986816
591784

605986816
591784

605986816
591784

605986816
591784

605986816
591784

605986816
591784

605986816
591784

605986816
591784

605986816
591784

605986816
591784

605986816
591784

608215040
593960

608215040
593960

608215040
593960

608215040
593960

608215040
593960

608215040
593960

608215040
593960

608215040
593960

608215040
593960

608215040
593960

608215040
593960

608215040
593960

612651008
598292

612651008
598292

612651008
598292

612651008
598292

612651008
598292

612651008
598292

612651008
598292

612651008
598292

612651008
598292

612651008
598292

612651008
598292

612651008
598292

613822464
599436

613822464
599436

613822464
599436

613822464
599436

613822464
599436

613822464
599436

613822464
599436

613822464
599436

613822464
599436

613822464
599436

613822464
599436

613822464
599436

613822464
599436

613822464
599436

613822464
599436

613822464
599436

613822464
599436

613822464
599436

613822464
599436

613822464
599436

613822464
599436

613822464
599436

613822464
599436

614137856
599744

640131072
625128

640131072
625128

640131072
625128

644874240
629760

649060352
633848

649060352
633848

649060352
633848

649060352
633848

649060352
633848

649060352
633848

649060352
633848

649060352
633848

649060352
633848

649244672
634028

650719232
635468

650719232
635468

650719232
635468

650719232
635468

650719232
635468

650719232
635468

650719232
635468

650719232
635468

650719232
635468

650719232
635468

650719232
635468

651767808
636492

651767808
636492

651767808
636492

651767808
636492

651767808
636492

651767808
636492

651767808
636492

651767808
636492

651767808
636492

651767808
636492

651767808
636492

651767808
636492

651767808
636492

651767808
636492

651767808
636492

651767808
636492

651767808
636492

651767808
636492

651767808
636492

651767808
636492

651767808
636492

651767808
636492

651767808
636492

651767808
636492

651767808
636492

651767808
636492

651767808
636492

651767808
636492

651767808
636492

651767808
636492

651767808
636492

651767808
636492

651767808
636492

651767808
636492

651767808
636492

651767808
636492

653438976
638124

653438976
638124

653438976
638124

653438976
638124

653438976
638124

653438976
638124

653438976
638124

653438976
638124

653438976
638124

653438976
638124

653438976
638124

653438976
638124

654913536
639564

654913536
639564

654913536
639564

654913536
639564

654913536
639564

654913536
639564

654913536
639564

654913536
639564

654913536
639564

654913536
639564

654913536
639564

654913536
639564

655962112
640588

656502784
641116

656502784
641116

657551360
642140

657551360
642140

657551360
642140

657551360
642140

657551360
642140

657551360
642140

658599936
643164

658599936
643164

658599936
643164

658599936
643164

658599936
643164

658599936
643164

658599936
643164

658599936
643164

658599936
643164

658599936
643164

660807680
645320

661856256
646344

661856256
646344

663330816
647784

663330816
647784

664379392
648808

664379392
648808

664379392
648808

664379392
648808

664379392
648808

664379392
648808

664379392
648808

664379392
648808

664379392
648808

664379392
648808

664379392
648808

670244864
654536

0

