32006144
31256

32268288
31512

34017280
33220

34156544
33356

34156544
33356

34156544
33356

34295808
33492

34701312
33888

36556800
35700

36556800
35700

36556800
35700

36556800
35700

36556800
35700

36962304
36096

37384192
36508

37773312
36888

38858752
37948

39411712
38488

43323392
42308

44142592
43108

44142592
43108

44306432
43268

44306432
43268

44490752
43448

46206976
45124

49926144
48756

52002816
50784

52264960
51040

52514816
51284

52514816
51284

52514816
51284

52690944
51456

53432320
52180

54018048
52752

54509568
53232

54710272
53428

55267328
53972

56868864
55536

56868864
55536

57495552
56148

58085376
56724

58261504
56896

60239872
58828

61108224
59676

64372736
62864

64966656
63444

68657152
67048

69177344
67556

69410816
67784

70389760
68740

74940416
73184

75202560
73440

78884864
77036

79327232
77468

79912960
78040

79912960
78040

79912960
78040

79912960
78040

80617472
78728

80809984
78916

81240064
79336

81657856
79744

81874944
79956

82010112
80088

83042304
81096

83042304
81096

83042304
81096

86913024
84876

86913024
84876

87306240
85260

87879680
85820

88125440
86060

88125440
86060

89243648
87152

96591872
94328

96591872
94328

97153024
94876

97996800
95700

98140160
95840

98140160
95840

98721792
96408

98721792
96408

98877440
96560

98877440
96560

100175872
97828

100904960
98540

101998592
99608

103211008
100792

114618368
111932

117846016
115084

121499648
118652

121499648
118652

123990016
121084

129867776
126824

130220032
127168

130482176
127424

130482176
127424

130482176
127424

130482176
127424

132448256
129344

132448256
129344

132972544
129856

133554176
130424

134889472
131728

134889472
131728

134889472
131728

135380992
132208

137986048
134752

139042816
135784

141709312
138388

143003648
139652

143003648
139652

143003648
139652

143003648
139652

145096704
141696

146042880
142620

148426752
144948

149606400
146100

149606400
146100

149999616
146484

149999616
146484

150323200
146800

150323200
146800

152682496
149104

153235456
149644

153235456
149644

153235456
149644

155250688
151612

155250688
151612

156483584
152816

157806592
154108

157806592
154108

158687232
154968

160985088
157212

161984512
158188

164618240
160760

164958208
161092

167763968
163832

168058880
164120

169525248
165552

169525248
165552

169525248
165552

169525248
165552

170074112
166088

170074112
166088

170995712
166988

173051904
168996

174821376
170724

176242688
172112

181739520
177480

181739520
177480

181739520
177480

181739520
177480

181739520
177480

181739520
177480

181739520
177480

181739520
177480

182263808
177992

182263808
177992

183779328
179472

185212928
180872

185212928
180872

185212928
180872

185212928
180872

185409536
181064

185835520
181480

185835520
181480

187076608
182692

188944384
184516

189952000
185500

190259200
185800

190259200
185800

190836736
186364

190836736
186364

191496192
187008

191946752
187448

194150400
189600

194408448
189852

194408448
189852

194408448
189852

194408448
189852

194408448
189852

194408448
189852

194408448
189852

194408448
189852

194408448
189852

194408448
189852

194408448
189852

194408448
189852

194408448
189852

194408448
189852

194408448
189852

194408448
189852

194408448
189852

194408448
189852

194408448
189852

194707456
190144

195551232
190968

195551232
190968

195788800
191200

196026368
191432

196026368
191432

197128192
192508

197128192
192508

197128192
192508

197128192
192508

197128192
192508

197619712
192988

197619712
192988

198012928
193372

198012928
193372

198012928
193372

198012928
193372

198012928
193372

198012928
193372

198242304
193596

198242304
193596

198397952
193748

198561792
193908

198561792
193908

198787072
194128

198787072
194128

198967296
194304

198967296
194304

198967296
194304

199241728
194572

199499776
194824

199499776
194824

199499776
194824

199499776
194824

199823360
195140

199823360
195140

200138752
195448

200138752
195448

200138752
195448

200445952
195748

200445952
195748

200445952
195748

200650752
195948

200650752
195948

200949760
196240

200949760
196240

201162752
196448

201162752
196448

201162752
196448

201326592
196608

201326592
196608

201506816
196784

201506816
196784

204095488
199312

216092672
211028

216592384
211516

218464256
213344

222998528
217772

224739328
219472

224739328
219472

225525760
220240

225525760
220240

226541568
221232

228003840
222660

228003840
222660

228589568
223232

230236160
224840

231403520
225980

233078784
227616

233078784
227616

233435136
227964

233435136
227964

234651648
229152

235749376
230224

236929024
231376

236929024
231376

239616000
234000

240861184
235216

245772288
240012

245772288
240012

245772288
240012

246689792
240908

246689792
240908

250220544
244356

250220544
244356

250220544
244356

253267968
247332

253267968
247332

254619648
248652

254619648
248652

263696384
257516

263696384
257516

263696384
257516

263913472
257728

263913472
257728

265388032
259168

265388032
259168

265388032
259168

266436608
260192

266436608
260192

268267520
261980

268267520
261980

268267520
261980

270082048
263752

270082048
263752

270397440
264060

270397440
264060

270397440
264060

271101952
264748

271101952
264748

271101952
264748

272605184
266216

272605184
266216

273383424
266976

273383424
266976

273383424
266976

274358272
267928

274358272
267928

275329024
268876

279785472
273228

279785472
273228

280309760
273740

281096192
274508

281096192
274508

281972736
275364

282497024
275876

292040704
285196

292040704
285196

297250816
290284

297250816
290284

298098688
291112

306237440
299060

306237440
299060

306237440
299060

306237440
299060

306237440
299060

310501376
303224

312598528
305272

312598528
305272

312598528
305272

317022208
309592

320942080
313420

320942080
313420

320942080
313420

321204224
313676

321204224
313676

321363968
313832

321363968
313832

321363968
313832

322154496
314604

322154496
314604

322875392
315308

322875392
315308

325292032
317668

327024640
319360

329445376
321724

329445376
321724

330362880
322620

330362880
322620

331214848
323452

331214848
323452

331214848
323452

333148160
325340

334794752
326948

334794752
326948

336392192
328508

339460096
331504

339460096
331504

339709952
331748

341417984
333416

341417984
333416

344494080
336420

345726976
337624

345726976
337624

345726976
337624

346898432
338768

346898432
338768

346898432
338768

348065792
339908

349777920
341580

349777920
341580

349777920
341580

350826496
342604

351277056
343044

353763328
345472

354942976
346624

354942976
346624

354942976
346624

355811328
347472

356511744
348156

356511744
348156

356511744
348156

357298176
348924

357298176
348924

357298176
348924

358805504
350396

358805504
350396

358805504
350396

358805504
350396

359632896
351204

359632896
351204

359632896
351204

365133824
356576

365133824
356576

365133824
356576

365395968
356832

368033792
359408

368033792
359408

368033792
359408

369188864
360536

369188864
360536

369188864
360536

372178944
363456

0

