OK
5.018426
7
Boogie Dump Took : 0.690082
0.116557
0.816045
0.546069285714286
3.845903,0,0.153735,0.123333,18,5,0.000183,3.603656,0,0,1
3.842286,0,0.162545,0.109185,28,3,0.000177,3.581685,1,0,1
3.687974,0,0.167926,0.104361,23,6,0.000202,3.441095,1,0,1
3.77259,0,0.199154,0.112375,34,6,0.000193,3.515292,1,0,1
3.934231,0,0.2088,0.127964,45,5,0.000192,3.671714,1,0,2
4.109285,0,0.143448,0.116409,19,2,0.000165,3.859322,1,0,1
4.000565,0,0.192834,0.002655,45,2,0.000229,3.776579,1,0,0
4.050561,0,0.174626,0.001751,36,2,0.000169,3.824655,1,0,0
