OK
96.585429
51
Boogie Dump Took : 1.238596
0.000384
17.140359
1.52001349019608
50.981373,37.144161,6.160495,0.118544,3035,32,0.00032,50.654301,7,1,2
59.038611,29.241377,4.910892,0.346224,2364,36,0.000346,58.701689,6,1,3
42.420141,44.86791,7.285472,0.131975,3671,36,0.000378,42.104362,8,1,2
50.696125,36.605097,6.52190799999998,0.339411,3068,38,0.00041,50.35345,7,1,3
56.109713,33.796899,6.19130100000001,0.139248,2735,36,0.000396,55.779947,6,1,2
36.816161,15.91401,3.90053700000001,1.966024,2041,202,0.001415,36.471128,2,0,15
60.295309,27.768882,4.651549,0.353158,2283,28,0.000308,59.903773,6,1,3
38.233384,17.336736,4.039275,2.07451,2023,202,0.001335,37.858725,2,1,14
