OK
14.554435
24
Boogie Dump Took : 1.213919
0.002915
0.495889
0.181979875
5.268733,0.392298,0.774584,0.142747,269,48,0.000454,5.005769,1,1,2
3.189955,0.372047,1.02447,0.14473,251,66,0.000638,2.931339,2,0,3
2.633174,0.4686,1.22482,0.147128,301,66,0.000651,2.37247,2,0,4
8.027802,0.774633,1.098892,0.120866,203,38,0.000378,7.756497,4,1,2
6.395089,0.67464,1.12006,0.13074,260,48,0.000481,6.130115,3,1,3
5.130512,0.489466,0.783856,0.119961,225,52,0.000531,4.863499,2,1,1
6.282088,0.494238,0.737112999999999,0.128181,272,40,0.000479,6.021693,2,1,1
5.291701,0.366012,0.728935999999999,0.156025,227,56,0.00052,5.011458,2,1,2
