OK
654.846819
407
Boogie Dump Took : 1.265037
0.002298
9.607678
1.57353957493857
53.532277,35.965371,12.234798,4.17917,5594,384,0.002934,52.853633,11,33,14
63.182727,38.890623,21.731236,5.77718499999999,6962,632,0.00479,62.41145,13,43,10
46.936137,19.441226,7.68335700000001,3.263736,3161,390,0.003202,46.282571,6,38,13
53.84553,37.343286,23.191117,6.57595,6873,566,0.004616,53.07641,12,43,7
62.508163,37.672529,15.392623,7.101763,6341,626,0.004987,61.73911,12,41,9
47.575689,43.161495,15.599497,5.620461,7104,602,0.004468,46.764118,13,41,13
43.275106,47.111045,52.4833569999998,3.304366,8231,434,0.003335,42.423978,16,40,9
61.775533,26.179796,18.050652,11.626828,5351,616,0.004936,60.919061,7,38,15
