OK
711.86909
342
Boogie Dump Took : 1.267911
0.004151
20.246106
2.04034825730994
185.719904,56.795921,18.367799,7.048474,7519,382,0.0028,184.755702,13,32,8
190.466178,39.472771,16.784154,4.258591,5840,328,0.002462,189.745798,10,29,11
188.290074,40.47833,12.9760730000001,6.664156,5473,384,0.003274,187.420009,11,35,10
184.709818,40.748893,20.857048,3.068325,5798,318,0.002489,183.787936,10,31,11
188.472783,40.609703,17.883292,5.232187,6403,404,0.003258,187.717774,10,34,7
189.250684,47.038166,15.368259,5.652638,6714,376,0.002754,188.278885,11,33,10
182.17885,48.867064,16.6072799999999,4.012818,6310,314,0.002342,181.380731,13,31,13
188.989061,31.047908,15.433953,5.665052,5759,470,0.00345900000000001,188.276869,8,31,16
