OK
593.72955
320
Boogie Dump Took : 1.248577
0.001832
13.004888
1.8046518
75.489237,62.352507,23.7980310000001,2.93392,8146,364,0.002757,74.656321,12,31,9
82.50034,83.577609,27.495502,3.398572,11049,372,0.003085,81.639703,19,26,10
62.086266,50.892593,26.3689059999998,3.378259,6672,262,0.002432,61.398232,11,22,17
61.992286,75.947224,25.810291,3.832616,8942,362,0.002979,61.269931,13,26,13
74.795779,55.43568,17.7084610000001,4.447139,7063,392,0.003133,74.043603,10,35,7
80.368069,46.622646,22.2075320000001,2.669182,5493,290,0.002238,79.625226,7,26,15
80.45324,51.244237,20.163345,5.544482,7561,422,0.003397,79.63318,12,33,10
86.217859,59.62337,24.050149,5.761866,7901,380,0.00322,85.357373,10,27,13
