OK
106.420768
100
Boogie Dump Took : 1.290062
0.000239
3.910298
1.00991802
42.19213,0,10.953729,0.466306,3813,78,0.000694,41.755303,15,1,10
38.785978,0,6.558981,0.603567,2351,70,0.000613,38.188653,10,1,8
29.671874,0,7.048517,0.745878,2967,120,0.000995,29.139245,10,1,20
32.144179,0,7.92406099999999,0.42308,3085,86,0.000753,31.701441,13,1,10
24.002677,0,4.22561799999998,0.634725,1618,90,0.000899,23.58893,5,0,19
37.064492,0,5.94471000000001,0.502102,2421,76,0.000695,36.625697,9,2,9
43.479299,0,12.628177,0.412902,4802,82,0.000797,43.016751,19,1,8
36.706692,0,8.644829,0.495499,3112,84,0.00078,36.251845,10,2,7
