OK
1036.218138
369
Boogie Dump Took : 0.762931
0.00243
16.371735
2.77203760433604
76.1301,0,12.42378,6.246891,7289,1170,0.010017,73.991967,10,34,11
76.684975,0,12.875863,7.302345,7326,1390,0.012073,74.590834,11,37,14
70.372846,0,12.946315,7.252999,7479,1428,0.012166,68.20217,12,40,13
81.994246,0,14.000821,5.21079399999999,8107,920,0.00794099999999999,80.223584,12,25,7
79.590018,0,11.915617,7.765369,7070,1412,0.01243,76.918009,10,40,13
77.124931,0,17.730698,6.177601,10410,972,0.00862100000000001,75.482218,15,25,13
73.204372,0,12.366657,12.463132,7336,1462,0.012833,71.061041,9,42,9
72.170388,0,13.67633,6.887275,8158,1250,0.010691,70.153458,11,36,10
