OK
39.643717
56
Boogie Dump Took : 1.01573
0.007739
5.463034
0.605648107142857
16.906757,10.821048,5.45640199999999,0.206614,2074,60,0.000499,16.566629,8,0,5
24.521706,9.282306,5.034731,0.263257,1775,34,0.000374,24.190447,8,0,8
19.427773,9.688299,4.18924,0.217543,1578,46,0.000426,19.123719,7,0,6
10.730275,0.592602,2.178074,0.612092,697,118,0.000856,10.411891,2,1,13
18.103288,4.663064,3.33822600000001,0.281786,1257,76,0.000611,17.782963,6,1,5
20.804593,12.524912,5.573848,0.204181,1976,30,0.000323,20.492706,8,0,6
25.184144,7.507429,3.89315299999999,0.246982,1468,30,0.000336,24.869959,7,0,6
22.272005,6.898208,3.549585,0.239844,1413,42,0.000403,21.959256,7,1,4
