OK
352.518994
126
Boogie Dump Took : 1.224218
0.000851
32.346671
2.43619403968254
147.124676,108.507663,19.18023,2.243372,9737,210,0.00147,146.563978,12,3,16
169.46007,72.774704,16.607302,1.998512,7284,220,0.001569,168.974272,12,4,12
129.626825,119.165618,18.8555370000001,1.946808,9826,192,0.001326,129.10823,12,6,9
115.995286,103.298304,19.443503,1.851523,9276,202,0.001527,115.483043,14,4,11
155.363525,94.066401,16.273761,1.803128,7881,266,0.001991,154.892861,8,4,13
134.504873,142.998914,22.1142779999998,1.257063,10462,140,0.001205,134.019207,13,2,9
134.927344,103.675045,17.924433,1.933777,9392,174,0.001291,134.407536,12,5,10
133.356949,96.045398,18.0915990000001,2.489022,8767,250,0.001805,132.689715,10,5,13
