OK
155.047629
144
Boogie Dump Took : 0.798949
0.001742
9.423052
1.00567525
34.841845,34.461037,9.77510799999999,4.057376,5711,478,0.003547,34.34503,8,2,23
54.31407,63.677301,17.453745,1.022984,9640,240,0.001706,53.760911,18,2,11
60.060583,39.576328,12.5246140000001,2.549908,7467,276,0.001918,59.445806,18,4,15
58.527657,55.525564,14.842331,1.1366,7953,250,0.001703,57.99265,16,3,10
61.944714,52.603399,14.890304,1.916038,8707,182,0.001536,61.361115,18,3,16
51.249887,39.470094,12.010091,2.451205,6768,330,0.002472,50.725344,14,7,11
64.869164,48.694326,13.5363419999999,1.265322,8098,226,0.001653,64.389722,16,2,11
42.709947,41.476199,11.03415,4.282867,6314,398,0.002738,42.105021,10,3,21
