OK
652.693657
276
Boogie Dump Took : 1.408272
0.011598
14.081432
2.32161764855072
33.186062,0,18.8222850000001,16.502279,7549,123,0.015224,32.270729,7,27,7
36.946119,0,26.983301,10.116556,11213,216,0.002296,36.039867,13,34,3
40.405302,0,20.0434179999999,9.3928,8619,184,0.004325,39.55485,11,30,4
24.584076,0,7.19912099999997,16.851148,3682,116,0.011546,23.818039,3,24,15
35.878918,0,15.23191,13.106264,6343,117,0.001159,35.014425,6,18,11
30.893649,0,10.927871,7.849424,4830,145,0.001447,30.121362,5,30,6
32.726711,0,20.459806,11.470054,8198,164,0.0068,31.764754,8,30,6
26.662865,0,10.352998,9.852532,5089,111,0.01158,25.872615,7,23,8
