ReachedBound
145.333659
261
Boogie Dump Took : 1.420624
0.000731
4.515725
0.546165908045977
0,0,0,0,0,0,0,11.541986,5,1,6
0,0,0,0,0,0,0,4.193485,5,4,5
0,0,0,0,0,0,0,4.779686,5,1,6
0,0,0,0,0,0,0,5.28807,7,2,5
0,0,0,0,0,0,0,5.46864,5,3,5
0,0,0,0,0,0,0,2.462344,2,5,5
0,0,0,0,0,0,0,3.141296,5,3,4
0,0,0,0,0,0,0,3.191686,6,3,3
0,0,0,0,0,0,0,39.622734,7,1,6
0,0,0,0,0,0,0,37.655592,6,2,6
0,0,0,0,0,0,0,47.02279,6,1,6
0,0,0,0,0,0,0,33.057447,4,3,4
0,0,0,0,0,0,0,13.839982,6,1,5
0,0,0,0,0,0,0,12.480798,7,2,5
0,0,0,0,0,0,0,3.871719,4,2,9
0,0,0,0,0,0,0,16.762717,7,2,4
0,0,0,0,0,0,0,22.551834,6,0,7
0,0,0,0,0,0,0,23.313448,8,2,5
0,0,0,0,0,0,0,7.509897,5,1,9
0,0,0,0,0,0,0,5.487686,8,2,5
0,0,0,0,0,0,0,10.435315,6,2,6
0,0,0,0,0,0,0,12.509039,5,3,5
0,0,0,0,0,0,0,7.886577,8,2,6
0,0,0,0,0,0,0,9.161565,5,3,6
0,0,0,0,0,0,0,23.131838,10,0,7
0,0,0,0,0,0,0,18.590873,6,3,7
0,0,0,0,0,0,0,7.831643,6,1,5
0,0,0,0,0,0,0,5.954959,5,3,7
0,0,0,0,0,0,0,10.435671,7,3,8
0,0,0,0,0,0,0,5.521309,4,3,6
0,0,0,0,0,0,0,6.534227,7,2,8
0,0,0,0,0,0,0,13.926702,10,1,5
#ALGO Details#
Best Algo splitMode:50
SplitMode:totalANDSplits
100:30
0:31
50:29
50:30
50:31
30:33
30:33
30:36