NOK
98.247163
298
Boogie Dump Took : 2.417433
0.000259
2.442452
0.318864761744966
0,0,0,0,0,0,0,2.213678,2,2,2
0,0,0,0,0,0,0,1.985064,2,3,2
0,0,0,0,0,0,0,2.153592,2,3,1
0,0,0,0,0,0,0,1.641254,1,2,2
0,0,0,0,0,0,0,1.816512,5,0,6
0,0,0,0,0,0,0,2.322083,5,2,5
0,0,0,0,0,0,0,2.474816,5,2,5
0,0,0,0,0,0,0,2.939164,6,3,4
0,0,0,0,0,0,0,2.338377,3,4,2
0,0,0,0,0,0,0,1.844615,2,1,3
0,0,0,0,0,0,0,2.430799,3,2,2
0,0,0,0,0,0,0,2.414412,2,3,2
0,0,0,0,0,0,0,1.827063,2,1,4
0,0,0,0,0,0,0,2.3214,2,3,1
0,0,0,0,0,0,0,2.827896,2,3,1
0,0,0,0,0,0,0,3.077337,2,5,1
0,0,0,0,0,0,0,1.80637,2,1,3
0,0,0,0,0,0,0,2.878901,6,2,2
0,0,0,0,0,0,0,2.019481,3,1,4
0,0,0,0,0,0,0,2.358294,2,3,3
0,0,0,0,0,0,0,1.570114,2,0,3
0,0,0,0,0,0,0,2.094794,2,3,3
0,0,0,0,0,0,0,2.427751,2,2,2
0,0,0,0,0,0,0,2.84887,4,1,1
0,0,0,0,0,0,0,2.058631,3,3,2
0,0,0,0,0,0,0,2.1986,3,3,2
0,0,0,0,0,0,0,1.587832,2,1,4
0,0,0,0,0,0,0,2.207291,3,4,2
0,0,0,0,0,0,0,2.680186,5,0,3
0,0,0,0,0,0,0,1.68562,3,1,5
0,0,0,0,0,0,0,2.003609,3,3,3
0,0,0,0,0,0,0,2.145279,3,2,2
#ALGO Details#
Best Algo splitMode:50
SplitMode:totalANDSplits
100:38
0:46
50:35
50:27
50:34
30:36
30:35
30:39