NOK
21.982425
232
Boogie Dump Took : 1.818423
0.000331
0.78972
0.0848732370689655
0,0,0,0,0,0,0,5.28993,5,1,5
0,0,0,0,0,0,0,6.462845,5,0,4
0,0,0,0,0,0,0,6.453052,5,0,4
0,0,0,0,0,0,0,4.580369,4,0,6
0,0,0,0,0,0,0,3.2908,9,0,12
0,0,0,0,0,0,0,10.498576,13,0,11
0,0,0,0,0,0,0,8.812574,12,0,13
0,0,0,0,0,0,0,10.038076,13,0,10
0,0,0,0,0,0,0,4.486803,7,0,5
0,0,0,0,0,0,0,3.517045,5,0,6
0,0,0,0,0,0,0,3.662236,6,0,6
0,0,0,0,0,0,0,3.930732,5,1,5
0,0,0,0,0,0,0,4.614805,5,0,6
0,0,0,0,0,0,0,4.905367,7,0,5
0,0,0,0,0,0,0,5.897475,6,0,4
0,0,0,0,0,0,0,4.813668,5,0,7
0,0,0,0,0,0,0,6.255533,5,0,6
0,0,0,0,0,0,0,6.225648,6,0,4
0,0,0,0,0,0,0,6.341388,5,0,8
0,0,0,0,0,0,0,5.870362,7,0,4
0,0,0,0,0,0,0,5.414222,7,0,8
0,0,0,0,0,0,0,5.307785,8,0,8
0,0,0,0,0,0,0,5.487416,8,0,9
0,0,0,0,0,0,0,5.721598,9,0,6
0,0,0,0,0,0,0,7.839621,8,0,9
0,0,0,0,0,0,0,7.691701,8,0,7
0,0,0,0,0,0,0,7.614541,8,0,6
0,0,0,0,0,0,0,4.552926,5,1,6
0,0,0,0,0,0,0,6.44173,9,0,6
0,0,0,0,0,0,0,6.015191,8,0,6
0,0,0,0,0,0,0,5.631344,7,0,8
0,0,0,0,0,0,0,5.201762,6,0,9
#ALGO Details#
Best Algo splitMode:50
SplitMode:totalANDSplits
100:21
0:46
50:24
50:22
50:22
30:31
30:29
30:29