ReachedBound
1482.055127
724
Boogie Dump Took : 2.905728
0.000544
27.278075
2.02951665331492
0,0,0,0,0,0,0,64.608572,8,7,4
0,0,0,0,0,0,0,19.418886,4,5,8
0,0,0,0,0,0,0,84.832361,9,14,6
0,0,0,0,0,0,0,57.960335,6,3,9
0,0,0,0,0,0,0,25.703277,14,11,18
0,0,0,0,0,0,0,27.393776,17,11,19
0,0,0,0,0,0,0,35.698391,17,21,13
0,0,0,0,0,0,0,30.176896,17,12,14
0,0,0,0,0,0,0,11.43058,6,10,17
0,0,0,0,0,0,0,17.009021,9,7,6
0,0,0,0,0,0,0,21.48939,8,6,7
0,0,0,0,0,0,0,99.125602,10,10,2
0,0,0,0,0,0,0,23.433745,10,4,12
0,0,0,0,0,0,0,17.338566,12,8,8
0,0,0,0,0,0,0,19.320695,11,7,4
0,0,0,0,0,0,0,14.616516,6,6,14
0,0,0,0,0,0,0,38.541467,6,5,13
0,0,0,0,0,0,0,35.599888,10,17,6
0,0,0,0,0,0,0,32.553069,8,14,6
0,0,0,0,0,0,0,45.571132,7,4,5
0,0,0,0,0,0,0,10.008286,4,21,13
0,0,0,0,0,0,0,13.614174,10,13,6
0,0,0,0,0,0,0,12.203591,8,21,6
0,0,0,0,0,0,0,11.145088,10,20,6
0,0,0,0,0,0,0,14.678854,7,29,7
0,0,0,0,0,0,0,24.158131,8,8,5
0,0,0,0,0,0,0,11.139757,6,12,13
0,0,0,0,0,0,0,14.64394,12,19,7
0,0,0,0,0,0,0,11.021092,9,20,10
0,0,0,0,0,0,0,12.721909,8,2,3
0,0,0,0,0,0,0,7.722005,4,14,11
0,0,0,0,0,0,0,10.467477,8,24,4
#ALGO Details#
Best Algo splitMode:100
SplitMode:totalANDSplits
100:56
0:131
50:65
50:63
50:81
30:122
30:105
30:93