OK
3398.454991
413
Boogie Dump Took : 0.819007
0.00284
78.473399
7.93919348910411
191.215141,0,28.596766,35.292581,16939,451,0.003599,188.944197,8,40,13
208.975094,0,49.9193940000001,27.98426,25125,510,0.004258,206.759185,13,38,7
202.679123,0,51.9588980000001,28.810468,26862,495,0.004279,200.498242,13,40,15
203.321095,0,34.1617789999999,33.180643,20893,496,0.003691,201.389628,9,33,14
169.40033,0,43.9018599999999,36.684304,25118,568,0.028424,166.708211,13,46,16
162.033035,0,56.5988010000006,30.219613,30248,452,0.003889,158.80954,16,41,7
122.215862,0,45.1253429999999,33.342225,26909,616,0.004645,120.034749,12,48,15
118.802084,0,48.0729570000003,21.579367,26359,374,0.003126,116.741841,12,31,9
