NOK
202.098312
286
Boogie Dump Took : 4.409925
0.000882
7.112177
0.686061951048951
0,0,0,0,0,0,0,36.481935,3,2,4
0,0,0,0,0,0,0,41.911614,5,3,4
0,0,0,0,0,0,0,27.831728,4,2,5
0,0,0,0,0,0,0,44.900584,4,1,3
0,0,0,0,0,0,0,30.682242,11,0,9
0,0,0,0,0,0,0,32.331351,12,0,9
0,0,0,0,0,0,0,24.445811,9,0,15
0,0,0,0,0,0,0,32.21266,11,1,9
0,0,0,0,0,0,0,28.237462,6,3,6
0,0,0,0,0,0,0,28.881691,5,1,3
0,0,0,0,0,0,0,30.215067,5,1,3
0,0,0,0,0,0,0,23.409206,4,2,7
0,0,0,0,0,0,0,39.583105,6,1,5
0,0,0,0,0,0,0,38.141015,6,2,6
0,0,0,0,0,0,0,26.587735,5,2,6
0,0,0,0,0,0,0,38.317076,6,2,5
0,0,0,0,0,0,0,14.685367,8,1,6
0,0,0,0,0,0,0,17.376041,7,2,5
0,0,0,0,0,0,0,16.968505,5,2,10
0,0,0,0,0,0,0,20.61958,6,2,4
0,0,0,0,0,0,0,36.990219,8,2,5
0,0,0,0,0,0,0,29.844761,5,2,4
0,0,0,0,0,0,0,25.899427,4,3,6
0,0,0,0,0,0,0,32.817565,4,2,5
0,0,0,0,0,0,0,32.954408,7,2,5
0,0,0,0,0,0,0,35.891372,7,2,5
0,0,0,0,0,0,0,26.868252,6,1,12
0,0,0,0,0,0,0,34.859689,11,0,8
0,0,0,0,0,0,0,23.644487,6,2,5
0,0,0,0,0,0,0,21.923616,5,3,7
0,0,0,0,0,0,0,21.690103,8,2,5
0,0,0,0,0,0,0,18.621878,4,2,5
#ALGO Details#
Best Algo splitMode:30
SplitMode:totalANDSplits
100:26
0:57
50:28
50:29
50:33
30:35
30:38
30:32