ReachedBound
62.163206
174
Boogie Dump Took : 3.193379
0.000114
4.622753
0.334043126436782
0,0,0,0,0,0,0,10.25656,3,0,5
0,0,0,0,0,0,0,12.317441,4,0,3
0,0,0,0,0,0,0,4.984339,3,1,3
0,0,0,0,0,0,0,5.983815,2,1,1
0,0,0,0,0,0,0,7.497539,4,0,6
0,0,0,0,0,0,0,2.830982,6,1,4
0,0,0,0,0,0,0,1.900047,3,1,4
0,0,0,0,0,0,0,2.061982,5,1,3
0,0,0,0,0,0,0,14.403436,4,1,4
0,0,0,0,0,0,0,12.236152,4,0,5
0,0,0,0,0,0,0,16.718547,4,1,3
0,0,0,0,0,0,0,22.235305,4,0,3
0,0,0,0,0,0,0,10.172823,7,0,5
0,0,0,0,0,0,0,5.930994,5,0,7
0,0,0,0,0,0,0,9.940147,8,0,6
0,0,0,0,0,0,0,7.016684,6,0,7
0,0,0,0,0,0,0,11.343076,5,1,3
0,0,0,0,0,0,0,10.619126,6,0,3
0,0,0,0,0,0,0,7.07753,3,0,7
0,0,0,0,0,0,0,10.544471,5,0,5
0,0,0,0,0,0,0,9.27149,6,0,8
0,0,0,0,0,0,0,11.354965,5,1,4
0,0,0,0,0,0,0,10.522933,7,0,7
0,0,0,0,0,0,0,5.270405,6,1,4
0,0,0,0,0,0,0,6.809437,7,0,6
0,0,0,0,0,0,0,12.838748,7,0,5
0,0,0,0,0,0,0,8.671792,7,1,7
0,0,0,0,0,0,0,9.869913,7,0,9
0,0,0,0,0,0,0,9.396406,5,0,6
0,0,0,0,0,0,0,6.38143,4,1,3
0,0,0,0,0,0,0,6.536453,5,0,4
0,0,0,0,0,0,0,5.123949,3,1,3
#ALGO Details#
Best Algo splitMode:30
SplitMode:totalANDSplits
100:14
0:20
50:17
50:25
50:19
30:25
30:28
30:18