ReachedBound
23.378194
197
Boogie Dump Took : 2.894579
0.001579
0.599326
0.102131192893401
0,0,0,0,0,0,0,7.654313,3,0,5
0,0,0,0,0,0,0,11.9513,5,0,3
0,0,0,0,0,0,0,11.513996,5,0,4
0,0,0,0,0,0,0,9.12827,4,0,5
0,0,0,0,0,0,0,4.250889,8,0,7
0,0,0,0,0,0,0,6.377057,6,0,6
0,0,0,0,0,0,0,3.955413,5,0,5
0,0,0,0,0,0,0,2.38045,6,0,6
0,0,0,0,0,0,0,7.493381,5,0,7
0,0,0,0,0,0,0,7.979559,7,0,5
0,0,0,0,0,0,0,4.818595,4,1,4
0,0,0,0,0,0,0,8.40735,6,0,5
0,0,0,0,0,0,0,10.101499,7,0,5
0,0,0,0,0,0,0,8.680266,7,0,6
0,0,0,0,0,0,0,8.517683,4,0,8
0,0,0,0,0,0,0,7.448059,5,0,3
0,0,0,0,0,0,0,10.315697,7,0,6
0,0,0,0,0,0,0,5.787492,6,0,7
0,0,0,0,0,0,0,6.126328,5,0,4
0,0,0,0,0,0,0,9.599566,6,0,6
0,0,0,0,0,0,0,5.368526,4,0,4
0,0,0,0,0,0,0,10.576473,7,0,7
0,0,0,0,0,0,0,10.441373,6,0,6
0,0,0,0,0,0,0,10.82651,6,0,5
0,0,0,0,0,0,0,4.81335,6,0,11
0,0,0,0,0,0,0,6.872057,10,0,7
0,0,0,0,0,0,0,7.007075,8,1,5
0,0,0,0,0,0,0,5.926622,8,0,8
0,0,0,0,0,0,0,5.918048,6,0,5
0,0,0,0,0,0,0,6.794403,7,0,10
0,0,0,0,0,0,0,5.737212,6,0,6
0,0,0,0,0,0,0,6.956382,8,0,5
#ALGO Details#
Best Algo splitMode:0
SplitMode:totalANDSplits
100:18
0:24
50:22
50:22
50:23
30:22
30:32
30:26