ReachedBound
66.270885
244
Boogie Dump Took : 8.717184
0.003754
1.130313
0.233942618852459
0,0,0,0,0,0,0,15.046017,2,0,3
0,0,0,0,0,0,0,28.823711,3,0,3
0,0,0,0,0,0,0,40.908191,4,0,2
0,0,0,0,0,0,0,12.44048,2,0,3
0,0,0,0,0,0,0,11.195435,16,0,19
0,0,0,0,0,0,0,13.183327,18,0,16
0,0,0,0,0,0,0,12.610489,14,1,13
0,0,0,0,0,0,0,13.948907,14,0,13
0,0,0,0,0,0,0,19.461286,4,0,6
0,0,0,0,0,0,0,25.910617,5,0,3
0,0,0,0,0,0,0,41.030892,5,0,4
0,0,0,0,0,0,0,25.793762,4,0,4
0,0,0,0,0,0,0,31.827747,6,0,5
0,0,0,0,0,0,0,24.994812,6,0,5
0,0,0,0,0,0,0,34.234506,5,0,7
0,0,0,0,0,0,0,33.528906,5,0,4
0,0,0,0,0,0,0,36.012413,7,0,6
0,0,0,0,0,0,0,31.191664,4,0,5
0,0,0,0,0,0,0,32.043815,6,0,4
0,0,0,0,0,0,0,27.755392,5,0,6
0,0,0,0,0,0,0,29.24596,9,0,9
0,0,0,0,0,0,0,21.661612,10,0,7
0,0,0,0,0,0,0,17.504235,8,0,9
0,0,0,0,0,0,0,14.532128,9,0,10
0,0,0,0,0,0,0,32.584039,7,0,8
0,0,0,0,0,0,0,28.321967,6,0,6
0,0,0,0,0,0,0,36.223275,7,0,4
0,0,0,0,0,0,0,36.338126,6,0,7
0,0,0,0,0,0,0,20.173602,12,0,11
0,0,0,0,0,0,0,29.073688,12,0,11
0,0,0,0,0,0,0,22.744264,11,0,9
0,0,0,0,0,0,0,21.907616,10,0,13
#ALGO Details#
Best Algo splitMode:100
SplitMode:totalANDSplits
100:11
0:62
50:17
50:21
50:21
30:35
30:25
30:44