NOK
760.005542
382
Boogie Dump Took : 14.228456
0.001382
21.236795
1.93183610994764
0,0,0,0,0,0,0,115.984998,13,4,13
0,0,0,0,0,0,0,121.669834,18,1,16
0,0,0,0,0,0,0,96.611655,16,3,19
0,0,0,0,0,0,0,153.9095,19,2,18
0,0,0,0,0,0,0,44.783455,9,2,9
0,0,0,0,0,0,0,10.887567,9,3,10
0,0,0,0,0,0,0,35.985223,9,2,8
0,0,0,0,0,0,0,43.976964,7,3,6
0,0,0,0,0,0,0,48.709622,5,2,4
0,0,0,0,0,0,0,22.445039,6,1,5
0,0,0,0,0,0,0,36.954497,7,2,7
0,0,0,0,0,0,0,25.016424,6,1,7
0,0,0,0,0,0,0,16.802471,5,0,4
0,0,0,0,0,0,0,37.331404,5,3,5
0,0,0,0,0,0,0,9.513929,4,3,4
0,0,0,0,0,0,0,19.190216,4,2,4
0,0,0,0,0,0,0,15.172022,8,2,7
0,0,0,0,0,0,0,12.038666,7,1,7
0,0,0,0,0,0,0,19.423114,7,0,6
0,0,0,0,0,0,0,15.772768,4,3,5
0,0,0,0,0,0,0,153.613097,11,0,12
0,0,0,0,0,0,0,108.321884,13,0,9
0,0,0,0,0,0,0,78.193076,13,0,16
0,0,0,0,0,0,0,189.344077,13,0,12
0,0,0,0,0,0,0,186.486683,9,1,9
0,0,0,0,0,0,0,135.700401,11,2,11
0,0,0,0,0,0,0,146.564336,12,1,13
0,0,0,0,0,0,0,155.614806,11,0,9
0,0,0,0,0,0,0,12.58355,7,2,5
0,0,0,0,0,0,0,9.224078,7,6,6
0,0,0,0,0,0,0,11.114196,7,2,6
0,0,0,0,0,0,0,5.845534,5,3,8
#ALGO Details#
Best Algo splitMode:30
SplitMode:totalANDSplits
100:80
0:51
50:36
50:29
50:38
30:50
30:48
30:42