NOK
189.790507
93
Boogie Dump Took : 22.240963
0.003535
83.427975
1.56281987096774
0,0,0,0,0,0,0,0,0,0,1
0,0,0,0,0,0,0,2.601239,1,0,1
0,0,0,0,0,0,0,4.209932,1,0,1
0,0,0,0,0,0,0,139.889893,1,0,0
0,0,0,0,0,0,0,5.291899,8,0,10
0,0,0,0,0,0,0,87.205261,10,0,10
0,0,0,0,0,0,0,5.409125,8,1,8
0,0,0,0,0,0,0,90.940564,9,0,6
0,0,0,0,0,0,0,5.183949,3,0,3
0,0,0,0,0,0,0,136.148792,3,0,3
0,0,0,0,0,0,0,136.915767,3,0,3
0,0,0,0,0,0,0,137.311919,3,0,2
0,0,0,0,0,0,0,1.138144,1,0,1
0,0,0,0,0,0,0,0.000823,1,0,1
0,0,0,0,0,0,0,3.263258,1,0,1
0,0,0,0,0,0,0,142.095843,1,0,0
0,0,0,0,0,0,0,2.593319,2,0,2
0,0,0,0,0,0,0,131.153339,2,0,2
0,0,0,0,0,0,0,132.404453,2,0,1
0,0,0,0,0,0,0,1.746157,1,0,1
0,0,0,0,0,0,0,7.173341,4,0,5
0,0,0,0,0,0,0,139.498932,4,0,3
0,0,0,0,0,0,0,138.211169,4,0,3
0,0,0,0,0,0,0,137.497095,3,0,3
0,0,0,0,0,0,0,0.000771,1,0,1
0,0,0,0,0,0,0,1.193933,1,0,1
0,0,0,0,0,0,0,2.444223,1,0,1
0,0,0,0,0,0,0,131.213339,1,0,0
0,0,0,0,0,0,0,5.303855,3,0,3
0,0,0,0,0,0,0,134.523115,3,0,3
0,0,0,0,0,0,0,4.993205,2,0,2
0,0,0,0,0,0,0,135.176431,3,0,2
#ALGO Details#
Best Algo splitMode:0
SplitMode:totalANDSplits
100:3
0:35
50:11
50:3
50:6
30:14
30:3
30:10