OK
781.857008
116
Boogie Dump Took : 1.885038
0.000768
41.859509
5.78561228448276
146.469821,0,60.5964009999998,7.841749,14318,74,0.000839,145.688634,14,1,18
163.336178,0,62.4446600000003,2.211516,14522,87,0.000992,162.439211,13,0,10
112.825854,0,60.466508,4.288532,14446,97,0.000948,112.148262,14,1,13
126.819203,0,60.9415680000001,8.12922,14307,86,0.001033,126.054243,14,1,17
167.620618,0,61.8076860000001,3.67569,15188,88,0.000986,166.867827,14,1,16
71.655624,0,61.121872,5.39704,14822,79,0.00088,70.972356,15,0,13
133.49976,0,67.076632,3.326936,15505,130,0.001188,132.651453,15,0,10
68.624345,0,66.5685469999997,5.7481,15766,85,0.001037,67.786188,13,0,15
