OK
1488.610146
95
Boogie Dump Took : 1.181063
0.023837
85.957902
14.970649631579
265.142427,0,57.4465879999998,6.417024,20260,90,0.001125,264.419693,10,0,11
306.676775,0,56.2777870000001,9.349068,19819,74,0.000838,305.68161,10,0,12
276.086521,0,73.8153370000001,3.773051,24438,81,0.000998,275.326285,15,0,7
298.553223,0,59.5633510000002,6.286672,20690,86,0.000914,297.821387,11,0,11
318.163794,0,50.0882119999998,8.012381,17779,90,0.001063,316.839494,10,0,11
335.467977,0,61.6521419999995,8.353116,22103,144,0.001321,334.577697,12,0,22
365.749949,0,75.0229899999995,5.7758,26726,74,0.001065,364.883786,17,1,9
285.998997,0,46.1270860000002,8.394702,16386,87,0.001124,285.053338,8,1,10
