OK
1743.251675
93
Boogie Dump Took : 1.398608
0.022802
138.052735
17.0632427204301
451.607706,0,76.2190079999999,8.059308,21091,105,0.001167,450.65858,13,0,10
334.437379,0,83.8589860000002,5.267081,23243,114,0.001285,333.649853,14,0,5
327.999749,0,81.1881270000002,6.181815,22088,103,0.001089,327.290335,14,0,7
297.847056,0,68.807162,15.441023,20791,113,0.001324,297.054473,8,0,19
310.556214,0,71.5065779999999,22.106534,20902,112,0.001272,309.361173,12,0,20
398.200179,0,68.9545280000003,7.516695,19737,87,0.001018,397.553542,13,0,8
300.009384,0,71.1918070000003,11.361613,20546,98,0.001079,299.307319,9,0,13
355.524094,0,71.4973960000001,9.172856,21386,102,0.00111,354.748462,9,1,10
