OK
1041.548724
137
Boogie Dump Took : 1.954262
0.004799
155.247734
7.31886567153285
157.708122,0,55.9873490000001,9.80903,22518,299,0.00247399999999999,156.471754,17,3,15
157.171102,0,51.1991389999998,8.306305,19837,256,0.002046,155.972018,14,1,13
155.41402,0,41.7629010000002,11.114528,16572,326,0.00259799999999999,153.868916,12,3,14
139.175283,0,51.4250590000001,10.110656,21163,362,0.00284399999999999,137.54469,18,2,25
146.983957,0,52.9999939999999,10.138306,20524,309,0.00251199999999999,145.327119,12,2,13
182.269594,0,56.9370500000002,8.404071,20680,250,0.002022,180.445699,17,2,11
168.443773,0,52.1184030000002,8.470479,19806,316,0.00274499999999999,166.753057,17,2,15
151.395686,0,48.7113770000002,8.274216,18986,284,0.002231,150.00423,13,2,14
