OK
1179.725877
151
Boogie Dump Took : 4.460718
0.002729
60.329693
7.41431670198675
238.463109,0,134.215579,11.579772,24322,212,0.001838,237.233982,19,1,17
183.952084,0,176.836523999999,4.574844,28697,209,0.001672,182.541641,23,1,6
191.56694,0,134.261887000001,10.600261,24266,220,0.001974,189.836712,16,2,23
194.352244,0,122.887559,15.67238,22226,254,0.002076,192.711754,14,1,21
163.558779,0,152.171693000002,8.317102,27018,198,0.001678,162.51377,19,1,13
212.010176,0,118.466947,12.134178,20715,163,0.001497,210.605336,14,1,16
216.659854,0,130.053804000001,12.200264,22334,220,0.001882,215.189407,16,3,16
154.026488,0,140.998884,19.517757,25556,237,0.002133,152.450979,16,4,25
