OK
18.771665
20
Boogie Dump Took : 4.457413
0.08359
1.330627
0.548809
8.636002,0,3.972534,0.145274,404,7,0.000314,8.209317,2,0,1
6.695449,0,5.386622,0.148554,529,13,0.000368,6.235024,3,0,1
3.657272,0,6.21060899999999,0.302981,792,18,0.000434,3.215454,3,0,6
3.822761,0,2.983482,0.258152,631,25,0.000457,3.422795,1,1,2
5.642792,0,5.809997,0.246869,659,9,0.000412,5.147107,3,1,0
7.747794,0,4.55818,0.208695,482,6,0.00051,7.27015,2,0,2
8.969049,0,3.555161,0.274182,288,8,0.000459,8.479189,2,1,0
7.607112,0,3.27687,0.514037,291,10,0.000462,7.158894,1,0,5
