OK
411.501509
234
Boogie Dump Took : 1.53317
0.002733
11.0052
1.70992236752137
90.662107,0,41.8378079999999,3.232807,10517,301,0.004599,89.86754,22,8,19
77.744346,0,33.1494140000002,3.55001,8486,220,0.003747,76.992928,16,4,26
96.955716,0,44.29213,2.91296,11046,241,0.003951,96.103859,24,10,16
73.001164,0,36.5823210000001,4.747963,9586,260,0.00778499999999999,72.207615,17,9,26
90.2628,0,43.5643079999999,3.08767,11172,270,0.005991,89.455779,22,9,19
84.029023,0,47.3176929999996,3.91391,11461,223,0.005095,83.044547,25,10,16
81.340152,0,38.4093540000001,4.514008,9600,266,0.007298,80.561052,21,8,25
77.376331,0,37.3447640000001,3.643583,9710,304,0.00729,76.439,18,11,18
