OK
136.831165
100
Boogie Dump Took : 1.560857
0.040549
9.522757
1.30090866
37.294002,0,13.08947,0.75322,2668,74,0.001119,36.773531,7,1,12
56.433791,0,16.96857,0.71331,3277,62,0.001006,55.793454,12,2,11
56.116178,0,21.000504,0.709186,4043,60,0.001076,55.461457,14,0,11
48.664173,0,18.190656,0.962634,3583,105,0.001465,48.06822,11,2,16
51.077561,0,17.809694,0.887634,3383,124,0.001747,50.493889,10,0,14
45.658655,0,15.615368,0.681372,3156,90,0.001222,45.096073,9,1,10
49.13782,0,18.3137479999999,0.694467,3417,98,0.00153,48.541611,11,3,7
59.646214,0,21.700859,0.732648,3932,54,0.000938,59.002388,15,2,8
