OK
106.879872
77
Boogie Dump Took : 3.376392
0.017746
7.433836
1.23400455844156
46.939963,0,18.979012,1.330855,4055,57,0.000787,46.385693,9,1,12
48.797168,0,20.268063,0.722495,4412,51,0.000648,48.327735,12,0,8
46.452019,0,20.000389,0.506404,4173,45,0.002287,45.834757,10,1,4
42.56725,0,15.584245,1.28581,3274,83,0.001049,41.93569,6,0,19
44.104693,0,18.45502,1.061207,3680,64,0.000913,43.446791,9,1,8
45.053609,0,20.108864,1.070683,4404,40,0.000691,44.281339,11,0,9
45.49501,0,18.986323,0.753993,4034,27,0.000686,44.894103,9,0,5
41.664774,0,15.998844,1.062841,3487,58,0.000869,41.116541,8,0,9
