OK
3548.946166
198
Boogie Dump Took : 2.222582
0.102362
172.545575
10.2408023737374
1505.821456,0,24.819069,4.097149,6058,97,0.001556,1505.179174,6,5,16
1258.120803,0,20.100224,4.285968,3839,87,0.00139,1257.413711,6,9,7
864.230071,0,12.521813,3.196843,2728,85,0.00155,863.504619,4,6,12
1516.56591,0,43.1135040000001,4.730202,10200,110,0.00208,1515.837757,11,12,10
1323.594045,0,100.408,11.19546,21371,240,0.006508,1322.342288,23,36,7
24.30631,0,40.8021079999999,8.93002,9371,201,0.00317,23.288345,9,27,12
1467.067904,0,52.77108,6.820367,11699,165,0.003033,1466.179971,11,22,6
609.026859,0,18.510047,2.312612,3799,71,0.001518,608.431116,6,5,6
