OK
262.989526
171
Boogie Dump Took : 1.915528
0.002655
8.461282
1.47237094152047
39.690187,0,21.5185240000001,2.98312,4900,275,0.00512699999999999,39.098659,10,9,11
25.339445,0,24.829023,3.574506,5694,251,0.00383,24.662341,9,9,14
32.164151,0,30.5310859999999,3.24265,7069,282,0.003875,31.389848,12,10,17
45.995649,0,25.356728,3.144443,6071,252,0.003302,45.205092,14,11,8
38.695315,0,28.080252,2.646218,6715,237,0.00533099999999999,38.059639,13,9,8
42.728155,0,34.5597470000001,3.392516,7974,234,0.00349,41.953365,16,8,14
42.50343,0,23.291872,3.14573,5770,269,0.004674,41.892761,11,10,8
21.447109,0,24.735763,4.080375,5537,268,0.00381499999999999,20.761081,10,10,15
