OK
303.042089
29
Boogie Dump Took : 1.286556
0.040186
24.154893
1.81823210344828
272.471439,0,1.899109,0.233856,870,22,0.000829,272.008644,4,0,5
290.852308,0,1.564826,0.202512,639,14,0.000529,290.356171,4,0,3
288.140579,0,1.503045,0.240605,664,16,0.000463,287.603282,4,0,4
86.399865,0,1.971093,0.219998,692,14,0.000435,85.918217,4,0,3
292.475938,0,1.190791,0.23568,428,12,0.000408,291.961031,3,0,3
46.899301,0,1.893881,0.237814,792,16,0.000551,46.363825,4,0,4
294.619856,0,1.468277,0.24787,556,18,0.000668,294.131921,3,0,5
282.618026,0,1.275855,0.206296,547,10,0.000414,282.121334,3,0,2
