OK
1583.84225
621
Boogie Dump Took : 2.071115
0.003417
38.804516
2.50988814009662
319.377247,0,39.4050010000003,12.930005,8756,499,0.00451099999999999,317.878339,15,67,10
306.629652,0,42.0721650000002,10.780796,8821,491,0.00453099999999999,305.104616,14,62,14
319.040765,0,29.274678,14.76663,7130,580,0.00782099999999998,317.755598,11,77,10
305.198307,0,37.762455,7.090895,7290,382,0.00592499999999999,303.832594,12,56,14
330.530253,0,28.543183,10.935595,7642,498,0.009844,329.023483,10,67,9
312.223649,0,34.1845549999999,8.231853,8056,372,0.013179,310.939105,17,51,21
345.358143,0,38.3146750000002,8.78348,7905,458,0.00657399999999998,344.055884,12,67,12
330.142008,0,26.3287540000001,13.685822,6664,558,0.00769499999999998,328.858462,8,75,9
