OK
1280.078308
539
Boogie Dump Took : 2.195922
0.004421
43.271122
2.29134428942486
134.33622,0,66.5583729999997,36.269871,18150,587,0.01213,132.979508,19,54,14
146.335611,0,66.5448740000003,28.727276,18972,541,0.00923,145.180806,18,49,9
139.480516,0,62.3296819999999,26.819493,17352,676,0.010065,137.587701,13,55,18
120.344275,0,64.4191079999995,30.396941,17539,687,0.00907199999999997,118.742555,13,48,30
138.008392,0,64.307427,23.136559,18001,530,0.00568299999999998,136.775011,16,48,11
131.873519,0,59.941906,34.173754,15998,632,0.011463,130.210981,15,55,23
125.43572,0,69.7675749999998,25.06325,19081,600,0.0264380000000001,124.193639,18,50,11
180.605784,0,61.8260559999999,30.014978,16966,653,0.00863499999999998,179.101417,15,53,11
