OK
304.971049
29
Boogie Dump Took : 1.351268
0.005333
30.069265
2.01935331034483
297.621391,0,1.654324,0.226874,562,15,0.00042,297.166853,3,0,4
292.364051,0,1.743187,0.195058,639,25,0.000522,291.895482,4,0,3
292.167026,0,1.666331,0.22879,664,16,0.000431,291.675914,4,0,4
293.254117,0,1.321625,0.244431,428,12,0.000376,292.737685,3,0,3
52.065674,0,1.886029,0.317651,795,17,0.000385,51.490638,4,0,4
158.238662,0,1.788892,0.191812,692,14,0.000386,157.732679,4,0,3
266.899731,0,1.997925,0.283884,850,22,0.000452,266.346329,4,0,6
289.009202,0,1.304964,0.19472,547,10,0.000337,288.409596,3,0,2
