OK
672.30259
150
Boogie Dump Took : 1.181115
0.000467
43.378182
4.24945786
181.435882,0,41.4767220000001,4.38919,15449,251,0.005677,180.886278,20,9,17
206.010101,0,38.972514,3.390407,15051,152,0.001478,205.161226,18,10,11
223.680948,0,41.7463940000001,3.319542,15714,227,0.0986890000000002,223.160375,16,4,18
231.936095,0,39.143558,3.20865,14497,277,0.11349,231.458961,15,7,21
208.044116,0,36.3302459999998,4.735152,14200,184,0.087908,207.521536,15,12,18
257.907465,0,32.8979589999999,3.853244,12767,235,0.065202,257.476325,14,10,13
