OK
433.909397
133
Boogie Dump Took : 0.863093
0.000902
36.817077
3.15905620300752
114.531279,0,30.0137299999998,0.747994,6982,130,0.001615,114.111537,22,6,19
113.466428,0,13.7516239999999,0.714769,3831,89,0.001017,113.12112,12,8,15
107.030755,0,17.979017,0.513391,4934,75,0.000766,106.68054,16,5,13
78.918017,0,20.814479,0.847923,5498,115,0.001223,78.366495,17,5,25
119.722026,0,16.417841,0.6339,4574,92,0.013718,119.354924,14,8,11
103.226757,0,17.2632979999999,0.566555,4761,79,0.000931,102.818023,15,5,13
