OK
520.705374
87
Boogie Dump Took : 0.886315
0.007734
26.101529
5.73520654022989
292.726094,0,33.0823260000001,2.855104,13138,161,0.016143,292.284878,15,2,11
273.952709,0,39.720223,1.428795,15179,56,0.017546,273.561511,17,0,10
285.035347,0,34.888042,2.196862,13225,100,0.031102,284.637224,16,2,8
275.405712,0,20.9358830000001,8.634195,10084,306,0.269059,274.812883,7,0,31
278.634998,0,33.5481020000001,2.808237,13371,135,0.154728000000001,278.218817,11,1,13
270.520505,0,37.8333910000001,1.973172,15164,77,0.0323039999999999,270.05515,16,0,9
