OK
853.724811
126
Boogie Dump Took : 2.829472
0.004448
44.293023
6.0137385
191.14707,0,65.6335120000002,4.211036,15751,131,0.026434,190.213045,12,5,8
187.81898,0,67.610739,7.233001,16870,97,0.031135,187.19755,15,7,8
183.307854,0,67.5120510000004,3.432849,16344,81,0.052326,182.092568,14,5,5
51.181066,0,55.5550399999999,28.477195,13004,350,0.29083,50.360979,7,13,45
170.336037,0,61.05883,19.179771,14932,129,0.113082,169.624779,16,13,9
107.616933,0,79.7848000000002,3.288402,19052,63,0.044255,107.105185,17,2,6
