OK
817.884881
156
Boogie Dump Took : 1.468781
0.017188
42.57915
4.98084833333334
233.213543,0,50.9169359999999,5.213288,20538,145,0.027557,232.665194,18,5,17
222.528087,0,46.2251120000001,7.441547,19516,238,0.141092,221.963064,14,5,30
209.497014,0,53.3289040000001,7.36828,21755,176,0.085033,208.92204,17,11,26
287.30393,0,52.2296759999997,5.015329,21072,95,0.055041,286.801443,18,4,19
221.114309,0,62.8063929999997,4.484598,24552,105,0.094018,220.622596,24,9,9
217.403448,0,54.5179510000003,6.213712,22067,110,0.050681,216.832195,21,10,11
