OK
844.508381
156
Boogie Dump Took : 1.464676
0.013328
43.363014
5.12987117948718
221.383366,0,69.515579,9.712071,26836,110,0.068766,220.836144,24,4,17
237.216048,0,68.4331580000002,6.244347,26702,132,0.040438,236.659899,22,6,15
208.011548,0,74.890897,10.204179,29200,186,0.060838,207.411596,22,7,30
275.528302,0,60.6288170000001,9.731981,22739,107,0.051192,274.930325,20,5,22
211.727329,0,60.4022610000003,11.542375,23749,190,0.097986,211.154948,18,5,25
239.685876,0,65.328569,7.737282,25907,128,0.07715,239.158587,19,4,16
