OK
613.834178
162
Boogie Dump Took : 2.139383
0.032321
22.8365
3.68676448765432
93.808764,0,58.624581,7.262528,15005,206,0.00185,92.403247,15,6,14
89.546063,0,58.0936730000001,7.627486,15034,193,0.002151,88.167715,14,5,15
92.640152,0,44.0586899999998,11.433008,11707,154,0.001226,91.315344,11,5,19
98.919747,0,53.3713130000002,9.253798,14046,156,0.001284,97.720843,13,5,18
97.435181,0,60.4901459999999,8.042427,15087,257,0.002442,95.7987,15,6,16
92.701657,0,61.7019439999995,7.295746,15816,210,0.002113,91.33112,15,8,10
97.185117,0,71.3257550000004,5.813726,18113,244,0.003301,95.666649,18,5,11
99.525108,0,53.1260190000001,8.384317,14054,215,0.003217,98.326895,13,8,11
