OK
927.398915
187
Boogie Dump Took : 2.130018
0.004526
33.758359
4.82537980748663
61.01887,0,60.8398149999999,12.19985,14755,181,0.001877,59.906542,11,11,14
67.466154,0,74.6347169999998,8.92579699999999,16798,238,0.002494,66.198778,15,11,7
65.409105,0,66.8275089999998,11.060387,14679,279,0.002263,64.009083,15,8,15
51.497484,0,69.7412490000003,11.557061,16517,220,0.001989,50.209727,13,12,15
68.832011,0,54.2137799999999,12.592303,12877,278,0.002603,67.366424,11,15,13
72.567036,0,51.4142350000002,11.807848,12352,227,0.012025,71.215853,10,11,16
61.996379,0,84.8723759999997,10.334601,18515,199,0.00975999999999999,60.688822,16,11,6
71.784651,0,49.6068860000001,13.289943,12349,166,0.00456799999999999,70.620753,9,8,14
