OK
565.302485
166
Boogie Dump Took : 2.178879
0.012707
29.699216
3.2054711626506
53.56134,0,47.9500149999999,5.782303,11227,162,0.001613,52.49101,12,11,11
46.371228,0,47.0286659999998,4.107808,11286,144,0.001612,45.142985,12,4,13
64.621822,0,49.6124019999999,5.779617,11444,126,0.001079,63.341862,16,12,12
72.370498,0,36.6785369999999,3.833681,8422,127,0.002635,71.374936,12,5,11
64.173981,0,44.3445969999999,6.229899,10325,147,0.003239,62.857398,12,10,19
48.726651,0,37.5158990000001,6.369028,9393,167,0.00908300000000004,47.535618,9,11,15
67.741853,0,44.3938379999999,5.020257,10389,129,0.001122,66.731768,12,9,7
45.619811,0,39.2489200000001,5.084206,9601,126,0.001399,44.510709,10,9,7
