OK
435.335389
143
Boogie Dump Took : 1.978613
0.014831
18.399683
2.8957691048951
38.878875,0,37.2647120000002,3.394958,9073,134,0.404784,37.667795,13,8,8
35.791847,0,32.3933639999999,3.285112,8249,153,0.001177,34.46447,11,8,9
41.82369,0,27.258258,3.263871,6996,152,0.00263,40.751444,9,8,14
56.400101,0,30.7244339999999,3.333591,7538,128,0.001173,55.22252,10,8,13
47.710731,0,27.801014,2.687485,7048,124,0.001199,46.775214,8,6,9
49.814061,0,29.9313860000001,3.175011,7518,119,0.00416,48.688856,9,6,11
38.346739,0,35.0998060000002,3.773187,8634,129,0.00137,37.373456,12,9,10
40.925022,0,27.1896999999999,3.490457,6925,132,0.00147,39.972518,9,9,7
