OK
18.607959
22
Boogie Dump Took : 3.767137
0.001247
1.822332
0.576514954545455
7.208467,0,4.088976,0.455866,397,12,0.000314,6.60671,2,0,5
5.767948,0,5.164861,0.309277,589,21,0.000481,5.197889,3,0,2
5.049481,0,5.44658400000001,0.293968,684,15,0.015537,4.515904,3,1,2
3.79193,0,6.07557,0.588287,835,28,0.000509,3.165995,3,0,6
6.676088,0,5.12345100000001,0.312455,582,13,0.000363,6.037303,2,0,2
6.847559,0,5.02971299999999,0.335588,568,12,0.009872,6.246027,2,0,2
6.933868,0,5.52945599999999,0.266395,639,7,0.000582,6.464767,3,1,0
6.198924,0,5.075404,0.317884,576,12,0.000462,5.697107,2,0,1
