OK
18.229154
23
Boogie Dump Took : 3.791961
0.010846
2.283861
0.530132304347826
5.234612,0,4.34608899999999,0.445096,553,15,0.000334,4.682971,2,0,3
6.293127,0,5.712983,0.281113,646,14,0.007321,5.759503,4,0,2
4.087534,0,4.057984,0.729516,544,31,0.000725,3.571504,2,0,11
4.529708,0,5.391133,0.335437,681,12,0.000369,4.052827,3,0,3
3.772535,0,6.416203,0.349667,870,15,0.000674,3.263495,3,0,1
5.924591,0,4.871372,0.343325,572,12,0.000423,5.430614,2,0,1
6.81789,0,5.120425,0.209288,610,5,0.000496,6.349575,3,1,0
5.972369,0,4.914907,0.29039,560,13,0.000745,5.504767,2,1,0
