OK
18.102213
21
Boogie Dump Took : 3.623106
0.102266
2.505709
0.576474666666667
4.221832,0,4.72525,0.305153,623,17,0.000363,3.733016,2,0,2
6.377755,0,5.77573000000001,0.310969,628,14,0.000331,5.830431,4,0,2
3.127375,0,3.711689,0.696785,581,33,0.000438,2.436496,2,0,10
5.129259,0,5.392585,0.300294,699,12,0.000511,4.602232,3,0,3
4.298432,0,6.415637,0.242034,912,14,0.000386,3.741125,3,0,1
6.250384,0,4.798114,0.44897,582,11,0.000343,5.767965,2,0,1
4.52115,0,4.23508,0.347936,435,15,0.000817,4.035948,2,0,1
5.661755,0,5.07681,0.357897,570,13,0.000385,5.197341,2,1,0
