OK
1202.011301
135
Boogie Dump Took : 4.36566
0.136277
65.061628
6.64737288888889
302.528184,0,79.9331689999996,29.704329,9707,160,0.001235,301.186946,8,13,11
265.961,0,51.142387,35.724159,6499,190,0.00455599999999999,264.746888,4,13,13
14.218799,0,141.684346,1.522396,15118,69,0.00466899999999999,13.506848,11,1,7
233.787023,0,90.8673629999999,11.593673,11249,135,0.004932,232.864135,9,9,6
135.686456,0,76.9817040000003,14.804592,9825,161,0.001307,134.412724,5,9,7
267.363382,0,73.48191,15.791958,8964,172,0.002974,266.314754,5,12,9
95.071668,0,84.3785039999996,25.091736,10432,209,0.012511,93.625456,8,17,5
60.168161,0,137.812532,0.973237,13483,63,0.00086,59.412047,11,0,3
