OK
1032.638135
144
Boogie Dump Took : 1.662772
0.008501
114.313894
6.98850423611111
54.635953,0,49.9401550000002,4.442773,12857,166,0.001362,53.602925,17,2,18
41.726146,0,38.6881199999999,4.687075,10508,167,0.001414,40.530356,16,5,17
47.645044,0,32.4307109999999,4.192931,8404,144,0.00447099999999999,46.468094,14,3,15
39.157104,0,34.912128,5.745909,9803,192,0.014021,37.898889,17,4,17
36.838881,0,31.79752,3.641374,9364,153,0.00495899999999999,35.828046,9,2,11
36.605405,0,30.0206230000001,3.51257,7817,142,0.001319,35.56271,14,3,8
22.314716,0,38.6316710000002,5.641695,10527,143,0.008024,21.286308,15,2,22
41.384897,0,42.914396,5.416966,11093,185,0.015743,40.241371,16,5,10
