OK
3147.341155
310
Boogie Dump Took : 2.058771
0.003499
89.993117
10.0054828677419
250.660355,0,73.7227019999995,27.580272,24910,527,0.00812399999999999,248.035985,15,24,17
217.893238,0,61.9169589999999,21.482789,21522,493,0.007411,215.180517,15,26,14
218.875356,0,71.86008,27.81667,24730,493,0.014762,216.479828,15,24,18
228.180137,0,62.3304350000003,17.526929,21994,411,0.00342199999999999,225.896178,13,20,17
208.867763,0,74.0579409999996,22.839238,25322,545,0.0248310000000002,206.325811,17,23,12
245.31573,0,80.1180170000005,17.37504,27134,440,0.003959,243.053461,18,21,13
221.906499,0,70.405058,17.964706,24432,391,0.021664,219.856363,16,18,15
211.436165,0,60.1657110000002,35.909877,20588,467,0.00760999999999999,209.135459,15,30,18
