OK
1880.631853
238
Boogie Dump Took : 2.38704
0.005745
74.699686
7.73034611764706
181.111651,0,70.8938070000002,23.981615,23646,385,0.0272660000000001,179.156815,15,15,17
182.043282,0,86.1981220000003,20.4248,27549,400,0.022986,180.113536,19,11,23
190.863657,0,65.5532230000002,16.958663,21704,440,0.00438599999999999,188.802419,17,11,19
179.061747,0,88.7679469999998,17.736685,28568,322,0.00818699999999999,177.211893,22,10,20
198.692393,0,72.0748669999999,18.146523,23586,383,0.00454299999999999,196.42802,18,13,16
154.096455,0,83.3136319999997,24.320672,27215,363,0.002708,152.026428,16,13,18
174.572269,0,82.9762949999999,18.684016,26938,343,0.016666,172.606386,20,11,13
178.072801,0,65.941749,24.811375,22343,322,0.010555,176.217596,13,14,14
