OK
634.377206
145
Boogie Dump Took : 1.667179
0.057492
23.853262
4.13003513103448
73.545902,0,36.6723979999999,16.113467,12409,139,0.008202,72.490998,7,9,15
33.400659,0,50.9480480000002,8.532933,16763,124,0.001153,32.325479,12,6,9
52.76164,0,38.565186,9.812416,12762,128,0.015378,51.828147,10,6,11
45.620543,0,42.4422290000002,8.398358,14287,137,0.012657,44.397451,10,6,15
39.966166,0,44.6978330000002,9.541192,15045,155,0.00905400000000002,38.707384,10,10,6
51.946294,0,37.8490239999999,9.748753,12959,135,0.00591599999999999,50.889359,8,9,7
62.216818,0,35.6559730000001,8.535326,12152,149,0.001221,60.827364,11,9,7
49.982821,0,39.668084,12.599933,13207,148,0.00678899999999999,48.827959,10,12,8
