OK
758.488449
139
Boogie Dump Took : 1.485204
0.003023
38.826941
4.96527357553957
56.92695,0,48.6614339999998,13.988584,15042,87,0.004603,55.771487,13,5,15
94.488885,0,42.0085920000002,14.268264,12486,105,0.000928,93.150385,12,6,12
59.894576,0,43.1866519999999,11.756564,13698,104,0.014312,58.75045,11,8,15
73.041677,0,46.6994450000002,7.337777,14172,99,0.000912999999999999,72.005405,12,4,11
58.407165,0,40.6258150000001,12.205655,12346,106,0.000895,57.330937,9,8,12
97.553902,0,48.8686310000001,3.994388,14527,94,0.000870999999999999,96.502519,11,5,8
55.248775,0,46.403083,8.572566,14325,70,0.016299,54.27132,15,6,8
29.832615,0,39.9208039999999,10.633621,13003,97,0.106121,28.771635,8,6,10
