OK
1543.730749
198
Boogie Dump Took : 1.730231
0.001439
53.079241
7.63765014141414
77.960475,0,42.6180840000001,16.452569,14385,470,0.00712699999999999,76.190948,9,12,13
61.700085,0,49.874781,19.101416,16313,452,0.038871,59.598929,14,13,13
68.779415,0,51.9845499999998,12.526512,17516,456,0.0248130000000001,66.810265,12,12,9
58.14593,0,74.2949369999999,14.400218,24446,420,0.013439,55.982787,23,13,14
68.545773,0,52.7722099999997,16.263144,17827,488,0.013025,66.26334,13,15,10
65.297675,0,45.1662410000001,18.161234,15140,460,0.00913,62.957021,10,10,20
60.426037,0,46.3242300000001,15.442101,15747,442,0.009008,58.354693,10,10,16
84.998873,0,48.9530150000001,12.599752,16345,393,0.00280500000000001,83.171422,12,10,8
