OK
1182.233333
226
Boogie Dump Took : 1.573765
0.008067
152.435514
5.14956930530973
124.853187,0,71.4763760000002,9.38462,26121,290,0.00358099999999999,122.729376,24,2,30
104.449952,0,69.1494090000005,6.399197,25951,208,0.002039,102.894531,30,4,21
85.660768,0,65.7429130000001,8.997905,23583,348,0.0192910000000001,83.625305,24,6,25
101.782426,0,44.5133150000001,6.543839,16640,276,0.012333,99.95658,17,4,25
124.069802,0,60.1110649999996,8.501665,22002,305,0.00735899999999999,121.920327,22,4,24
102.495468,0,78.139797,8.372541,28337,266,0.005163,100.755969,29,5,20
121.567491,0,72.1127339999999,8.516162,26966,299,0.010064,119.487857,26,6,22
130.980855,0,65.3071480000002,9.56688600000001,24225,273,0.002455,129.202441,21,2,26
