OK
1531.659137
143
Boogie Dump Took : 3.65778
0.0173
81.736421
10.3388943286713
114.848557,0,31.074674,4.837123,7200,196,0.001429,113.72125,5,8,8
89.519042,0,43.8871280000002,4.599305,9932,182,0.001697,88.469113,7,11,4
106.28331,0,42.1063749999999,4.820428,9480,233,0.00413299999999999,104.923811,12,8,11
86.67582,0,43.792064,6.232651,9744,183,0.01105,85.482441,9,8,16
124.051648,0,43.0711029999999,5.401009,9980,199,0.013373,122.6082,13,9,6
86.418541,0,33.5129400000002,6.122491,7393,203,0.029144,85.032765,10,9,10
124.392547,0,37.4742529999999,4.623004,8360,288,0.002367,123.093649,7,9,5
79.300665,0,41.3820980000001,6.214653,9314,234,0.001836,78.012701,9,9,12
