OK
606.235847
113
Boogie Dump Took : 3.471817
0.010511
38.233331
5.0896650619469
125.334328,0,60.4981469999995,8.379466,11902,191,0.020061,124.083175,12,2,15
88.489118,0,65.6901250000001,4.214732,12946,213,0.003171,87.349314,12,2,8
109.036194,0,73.3049859999998,5.691423,13709,216,0.002034,107.722111,14,2,10
113.113518,0,72.4223119999996,7.372939,13641,207,0.010402,111.772586,12,2,21
111.538384,0,69.2570099999999,4.811727,13047,183,0.009556,110.49955,12,2,8
117.301445,0,71.5690520000002,4.477689,13607,156,0.006752,116.185532,12,2,8
114.304493,0,62.8052690000001,9.10572,12202,153,0.003148,113.161208,10,4,14
104.669981,0,67.8272620000002,7.150532,13181,128,0.001111,103.590253,11,2,11
