OK
96.589542
102
Boogie Dump Took : 3.465591
0.005265
3.795898
0.849875607843137
34.780913,0,15.50204,1.562733,5850,45,0.000739,33.681358,15,0,13
35.241646,0,13.786871,1.504157,5555,50,0.000962,34.277622,11,0,17
27.84943,0,13.692056,1.510579,5737,42,0.000603,26.870057,12,0,13
29.112126,0,15.204829,1.546344,6222,45,0.000616,27.850552,16,1,9
31.144917,0,16.593744,1.007648,6283,46,0.000564,30.472509,13,0,12
27.771372,0,15.618955,1.012467,6195,45,0.001545,26.85254,12,0,11
26.315819,0,13.335733,1.849537,5203,63,0.000638,25.456149,12,0,17
30.101458,0,11.706277,1.22668,4632,46,0.003919,29.238479,10,0,9
