OK
274.484305
104
Boogie Dump Took : 1.397008
0.00151
9.864543
2.486333375
81.008736,0,30.3884860000001,2.335641,12520,58,0.000605,80.20655,14,0,12
91.72637,0,23.208729,2.953865,10284,60,0.000659,90.924064,12,0,14
70.982271,0,22.165741,2.689838,9801,41,0.000479,70.211094,13,1,10
66.177869,0,23.327791,4.275635,10346,71,0.001742,65.20982,12,1,16
81.234612,0,18.3704509999999,4.252104,8375,62,0.000592,80.31409,8,1,19
86.592265,0,21.179591,2.801078,9047,56,0.000616,85.576711,12,1,11
84.495464,0,25.2380099999999,2.247034,10815,37,0.002697,83.61174,16,0,9
81.574361,0,26.756927,2.722737,11309,48,0.004346,80.747305,13,0,9
