OK
493.759045
162
Boogie Dump Took : 4.076965
0.006529
21.68545
2.87814193209876
75.978895,0,49.1136320000001,3.962244,9516,159,0.005358,74.797522,17,1,20
62.121704,0,63.3908759999998,2.939264,12186,183,0.00142,60.635004,20,1,20
45.343451,0,61.6669970000003,3.231659,12351,157,0.00679299999999999,43.966411,20,4,13
70.386084,0,48.5984299999999,3.354333,9592,165,0.011735,68.849345,16,1,18
60.936988,0,54.9557369999998,2.812664,11268,146,0.001228,59.811105,19,1,19
63.41031,0,52.8052189999997,4.231234,10633,146,0.00115,62.245935,18,1,26
60.506307,0,58.189297,3.953514,11450,142,0.001187,59.354345,20,3,17
58.532349,0,55.3563590000002,3.212789,11023,140,0.003235,57.355119,19,1,16
