OK
647.011473
132
Boogie Dump Took : 1.749063
0.020359
21.7641
4.68143966666667
68.106012,0,22.3083219999999,5.789453,5209,292,0.01097,66.790203,7,7,14
54.213212,0,29.49243,4.277458,6596,321,0.00621399999999999,52.567458,10,6,7
79.920511,0,24.512279,6.289588,5550,314,0.003593,78.33542,8,10,10
56.872342,0,39.0369249999999,4.009052,8688,310,0.00224,55.572458,11,7,8
53.746282,0,25.192757,4.019969,6166,334,0.006018,52.421148,9,6,8
65.141467,0,31.748832,4.623796,7395,311,0.002499,63.796719,10,9,9
80.462993,0,25.8228750000002,3.03106,5912,303,0.00473199999999999,79.243956,7,7,7
61.825392,0,31.079702,4.815694,7053,261,0.001884,60.528765,7,11,6
