OK
1668.792265
224
Boogie Dump Took : 1.997615
0.00173
81.847237
7.01620769196428
245.104411,0,111.620741000001,25.419445,32620,226,0.016228,243.566547,18,11,18
223.17359,0,90.4772099999999,23.822127,26980,237,0.006242,221.327613,16,16,12
297.859208,0,91.6201659999998,26.342684,28441,200,0.010622,296.073055,16,14,9
240.911534,0,92.6999990000011,30.328253,28251,225,0.001852,238.909243,13,13,24
255.243684,0,99.209631,27.964954,29752,229,0.001809,253.53117,16,9,14
271.093166,0,84.469943,27.991417,26414,212,0.0166240000000001,269.411212,12,11,16
299.877179,0,88.4814979999997,31.345326,26656,228,0.00183700000000001,298.062495,15,14,18
221.487444,0,103.23699,27.400177,30100,221,0.00334099999999999,219.70303,18,12,13
