OK
8.577408
13
Boogie Dump Took : 1.417657
0.127824
0.802721
0.484456692307692
6.659248,0,0.394717,0.156123,34,4,0.000317,6.220865,1,0,1
5.504277,0,0.413615,0.189481,68,22,0.000397,4.963512,2,0,3
5.996242,0,0.431095,0.156151,65,4,0.000356,5.559064,2,0,1
5.537796,0,0.491086,0.181856,95,11,0.000338,4.960919,2,0,4
5.946378,0,0.44854,0.151705,71,6,0.000297,5.528641,2,0,1
5.805062,0,0.516285,0.196686,85,5,0.000404,5.269692,2,0,1
6.335282,0,0.330496,0.171475,42,3,0.00045,5.862129,1,0,1
6.308723,0,0.315558,0.169544,44,2,0.012685,5.788905,1,0,1
