75395072
73628

87527424
85476

98631680
96320

111165440
108560

115687424
112976

120680448
117852

140685312
137388

154804224
151176

155328512
151688

161370112
157588

165761024
161876

174788608
170692

174788608
170692

186138624
181776

186662912
182288

206258176
201424

211234816
206284

214970368
209932

219217920
214080

226390016
221084

231489536
226064

231489536
226064

234307584
228816

268959744
262656

268959744
262656

268959744
262656

274833408
268392

285556736
278864

285556736
278864

285691904
278996

290107392
283308

292343808
285492

292786176
285924

294146048
287252

296493056
289544

297541632
290568

310382592
303108

310382592
303108

310382592
303108

310382592
303108

310382592
303108

312557568
305232

313413632
306068

316751872
309328

318226432
310768

318226432
310768

329383936
321664

329383936
321664

342450176
334424

342450176
334424

342450176
334424

342450176
334424

342450176
334424

342450176
334424

342450176
334424

343498752
335448

344547328
336472

345231360
337140

347029504
338896

348078080
339920

356466688
348112

357515264
349136

359612416
351184

367308800
358700

367308800
358700

367308800
358700

369823744
361156

370102272
361428

378540032
369668

391135232
381968

391135232
381968

391135232
381968

391135232
381968

391135232
381968

391135232
381968

391135232
381968

392183808
382992

393019392
383808

395325440
386060

398118912
388788

400117760
390740

407724032
398168

410112000
400500

410112000
400500

411004928
401372

417652736
407864

417652736
407864

419254272
409428

424038400
414100

432427008
422292

432427008
422292

433475584
423316

439767040
429460

441225216
430884

442273792
431908

442273792
431908

447311872
436828

448241664
437736

453574656
442944

454225920
443580

456634368
445932

459636736
448864

466579456
455644

466579456
455644

471179264
460136

471179264
460136

471179264
460136

471179264
460136

472838144
461756

476581888
465412

476581888
465412

479027200
467800

479547392
468308

484814848
473452

484814848
473452

485863424
474476

486694912
475288

487108608
475692

488157184
476716

488157184
476716

488157184
476716

488157184
476716

488157184
476716

488157184
476716

488333312
476888

489140224
477676

489865216
478384

489865216
478384

490414080
478920

490414080
478920

490414080
478920

490577920
479080

491380736
479864

491651072
480128

491651072
480128

491651072
480128

492150784
480616

492150784
480616

493199360
481640

494247936
482664

494247936
482664

494247936
482664

494247936
482664

494247936
482664

494247936
482664

494247936
482664

494247936
482664

494247936
482664

494247936
482664

494247936
482664

494247936
482664

494247936
482664

494247936
482664

494247936
482664

494247936
482664

494247936
482664

494469120
482880

494469120
482880

494469120
482880

494469120
482880

494469120
482880

494469120
482880

494690304
483096

494690304
483096

494690304
483096

494854144
483256

494854144
483256

494854144
483256

495112192
483508

495636480
484020

495636480
484020

498675712
486988

498675712
486988

503287808
491492

503812096
492004

503812096
492004

504373248
492552

504897536
493064

504897536
493064

504897536
493064

504897536
493064

506060800
494200

506060800
494200

508645376
496724

509693952
497748

509693952
497748

510742528
498772

511246336
499264

511246336
499264

511246336
499264

511246336
499264

511246336
499264

511246336
499264

511246336
499264

511246336
499264

511246336
499264

511246336
499264

511246336
499264

511246336
499264

511246336
499264

511246336
499264

512294912
500288

512294912
500288

512294912
500288

512294912
500288

512294912
500288

512294912
500288

512491520
500480

512491520
500480

512491520
500480

512491520
500480

512491520
500480

513880064
501836

513880064
501836

513880064
501836

513880064
501836

520527872
508328

539123712
526488

539123712
526488

539123712
526488

539123712
526488

540172288
527512

540172288
527512

541368320
528680

541368320
528680

541650944
528956

541650944
528956

541650944
528956

585691136
571964

586739712
572988

586739712
572988

586739712
572988

588783616
574984

588943360
575140

592613376
578724

592613376
578724

592613376
578724

594710528
580772

596631552
582648

597680128
583672

597680128
583672

608878592
594608

608878592
594608

609927168
595632

624857088
610212

624857088
610212

624857088
610212

624857088
610212

624857088
610212

624857088
610212

624857088
610212

624857088
610212

624857088
610212

624857088
610212

624857088
610212

624857088
610212

624857088
610212

624857088
610212

624857088
610212

624857088
610212

624857088
610212

624857088
610212

624857088
610212

624857088
610212

624857088
610212

624857088
610212

624857088
610212

624857088
610212

624857088
610212

624857088
610212

624857088
610212

624857088
610212

624857088
610212

624857088
610212

624857088
610212

624857088
610212

624857088
610212

624857088
610212

624857088
610212

624857088
610212

624857088
610212

624857088
610212

624857088
610212

624857088
610212

624857088
610212

624857088
610212

624857088
610212

624857088
610212

624857088
610212

624857088
610212

624857088
610212

624857088
610212

624857088
610212

624857088
610212

624857088
610212

624857088
610212

625905664
611236

625905664
611236

625905664
611236

625905664
611236

625905664
611236

625905664
611236

625905664
611236

625905664
611236

631672832
616868

631672832
616868

631672832
616868

631672832
616868

631672832
616868

631672832
616868

631672832
616868

631672832
616868

631672832
616868

631672832
616868

631672832
616868

631672832
616868

631672832
616868

631672832
616868

631672832
616868

631672832
616868

631672832
616868

631672832
616868

631672832
616868

631672832
616868

631672832
616868

631672832
616868

631672832
616868

631672832
616868

631672832
616868

661069824
645576

661069824
645576

661069824
645576

661069824
645576

661069824
645576

661069824
645576

661069824
645576

661069824
645576

661069824
645576

661069824
645576

661069824
645576

661069824
645576

661069824
645576

661069824
645576

661069824
645576

661069824
645576

661069824
645576

661069824
645576

661069824
645576

661069824
645576

661069824
645576

661069824
645576

661069824
645576

661069824
645576

661069824
645576

661069824
645576

661069824
645576

661069824
645576

661069824
645576

661069824
645576

661069824
645576

661069824
645576

661069824
645576

0

