61702144
60256

96366592
94108

122515456
119644

152399872
148828

163139584
159316

170676224
166676

197287936
192664

212877312
207888

214630400
209600

228380672
223028

232026112
226588

269905920
263580

272265216
265884

292524032
285668

292524032
285668

302166016
295084

306520064
299336

315703296
308304

318451712
310988

327831552
320148

349659136
341464

351899648
343652

354471936
346164

354607104
346296

358060032
349668

373436416
364684

376262656
367444

383713280
374720

385667072
376628

406388736
396864

430551040
420460

430551040
420460

430551040
420460

433229824
423076

433229824
423076

450007040
439460

450007040
439460

453079040
442460

454135808
443492

459403264
448636

468840448
457852

471007232
459968

472055808
460992

473010176
461924

477270016
466084

478318592
467108

478318592
467108

486715392
475308

486715392
475308

489205760
477740

489205760
477740

493039616
481484

494817280
483220

495902720
484280

501157888
489412

508264448
496352

515203072
503128

522428416
510184

523476992
511208

523476992
511208

523476992
511208

525819904
513496

529563648
517152

573362176
559924

574472192
561008

579350528
565772

584716288
571012

584716288
571012

584716288
571012

589537280
575720

591134720
577280

591134720
577280

609320960
595040

615608320
601180

621780992
607208

623931392
609308

629919744
615156

632598528
617772

637181952
622248

640311296
625304

649224192
634008

649224192
634008

650956800
635700

661872640
646360

663855104
648296

663855104
648296

663855104
648296

663855104
648296

692678656
676444

692678656
676444

692678656
676444

701067264
684636

701067264
684636

701067264
684636

709468160
692840

709468160
692840

709468160
692840

709468160
692840

709468160
692840

709468160
692840

720666624
703776

720666624
703776

720666624
703776

720666624
703776

720666624
703776

720666624
703776

720666624
703776

720666624
703776

720666624
703776

720666624
703776

722825216
705884

723288064
706336

723288064
706336

723288064
706336

734486528
717272

734486528
717272

734486528
717272

737837056
720544

749371392
731808

749371392
731808

749371392
731808

749371392
731808

749371392
731808

749371392
731808

753479680
735820

754528256
736844

754528256
736844

754528256
736844

754528256
736844

754528256
736844

756252672
738528

757301248
739552

758087680
740320

758890496
741104

759939072
742128

761790464
743936

762818560
744940

762818560
744940

767332352
749348

767762432
749768

767762432
749768

767762432
749768

767762432
749768

767762432
749768

770383872
752328

775008256
756844

776056832
757868

781770752
763448

782819328
764472

793812992
775208

794525696
775904

796622848
777952

799252480
780520

799682560
780940

799682560
780940

799682560
780940

799682560
780940

806690816
787784

807403520
788480

820002816
800784

820002816
800784

823734272
804428

825831424
806476

828276736
808864

829300736
809864

833691648
814152

840540160
820840

844820480
825020

845533184
825716

845533184
825716

845533184
825716

845533184
825716

846331904
826496

850186240
830260

850571264
830636

855445504
835396

855822336
835764

858968064
838836

861659136
841464

874606592
854108

874606592
854108

874606592
854108

874606592
854108

874606592
854108

874606592
854108

874606592
854108

876703744
856156

877383680
856820

882667520
861980

883019776
862324

886882304
866096

890961920
870080

896274432
875268

896274432
875268

899207168
878132

899731456
878644

901992448
880852

906575872
885328

908673024
887376

908673024
887376

908673024
887376

908673024
887376

908673024
887376

925450240
903760

936648704
914696

936648704
914696

936648704
914696

936648704
914696

945049600
922900

945049600
922900

947146752
924948

947146752
924948

949080064
926836

951177216
928884

951177216
928884

951177216
928884

951177216
928884

951177216
928884

951177216
928884

951177216
928884

952082432
929768

958066688
935612

958066688
935612

960163840
937660

960163840
937660

962826240
940260

968585216
945884

970489856
947744

972587008
949792

972587008
949792

972587008
949792

972587008
949792

972587008
949792

972587008
949792

972587008
949792

972992512
950188

975093760
952240

981340160
958340

982122496
959104

983437312
960388

983437312
960388

983437312
960388

983437312
960388

990674944
967456

990674944
967456

992772096
969504

992772096
969504

992772096
969504

992772096
969504

992772096
969504

992772096
969504

992772096
969504

992772096
969504

1001148416
977684

1001963520
978480

1003245568
979732

1003245568
979732

1003245568
979732

1008455680
984820

1013432320
989680

1020682240
996760

1020682240
996760

1033146368
1008932

1034063872
1009828

1036161024
1011876

1047375872
1022828

1047375872
1022828

1047375872
1022828

1047375872
1022828

1047375872
1022828

1047375872
1022828

1047375872
1022828

1064153088
1039212

1106677760
1080740

1106677760
1080740

1106677760
1080740

1106677760
1080740

1106677760
1080740

1106677760
1080740

1106677760
1080740

1106677760
1080740

1106677760
1080740

1106677760
1080740

1106677760
1080740

1106677760
1080740

1106677760
1080740

1106677760
1080740

1106677760
1080740

1106677760
1080740

1123475456
1097144

1123475456
1097144

1123475456
1097144

1123475456
1097144

1123475456
1097144

1125367808
1098992

1138458624
1111776

1140174848
1113452

1141420032
1114668

1141420032
1114668

1141420032
1114668

1141706752
1114948

1143496704
1116696

1147142144
1120256

1153474560
1126440

1158131712
1130988

1169514496
1142104

1169514496
1142104

1171611648
1144152

1171611648
1144152

1171611648
1144152

1171611648
1144152

1171611648
1144152

1171611648
1144152

1171611648
1144152

1171611648
1144152

1171611648
1144152

1176215552
1148648

1176784896
1149204

1176940544
1149356

1179725824
1152076

1179725824
1152076

1179725824
1152076

1181822976
1154124

1183387648
1155652

1190604800
1162700

1203093504
1174896

1209237504
1180896

1209237504
1180896

1209237504
1180896

1209237504
1180896

1209237504
1180896

1209237504
1180896

1209237504
1180896

1209237504
1180896

1209237504
1180896

1209237504
1180896

1209237504
1180896

1209847808
1181492

1214013440
1185560

1214197760
1185740

1216724992
1188208

1216999424
1188476

1219555328
1190972

1224220672
1195528

1224908800
1196200

1229336576
1200524

1230385152
1201548

1230385152
1201548

1230385152
1201548

1230385152
1201548

1230385152
1201548

1234321408
1205392

1235369984
1206416

1235369984
1206416

1235369984
1206416

1235369984
1206416

1235369984
1206416

1238302720
1209280

1238302720
1209280

1239351296
1210304

1239351296
1210304

1239351296
1210304

1239351296
1210304

1239351296
1210304

1239351296
1210304

1239351296
1210304

1239351296
1210304

1239351296
1210304

1239351296
1210304

1239351296
1210304

1239351296
1210304

1239736320
1210680

1239736320
1210680

1240449024
1211376

1240449024
1211376

1241284608
1212192

1241284608
1212192

1241284608
1212192

1241284608
1212192

1241284608
1212192

1241284608
1212192

1241284608
1212192

1241444352
1212348

1243541504
1214396

1244590080
1215420

1262415872
1232828

1262415872
1232828

1262415872
1232828

1262415872
1232828

1262415872
1232828

1262415872
1232828

1262415872
1232828

1262415872
1232828

1262415872
1232828

1262415872
1232828

1262415872
1232828

1262415872
1232828

1262415872
1232828

1262415872
1232828

1262415872
1232828

1262415872
1232828

1262415872
1232828

1262415872
1232828

1262415872
1232828

1262415872
1232828

1262415872
1232828

1262415872
1232828

1262415872
1232828

1262415872
1232828

1262415872
1232828

1262415872
1232828

1262415872
1232828

1262415872
1232828

1262415872
1232828

1262415872
1232828

1264513024
1234876

1264513024
1234876

1266548736
1236864

1267286016
1237584

1269383168
1239632

1269383168
1239632

1270317056
1240544

1270317056
1240544

1270317056
1240544

1270317056
1240544

1270317056
1240544

1270317056
1240544

1270317056
1240544

1270317056
1240544

1270317056
1240544

1270648832
1240868

1274032128
1244172

1274032128
1244172

1274032128
1244172

1274032128
1244172

1274032128
1244172

1274032128
1244172

1277685760
1247740

1277685760
1247740

1277685760
1247740

1277685760
1247740

1277685760
1247740

1277685760
1247740

1277685760
1247740

1277685760
1247740

1277685760
1247740

1277685760
1247740

1277685760
1247740

1278173184
1248216

1278963712
1248988

1278963712
1248988

1278963712
1248988

1278963712
1248988

1278963712
1248988

1279180800
1249200

1279180800
1249200

1281277952
1251248

1281277952
1251248

1281277952
1251248

1281277952
1251248

1281277952
1251248

1281277952
1251248

1281277952
1251248

1281277952
1251248

1281277952
1251248

1281277952
1251248

1281277952
1251248

1281277952
1251248

1282236416
1252184

1284333568
1254232

1284333568
1254232

1284333568
1254232

1284333568
1254232

1284333568
1254232

1284333568
1254232

1284333568
1254232

1286430720
1256280

1286430720
1256280

1288413184
1258216

1292201984
1261916

1300606976
1270124

1304887296
1274304

1316216832
1285368

1319211008
1288292

1319211008
1288292

1319211008
1288292

1319211008
1288292

1319211008
1288292

1319211008
1288292

1319211008
1288292

1319211008
1288292

1319211008
1288292

1319211008
1288292

1319211008
1288292

1320251392
1289308

1321299968
1290332

1322348544
1291356

1338077184
1306716

1338077184
1306716

1338077184
1306716

1338077184
1306716

1338077184
1306716

1338077184
1306716

1338077184
1306716

1338077184
1306716

1338077184
1306716

1338077184
1306716

1338077184
1306716

1338077184
1306716

1338077184
1306716

1338077184
1306716

1338077184
1306716

1338077184
1306716

1338077184
1306716

1338077184
1306716

1338077184
1306716

1338077184
1306716

1338077184
1306716

1338077184
1306716

1338077184
1306716

1338077184
1306716

1338077184
1306716

1338077184
1306716

1340174336
1308764

1340174336
1308764

1340174336
1308764

1340174336
1308764

1340174336
1308764

1340174336
1308764

1356972032
1325168

1356972032
1325168

1356972032
1325168

1356972032
1325168

1356972032
1325168

1356972032
1325168

1356972032
1325168

1356972032
1325168

1356972032
1325168

1356972032
1325168

1356972032
1325168

1356972032
1325168

1356972032
1325168

1356972032
1325168

1356972032
1325168

1356972032
1325168

1356972032
1325168

1356972032
1325168

1356972032
1325168

1356972032
1325168

1356972032
1325168

1356972032
1325168

1356972032
1325168

1356972032
1325168

1356972032
1325168

1356972032
1325168

1356972032
1325168

1356972032
1325168

1356972032
1325168

1356972032
1325168

1356972032
1325168

1356972032
1325168

1356972032
1325168

1358807040
1326960

1358807040
1326960

1358807040
1326960

1358807040
1326960

1360904192
1329008

1360904192
1329008

1363001344
1331056

1365393408
1333392

1365626880
1333620

1365626880
1333620

1365626880
1333620

1365626880
1333620

1365626880
1333620

1367298048
1335252

1367633920
1335580

1368682496
1336604

1368682496
1336604

1369530368
1337432

1370095616
1337984

1370808320
1338680

1372364800
1340200

1372364800
1340200

1373298688
1341112

1373298688
1341112

1373298688
1341112

1373298688
1341112

1373298688
1341112

1373298688
1341112

1373614080
1341420

1373835264
1341636

1374154752
1341948

1374547968
1342332

1374769152
1342548

1375481856
1343244

1375481856
1343244

1375481856
1343244

1376280576
1344024

1376280576
1344024

1376280576
1344024

1376280576
1344024

1376280576
1344024

1376280576
1344024

1376280576
1344024

1377636352
1345348

1377636352
1345348

1377636352
1345348

1377636352
1345348

1377636352
1345348

1377636352
1345348

1377636352
1345348

1377636352
1345348

1379733504
1347396

1379733504
1347396

1379733504
1347396

1379733504
1347396

1379733504
1347396

1379733504
1347396

1379733504
1347396

1379733504
1347396

1379733504
1347396

1379733504
1347396

1379733504
1347396

1379733504
1347396

1379733504
1347396

1379733504
1347396

1379733504
1347396

1379733504
1347396

1379733504
1347396

1379733504
1347396

1379733504
1347396

1379733504
1347396

1379733504
1347396

1379733504
1347396

1379733504
1347396

1380716544
1348356

1380716544
1348356

1380716544
1348356

1380716544
1348356

1381072896
1348704

1381072896
1348704

1381072896
1348704

1381072896
1348704

1381072896
1348704

1386348544
1353856

1390157824
1357576

1394753536
1362064

1398603776
1365824

1403711488
1370812

1404882944
1371956

1404882944
1371956

1404882944
1371956

1404882944
1371956

1404882944
1371956

1404882944
1371956

1404882944
1371956

1404882944
1371956

1404882944
1371956

1404882944
1371956

1404882944
1371956

1408757760
1375740

1408757760
1375740

1408757760
1375740

1408757760
1375740

1408757760
1375740

1408757760
1375740

1408757760
1375740

1413677056
1380544

1413677056
1380544

1413677056
1380544

1413677056
1380544

1413677056
1380544

1413677056
1380544

1413677056
1380544

1413677056
1380544

1413677056
1380544

1413677056
1380544

1413677056
1380544

1413677056
1380544

1413677056
1380544

1415561216
1382384

1415561216
1382384

1415561216
1382384

1415561216
1382384

1415561216
1382384

1415561216
1382384

1415561216
1382384

1415561216
1382384

1415561216
1382384

1415561216
1382384

1415802880
1382620

1415802880
1382620

1415802880
1382620

1415802880
1382620

1415802880
1382620

1415802880
1382620

1415802880
1382620

1415802880
1382620

1415802880
1382620

1415802880
1382620

1415802880
1382620

1415802880
1382620

1415802880
1382620

1415802880
1382620

1415802880
1382620

1415802880
1382620

1415802880
1382620

1415802880
1382620

1415802880
1382620

1415802880
1382620

1415802880
1382620

1415802880
1382620

1415802880
1382620

1415802880
1382620

1415802880
1382620

1415802880
1382620

1415802880
1382620

1415802880
1382620

1415802880
1382620

1415802880
1382620

1415802880
1382620

1415802880
1382620

1415802880
1382620

1415802880
1382620

1415802880
1382620

1415802880
1382620

1415802880
1382620

1415802880
1382620

1415802880
1382620

1415802880
1382620

1415802880
1382620

1415802880
1382620

1416560640
1383360

1416777728
1383572

1417826304
1384596

1417826304
1384596

1417826304
1384596

1417826304
1384596

1417826304
1384596

1420107776
1386824

1420107776
1386824

1420107776
1386824

1420107776
1386824

1420107776
1386824

1420107776
1386824

1420107776
1386824

1420107776
1386824

1420107776
1386824

1420107776
1386824

1420107776
1386824

1420107776
1386824

1420107776
1386824

1420107776
1386824

1420861440
1387560

1420861440
1387560

1420861440
1387560

1420861440
1387560

1420861440
1387560

1420861440
1387560

1420861440
1387560

1420861440
1387560

1420861440
1387560

1420861440
1387560

1420861440
1387560

1420861440
1387560

1420861440
1387560

1420861440
1387560

1420861440
1387560

1423740928
1390372

1424457728
1391072

1424457728
1391072

1424818176
1391424

1424818176
1391424

1424818176
1391424

1424818176
1391424

1424818176
1391424

1424818176
1391424

1424818176
1391424

1424818176
1391424

1424818176
1391424

1424818176
1391424

1424818176
1391424

1424818176
1391424

1424818176
1391424

1424818176
1391424

1424818176
1391424

1426329600
1392900

1426669568
1393232

1426669568
1393232

1426669568
1393232

1427447808
1393992

1429544960
1396040

1431326720
1397780

1431642112
1398088

1431642112
1398088

1431642112
1398088

1431642112
1398088

1431642112
1398088

1431642112
1398088

1431642112
1398088

1431642112
1398088

1431642112
1398088

1431642112
1398088

1431642112
1398088

1431642112
1398088

1431642112
1398088

1433919488
1400312

1436016640
1402360

1436016640
1402360

1436016640
1402360

1436016640
1402360

1436016640
1402360

1436016640
1402360

1436016640
1402360

1436016640
1402360

1436016640
1402360

1436016640
1402360

1436016640
1402360

1436016640
1402360

1436016640
1402360

1436016640
1402360

1436016640
1402360

1436016640
1402360

1436016640
1402360

1436016640
1402360

1519902720
1484280

1519902720
1484280

1519902720
1484280

1519902720
1484280

1519902720
1484280

1519902720
1484280

1519902720
1484280

1519902720
1484280

1519902720
1484280

1519902720
1484280

1519902720
1484280

1519902720
1484280

1519902720
1484280

1519902720
1484280

1519902720
1484280

1519902720
1484280

1519902720
1484280

1519902720
1484280

1522905088
1487212

1522905088
1487212

1522905088
1487212

1522905088
1487212

1523040256
1487344

1524146176
1488424

1524146176
1488424

1526398976
1490624

1526538240
1490760

1532305408
1496392

1532305408
1496392

1532305408
1496392

1532305408
1496392

1532305408
1496392

1532305408
1496392

1532305408
1496392

1532305408
1496392

1532305408
1496392

1532305408
1496392

1532305408
1496392

1532305408
1496392

1532305408
1496392

1532305408
1496392

1532305408
1496392

1532305408
1496392

1532915712
1496988

1535012864
1499036

1537110016
1501084

1537110016
1501084

1537110016
1501084

1537110016
1501084

1537110016
1501084

1537110016
1501084

1537110016
1501084

1537110016
1501084

1537110016
1501084

1537110016
1501084

1537110016
1501084

1537110016
1501084

1537339392
1501308

1537339392
1501308

1539436544
1503356

1539436544
1503356

1539436544
1503356

1539436544
1503356

1539436544
1503356

1541533696
1505404

1541533696
1505404

1541533696
1505404

1541533696
1505404

1544482816
1508284

1546579968
1510332

1546579968
1510332

0

