OK
569.620781
149
Boogie Dump Took : 1.163082
0.015753
32.189758
3.6585723557047
131.252329,0,39.7868950000001,5.187346,14011,322,0.020043,130.658232,16,9,17
139.591257,0,36.499186,5.767695,13237,388,0.115257,139.121661,17,10,13
138.515608,0,40.2693749999999,5.555472,14223,372,0.0891120000000003,138.038976,18,8,13
154.774914,0,32.3418910000001,6.070106,11584,472,0.0668729999999998,154.129928,11,6,23
138.652448,0,37.9520790000001,5.821734,13399,376,0.0482809999999999,138.078958,19,13,17
104.206436,0,33.521109,2.569686,11734,426,0.00861000000000002,103.772575,12,10,10
