OK
603.084922
294
Boogie Dump Took : 2.678546
0.000413
11.598537
2.00230375510204
58.226321,0,27.916829,8.67462699999999,8471,792,0.0466170000000001,57.59736,14,35,12
48.704346,0,25.625085,9.353816,7863,672,0.0504200000000002,48.11854,14,32,18
63.43988,0,37.891298,6.811819,11315,710,0.0633770000000002,62.852033,23,34,11
47.273278,0,34.572201,5.720626,10429,670,0.034381,46.68829,17,30,15
47.749608,0,20.918203,10.884085,6832,760,0.027594,47.207413,12,37,16
53.590064,0,25.2635900000001,8.96194399999999,7686,730,0.0961220000000002,52.972987,12,34,20
