OK
589.065958
291
Boogie Dump Took : 1.897463
0.001191
27.26681
1.90658086941581
85.35596,0,42.762092,5.790352,7889,333,0.00564999999999999,84.517787,13,22,14
76.874288,0,53.5791169999999,5.412073,9378,282,0.00803499999999999,76.033725,17,20,13
78.60651,0,54.21646,5.40334,9390,340,0.003651,77.6672,15,23,17
60.314078,0,52.1150029999999,5.72244,9587,319,0.00510599999999999,59.490912,15,19,15
70.675728,0,57.228788,6.233857,10208,289,0.002953,69.807727,18,23,11
70.230401,0,38.7276779999998,7.26785,7225,350,0.003715,69.120385,12,27,13
61.051535,0,52.5688729999999,5.548813,9853,293,0.010837,60.28889,15,21,13
67.251249,0,35.0370309999999,7.379568,6687,358,0.015271,66.463963,10,21,19
