OK
297.947669
106
Boogie Dump Took : 2.161219
0.008191
19.365263
2.62158669811321
137.531617,0,23.2215099999999,1.73765,7001,116,0.001665,136.951699,9,1,16
135.715856,0,29.269382,1.918821,8470,81,0.001005,134.978962,15,0,13
127.260058,0,29.932141,1.406936,8867,62,0.000882,126.59097,14,0,8
145.915829,0,25.7796900000001,1.884741,7543,65,0.000873,145.18772,13,1,10
138.02862,0,27.609235,1.812358,7989,76,0.001065,137.294294,14,1,11
134.888533,0,26.8094040000002,2.351195,7526,87,0.001056,134.234163,15,1,12
131.112935,0,30.804622,1.615439,8781,62,0.000849,130.47979,13,0,9
139.605691,0,20.038686,3.595091,6367,139,0.001634,138.879189,8,1,22
