OK
157.984239
88
Boogie Dump Took : 2.067577
0.006241
23.799212
1.66878861363636
71.391895,0,21.907655,0.85432,4379,45,0.00076,70.818908,11,1,6
64.785287,0,19.9895900000001,0.854568,3940,52,0.000691,64.217747,11,1,7
46.638196,0,21.2240370000001,1.375923,4290,61,0.000893,45.749651,11,0,16
30.97754,0,19.534253,0.674075,3848,49,0.000809,30.418066,10,0,11
52.335581,0,17.107392,1.114527,3448,60,0.001212,51.779222,9,1,13
68.98242,0,27.8730040000001,1.009332,5763,55,0.001014,68.327009,14,1,8
49.644606,0,15.675777,1.476569,3372,51,0.000979,49.065467,9,0,14
53.571156,0,16.461749,0.878055,3518,55,0.000878,53.061734,8,1,8
