OK
22.401767
17
Boogie Dump Took : 4.98667
0.013182
2.966429
0.739627764705882
12.371872,0,3.943041,0.210721,361,7,0.000298,11.872364,2,0,2
10.011181,0,5.390657,0.149459,548,12,0.000357,9.46814,3,0,1
11.040827,0,4.55124999999999,0.179143,495,11,0.000372,10.54956,3,0,2
11.59926,0,2.697942,0.401145,274,13,0.000384,11.054881,1,0,7
12.578811,0,3.429414,0.169982,339,7,0.000331,12.077348,2,0,2
10.104884,0,4.338298,0.273878,448,5,0.000315,9.618245,2,0,2
10.896898,0,4.736342,0.003224,455,3,0.000529,10.498313,2,0,0
10.663053,0,4.010855,0.228883,403,4,0.000455,10.227119,2,0,1
