OK
29.624675
22
Boogie Dump Took : 3.661208
0.221465
2.487018
1.06424177272727
18.657229,0,3.577569,0.257488,581,14,0.000341,18.16326,3,0,3
21.038458,0,3.036912,0.178866,413,13,0.000352,20.547574,3,0,1
15.799691,0,3.743834,0.399985,623,22,0.000444,15.3236,3,0,7
18.653684,0,3.625267,0.301873,625,9,0.000333,18.176371,3,0,3
18.429005,0,4.097495,0.207582,635,6,0.000333,17.908939,3,0,1
17.203644,0,3.64702299999999,0.218074,679,9,0.000341,16.727918,3,0,2
17.879218,0,2.666123,0.319017,437,13,0.000369,17.429154,2,0,5
19.412363,0,3.16575,0.003678,437,4,0.000358,19.008821,2,0,0
