OK
2520.889027
1053
Boogie Dump Took : 2.155934
0.001433
32.511346
2.36607788603989
406.681249,0,63.2887100000001,32.11007,11423,665,0.014301,405.015046,13,110,14
405.356497,0,59.8878660000001,33.684427,11204,782,0.0473840000000001,403.400481,16,110,22
372.065204,0,50.0112779999999,38.680555,14135,793,0.010218,370.089711,21,118,16
400.936319,0,58.401192,42.069122,12893,864,0.0180940000000001,398.725214,15,125,14
358.256954,0,64.5363230000002,47.643377,15865,824,0.0176360000000001,356.309621,19,116,18
397.501961,0,74.2092880000002,22.952274,9876,665,0.010345,395.753628,13,109,17
386.161461,0,67.1890420000004,45.574511,14558,810,0.030959,384.337148,19,118,13
380.364025,0,46.3279919999998,35.336069,11815,817,0.020796,378.302153,13,118,15
