OK
667.071457
367
Boogie Dump Took : 2.132254
0.003912
10.671729
1.7861406866485
71.114125,0,43.0467609999999,5.45364,10596,291,0.00477199999999999,70.001367,22,31,10
58.665482,0,42.7381289999998,4.292359,10657,262,0.005315,57.725132,24,28,13
42.098609,0,28.9229250000001,5.132288,6010,261,0.00334,41.391789,11,16,37
46.070141,0,35.8682119999998,6.008562,7483,253,0.00383899999999999,45.126499,14,25,21
56.475737,0,45.798821,7.632956,8302,343,0.00529399999999999,55.436659,16,31,19
63.915933,0,33.331352,6.325772,7170,373,0.011938,63.046092,15,34,13
55.719192,0,39.8395699999999,6.722299,8906,334,0.00756199999999999,54.663365,18,35,13
68.626002,0,35.3160179999999,6.577708,7323,354,0.005025,67.780546,14,33,8
