OK
532.154576
282
Boogie Dump Took : 1.422006
0.002154
11.686523
1.82811012765958
32.04608,0,31.171883,4.516056,8001,360,0.005006,31.161723,19,14,19
19.536718,0,31.866117,4.516241,8907,405,0.00655199999999999,18.539245,15,18,14
21.703053,0,21.9050310000001,5.889246,6152,441,0.00804999999999998,20.619296,11,24,11
27.139279,0,24.7348479999999,7.321604,7179,369,0.010647,26.406016,10,24,16
15.811098,0,38.618218,5.005187,10764,409,0.012697,14.89566,18,22,13
16.453894,0,16.807738,5.349694,4609,353,0.00549299999999999,15.711352,8,20,20
15.196333,0,30.8012609999999,4.887746,8386,382,0.00684799999999999,14.239423,16,22,9
19.293673,0,28.6974059999999,6.264011,7607,501,0.0268600000000002,18.514159,15,26,10
