OK
146.960744
92
Boogie Dump Took : 1.716078
0.003966
11.952642
1.45667255434783
63.391718,0,22.5490599999999,0.970324,4772,75,0.002373,62.85431,13,0,12
63.31947,0,21.156956,0.867503,4714,83,0.001342,62.723471,11,1,8
63.35556,0,22.882032,0.577911,5240,64,0.00117,62.85447,12,1,5
50.190697,0,19.812861,2.400196,4399,118,0.002089,49.531049,11,2,18
69.175196,0,15.954717,0.730571,3474,110,0.018037,68.619714,9,2,7
63.77967,0,20.487586,1.134852,4576,78,0.00142,63.234074,12,0,10
61.332664,0,12.736943,2.01506,3129,134,0.00551299999999999,60.777701,5,0,18
58.551806,0,26.052882,0.720601,5677,70,0.001214,57.945115,12,1,7
