OK
475.320528
226
Boogie Dump Took : 1.513159
0.0013
17.931851
2.03047948230088
100.185832,0,19.768013,2.087619,3887,222,0.002702,99.518255,9,18,10
76.063376,0,26.5016090000001,1.934425,4569,204,0.002409,75.089247,14,19,12
73.331405,0,23.281611,1.60944,4062,186,0.004299,72.578887,12,14,13
94.362595,0,20.391914,1.435159,3671,190,0.002126,93.744947,10,15,10
100.760927,0,19.012696,1.898178,3573,224,0.003034,100.04662,9,19,12
81.788762,0,19.115383,1.547716,3296,206,0.002694,81.126974,9,18,11
88.492093,0,22.849466,2.028895,4101,213,0.004846,87.689083,11,21,7
82.34211,0,24.595386,1.621731,4405,208,0.002426,81.703661,11,17,10
