OK
393.329601
192
Boogie Dump Took : 1.36735
0.003248
11.217017
1.93102063541667
83.195812,0,26.0945369999999,0.966357,5768,134,0.001977,82.505096,18,2,19
77.871573,0,22.528244,1.134264,5310,159,0.002306,77.101293,18,6,24
92.070437,0,24.2682369999999,0.967931,5313,139,0.004189,91.213436,19,6,17
102.303144,0,24.019163,0.77892,5105,133,0.00195,101.579555,19,5,18
99.965531,0,24.369794,1.107449,5486,144,0.00245,99.177695,18,5,27
111.784484,0,21.332563,1.012979,5132,135,0.002208,110.953252,18,8,12
95.614902,0,21.568681,0.934888,4934,125,0.002034,94.860754,17,8,12
89.0538829999999,0,25.0837789999999,0.970757,6018,131,0.001982,88.346844,18,7,16
