OK
192.679231
78
Boogie Dump Took : 1.457738
0.000555
13.067468
2.29756343589744
119.658305,0,11.628904,1.103431,3631,168,0.003409,119.094858,8,3,9
123.880534,0,10.606222,1.005358,3208,187,0.002035,123.273944,9,1,6
124.414901,0,9.43599200000002,0.843008,2981,178,0.003313,123.843731,7,2,6
116.874151,0,13.377657,0.986637,3814,164,0.001861,116.313323,10,2,11
110.471708,0,9.816268,0.73685,3106,114,0.00125,109.982561,5,4,4
109.696053,0,8.45792299999999,2.07921,2744,174,0.002163,109.168028,5,2,14
119.49351,0,10.685582,0.86959,3258,195,0.002638,118.910839,8,3,3
108.570611,0,10.312707,0.82923,3181,112,0.003871,108.053359,6,3,5
