OK
292.767224
159
Boogie Dump Took : 1.569477
0.003087
13.722246
1.75085289308176
67.108627,0,16.859831,3.410115,5561,276,0.00414299999999999,66.423636,7,7,11
51.676268,0,25.584318,2.923614,8413,262,0.003506,50.903661,14,11,6
59.299954,0,18.755393,2.823308,6134,273,0.013349,58.643704,9,10,11
53.494722,0,21.3524279999999,3.357837,7275,265,0.00450499999999999,52.686314,12,10,17
69.869625,0,21.90405,2.751168,7154,245,0.010607,69.061526,13,9,9
52.044481,0,17.4079759999999,5.314381,6146,302,0.011419,51.262682,8,15,7
59.856827,0,20.104255,3.521344,6455,261,0.010439,58.898727,9,9,11
57.712056,0,18.7125780000001,3.795982,6443,253,0.00518299999999999,56.987608,7,9,7
