OK
212.968267
95
Boogie Dump Took : 3.884097
0.02983
14.771088
2.00927006315789
91.874012,0,25.8711110000001,1.554071,4877,88,0.001088,91.245045,12,1,13
100.768627,0,24.462562,1.110298,4884,63,0.002483,100.203008,12,1,8
89.930217,0,26.1872479999999,1.00949,5202,61,0.000873,89.345481,13,1,6
81.00876,0,24.21993,1.929042,4961,128,0.001637,80.288776,8,2,21
98.183126,0,24.669991,1.238132,4827,76,0.001119,97.577405,11,2,10
97.360854,0,27.8252309999999,1.198568,5141,65,0.001559,96.74581,10,0,8
90.870846,0,23.9251709999999,1.746552,4522,93,0.003025,90.180473,9,2,11
106.633562,0,25.701759,1.303489,4828,47,0.000951,106.017142,10,1,8
