OK
245.481428
178
Boogie Dump Took : 1.327148
0.001178
9.551537
1.34944723033708
42.277922,0,9.581629,3.131553,4296,267,0.004763,41.627128,12,6,17
50.380466,0,11.195223,2.495322,5316,279,0.008823,49.755435,14,7,11
44.33985,0,13.418052,2.454638,6250,296,0.00512199999999999,43.575504,17,9,12
34.337042,0,9.08155700000001,3.149756,4339,308,0.00501299999999999,33.670341,13,10,14
41.70082,0,9.12155099999999,3.077569,4576,277,0.015955,40.86986,13,5,21
31.261405,0,17.0047819999999,1.691077,7566,252,0.003858,30.44729,23,6,14
37.963598,0,9.83243200000002,3.4654,4680,326,0.005304,37.313552,13,9,17
38.441751,0,13.398042,2.49182,6426,278,0.004599,37.758831,17,4,16
