OK
139.454108
115
Boogie Dump Took : 1.486319
0.006959
16.305794
1.0297424173913
69.08449,0,8.56691600000001,0.797175,2597,107,0.00584199999999999,68.46476,11,1,16
78.947569,0,10.826788,0.765227,3334,109,0.001433,78.256601,15,0,16
85.213273,0,8.14791699999999,0.447537,2541,97,0.001419,84.649915,13,0,11
71.441206,0,9.24100599999999,0.550686,2734,86,0.001227,70.880636,13,0,17
78.487274,0,11.521676,0.532811,3533,100,0.001365,77.890501,15,0,12
64.827192,0,14.389798,0.792279,4238,90,0.001311,64.075555,19,1,19
51.792092,0,12.091202,0.470275,3766,94,0.001286,51.148347,15,1,6
58.098381,0,7.654931,0.72697,2252,94,0.001443,57.483452,9,2,13
