OK
119.785127
94
Boogie Dump Took : 2.159865
0.021284
7.398865
1.1714844787234
40.978003,0,18.356173,0.695363,2961,68,0.000807,40.435009,11,0,17
44.569948,0,14.775713,0.592289,2352,94,0.001664,43.962192,11,3,7
51.117689,0,16.447271,0.505248,2498,66,0.000978,50.547974,11,0,10
35.930595,0,17.253266,0.773902,2808,83,0.001342,35.278715,12,2,11
42.436632,0,17.299436,0.616546,2779,68,0.000906,41.757417,11,2,8
44.593044,0,15.321978,0.72555,2497,74,0.001063,43.977441,9,0,16
46.966196,0,13.819645,0.674155,2221,73,0.001238,46.422493,9,2,9
51.832463,0,14.968981,0.60039,2287,61,0.001105,51.280275,10,1,6
