OK
123.011652
86
Boogie Dump Took : 2.043424
0.018877
7.483265
1.31580226744186
48.44692,0,16.528492,0.712983,2791,77,0.000967,47.816726,9,2,9
49.809385,0,18.39295,0.688827,3013,74,0.000844,49.153527,11,2,9
50.786083,0,16.524698,0.694022,2725,79,0.001242,50.143201,9,1,12
56.4219,0,17.933732,0.573562,2978,55,0.000743,55.692233,11,2,7
58.428732,0,17.959154,0.4984,2837,55,0.000803,57.871471,11,2,4
44.29706,0,15.205992,0.928448,2566,83,0.001073,43.513937,7,1,16
53.63264,0,14.802957,0.521866,2466,76,0.001015,52.979635,7,1,8
57.584315,0,15.864512,0.63542,2592,48,0.000767,57.038525,9,1,9
