OK
3369.800637
1592
Boogie Dump Took : 2.426644
0.000471
31.083831
2.08130664007538
114.28382,0,74.1372719999997,97.596842,19346,1319,0.0419159999999999,110.998459,16,183,21
107.942172,0,65.5059219999999,82.463459,17870,1287,0.0209030000000003,105.340767,14,178,16
117.21424,0,72.6595610000001,117.509515,19151,1250,0.0212440000000002,114.309141,18,174,15
99.871038,0,76.9330770000003,70.6726450000001,20836,1386,0.015481,97.174925,14,172,23
73.076422,0,81.5523,77.8653060000001,21328,1447,0.0277530000000002,70.150869,18,193,10
119.708944,0,76.5576349999995,78.364112,19976,1312,0.0335160000000003,116.766707,17,182,12
97.072527,0,69.2351600000001,135.827374,18183,1515,0.0351429999999999,93.370438,12,196,16
65.674902,0,74.1334020000001,75.615118,19952,1414,0.0208570000000002,62.261916,15,190,11
