NOK
136.11907
36
Boogie Dump Took : 98.827109
0.001594
2.685425
0.951242888888889
0,0,0,0,0,0,0,2.189187,1,0,1
0,0,0,0,0,0,0,0,0,0,1
0,0,0,0,0,0,0,4.745901,1,0,2
0,0,0,0,0,0,0,11.485455,1,0,1
0,0,0,0,0,0,0,17.711774,1,0,1
0,0,0,0,0,0,0,21.215995,1,0,1
0,0,0,0,0,0,0,27.200262,1,0,0
0,0,0,0,0,0,0,30.829638,1,0,0
0,0,0,0,0,0,0,2.765731,1,0,1
0,0,0,0,0,0,0,4.867335,1,0,1
0,0,0,0,0,0,0,13.654579,1,0,2
0,0,0,0,0,0,0,15.975972,1,0,1
0,0,0,0,0,0,0,22.149183,1,0,1
0,0,0,0,0,0,0,27.693318,1,0,0
0,0,0,0,0,0,0,24.490614,1,0,1
0,0,0,0,0,0,0,26.201018,1,0,0
0,0,0,0,0,0,0,22.198618,2,0,2
0,0,0,0,0,0,0,22.640206,1,0,1
0,0,0,0,0,0,0,24.702842,2,0,2
0,0,0,0,0,0,0,26.214193,2,0,1
0,0,0,0,0,0,0,25.873072,2,0,1
0,0,0,0,0,0,0,15.134829,1,0,2
0,0,0,0,0,0,0,20.354823,1,0,1
0,0,0,0,0,0,0,17.672466,1,0,1
0,0,0,0,0,0,0,28.674117,2,0,1
0,0,0,0,0,0,0,5.74913,1,0,2
0,0,0,0,0,0,0,7.842778,1,0,1
0,0,0,0,0,0,0,10.222475,1,0,1
0,0,0,0,0,0,0,12.105556,1,0,1
0,0,0,0,0,0,0,12.701841,1,0,1
0,0,0,0,0,0,0,22.092243,1,0,1
0,0,0,0,0,0,0,21.969769,1,0,0
#ALGO Details#
Best Algo splitMode:50
SplitMode:totalANDSplits
100:7
50:7
50:11
50:8