NOK
54.135483
39
Boogie Dump Took : 20.262109
0.001912
2.362524
0.848843615384616
0,0,0,0,0,0,0,30.278691,1,0,1
0,0,0,0,0,0,0,2.164913,1,0,1
0,0,0,0,0,0,0,6.054822,1,0,2
0,0,0,0,0,0,0,12.004817,1,0,1
0,0,0,0,0,0,0,15.170432,1,0,1
0,0,0,0,0,0,0,19.244754,1,0,1
0,0,0,0,0,0,0,22.837131,1,0,1
0,0,0,0,0,0,0,26.611622,1,0,0
0,0,0,0,0,0,0,29.382498,2,0,1
0,0,0,0,0,0,0,2.489755,1,0,1
0,0,0,0,0,0,0,6.409227,1,0,2
0,0,0,0,0,0,0,15.773946,1,0,1
0,0,0,0,0,0,0,12.388917,1,0,1
0,0,0,0,0,0,0,19.491944,1,0,1
0,0,0,0,0,0,0,23.766086,1,0,1
0,0,0,0,0,0,0,26.896165,1,0,0
0,0,0,0,0,0,0,22.385299,2,0,2
0,0,0,0,0,0,0,22.27502,2,0,2
0,0,0,0,0,0,0,22.947621,2,0,1
0,0,0,0,0,0,0,23.113607,2,0,2
0,0,0,0,0,0,0,11.376061,1,0,1
0,0,0,0,0,0,0,17.420352,1,0,1
0,0,0,0,0,0,0,13.948402,1,0,1
0,0,0,0,0,0,0,18.373428,1,0,1
0,0,0,0,0,0,0,25.364473,2,0,1
0,0,0,0,0,0,0,25.872848,2,0,1
0,0,0,0,0,0,0,4.883097,1,0,1
0,0,0,0,0,0,0,7.320841,1,0,1
0,0,0,0,0,0,0,9.811717,1,0,1
0,0,0,0,0,0,0,14.231399,1,0,2
0,0,0,0,0,0,0,20.248461,1,0,1
0,0,0,0,0,0,0,23.380594,1,0,1
#ALGO Details#
Best Algo splitMode:100
SplitMode:totalANDSplits
100:8
50:8
50:11
50:9