NOK
35.716202
16
Boogie Dump Took : 31.554456
0.002892
1.211709
0.2542855625
0,0,0,0,0,0,0,0,0,0,1
0,0,0,0,0,0,0,1.696602,1,0,1
0,0,0,0,0,0,0,2.532637,1,0,0
0,0,0,0,0,0,0,0,0,0,0
0,0,0,0,0,0,0,0,0,0,0
0,0,0,0,0,0,0,0,0,0,0
0,0,0,0,0,0,0,0,0,0,0
0,0,0,0,0,0,0,0,0,0,0
0,0,0,0,0,0,0,0.961425,1,0,1
0,0,0,0,0,0,0,1.424736,1,0,1
0,0,0,0,0,0,0,2.204747,1,0,1
0,0,0,0,0,0,0,3.77073,1,0,0
0,0,0,0,0,0,0,0,0,0,0
0,0,0,0,0,0,0,0,0,0,0
0,0,0,0,0,0,0,0,0,0,0
0,0,0,0,0,0,0,0,0,0,0
0,0,0,0,0,0,0,0.858035,1,0,1
0,0,0,0,0,0,0,1.24614,1,0,1
0,0,0,0,0,0,0,1.571261,1,0,1
0,0,0,0,0,0,0,1.902454,1,0,2
0,0,0,0,0,0,0,2.29151,1,0,1
0,0,0,0,0,0,0,2.644758,1,0,0
0,0,0,0,0,0,0,3.178141,1,0,0
0,0,0,0,0,0,0,0,0,0,0
0,0,0,0,0,0,0,0.716723,1,0,1
0,0,0,0,0,0,0,1.24603,1,0,1
0,0,0,0,0,0,0,2.027519,1,0,0
0,0,0,0,0,0,0,0,0,0,0
0,0,0,0,0,0,0,0,0,0,0
0,0,0,0,0,0,0,0,0,0,0
0,0,0,0,0,0,0,0,0,0,0
0,0,0,0,0,0,0,0,0,0,0
#ALGO Details#
Best Algo splitMode:50
SplitMode:totalANDSplits
100:2
50:3
50:6
50:2