TIMEDOUT
3600
14
Boogie Dump Took : 31.744041
0,0,0,0,0,0,0,0,0,0,1
0,0,0,0,0,0,0,0.769833,1,0,1
0,0,0,0,0,0,0,2.985757,1,0,0
0,0,0,0,0,0,0,0,0,0,0
0,0,0,0,0,0,0,0,0,0,0
0,0,0,0,0,0,0,0,0,0,0
0,0,0,0,0,0,0,0,0,0,0
0,0,0,0,0,0,0,0,0,0,0
0,0,0,0,0,0,0,0.000251,1,0,1
0,0,0,0,0,0,0,2.306831,1,0,1
0,0,0,0,0,0,0,0.597388,1,0,1
0,0,0,0,0,0,0,0,0,0,0
0,0,0,0,0,0,0,4.083065,1,0,0
0,0,0,0,0,0,0,0,0,0,0
0,0,0,0,0,0,0,0,0,0,0
0,0,0,0,0,0,0,0,0,0,0
0,0,0,0,0,0,0,0.000229,1,0,1
0,0,0,0,0,0,0,0.632975,1,0,1
0,0,0,0,0,0,0,0.318135,1,0,1
0,0,0,0,0,0,0,0.963394,1,0,1
0,0,0,0,0,0,0,2.886159,1,0,0
0,0,0,0,0,0,0,0,0,0,0
0,0,0,0,0,0,0,0,0,0,0
0,0,0,0,0,0,0,0,0,0,0
0,0,0,0,0,0,0,0.000302,1,0,1
0,0,0,0,0,0,0,0.462968,1,0,1
0,0,0,0,0,0,0,0,0,0,0
0,0,0,0,0,0,0,2.306555,1,0,0
0,0,0,0,0,0,0,0,0,0,0
0,0,0,0,0,0,0,0,0,0,0
0,0,0,0,0,0,0,0,0,0,0
0,0,0,0,0,0,0,0,0,0,0
#ALGO Details#
Best Algo splitMode:-1
SplitMode:totalANDSplits
100:2
50:3
50:4
50:2