NOK
37.264119
14
Boogie Dump Took : 34.667379
0.002983
0.465992
0.146858642857143
0,0,0,0,0,0,0,0,0,0,1
0,0,0,0,0,0,0,0.771338,1,0,1
0,0,0,0,0,0,0,1.626018,1,0,0
0,0,0,0,0,0,0,0,0,0,0
0,0,0,0,0,0,0,0,0,0,0
0,0,0,0,0,0,0,0,0,0,0
0,0,0,0,0,0,0,0,0,0,0
0,0,0,0,0,0,0,0,0,0,0
0,0,0,0,0,0,0,0.131697,1,0,1
0,0,0,0,0,0,0,1.332994,1,0,1
0,0,0,0,0,0,0,0.616746,1,0,1
0,0,0,0,0,0,0,1.874861,1,0,0
0,0,0,0,0,0,0,0,0,0,0
0,0,0,0,0,0,0,0,0,0,0
0,0,0,0,0,0,0,0,0,0,0
0,0,0,0,0,0,0,0,0,0,0
0,0,0,0,0,0,0,0.114784,1,0,1
0,0,0,0,0,0,0,0.860494,1,0,1
0,0,0,0,0,0,0,1.381533,1,0,1
0,0,0,0,0,0,0,1.937911,1,0,0
0,0,0,0,0,0,0,0,0,0,0
0,0,0,0,0,0,0,0,0,0,0
0,0,0,0,0,0,0,0,0,0,0
0,0,0,0,0,0,0,0,0,0,0
0,0,0,0,0,0,0,0.034333,1,0,1
0,0,0,0,0,0,0,0.663385,1,0,1
0,0,0,0,0,0,0,1.067933,1,0,1
0,0,0,0,0,0,0,1.53833,1,0,0
0,0,0,0,0,0,0,0,0,0,0
0,0,0,0,0,0,0,0,0,0,0
0,0,0,0,0,0,0,0,0,0,0
0,0,0,0,0,0,0,0,0,0,0
#ALGO Details#
Best Algo splitMode:100
SplitMode:totalANDSplits
100:2
50:3
50:3
50:3