NOK
97.593807
20
Boogie Dump Took : 74.730782
0.002633
13.418157
1.1377496
0,0,0,0,0,0,0,0,0,0,1
0,0,0,0,0,0,0,0,0,0,0
0,0,0,0,0,0,0,1.266389,1,0,1
0,0,0,0,0,0,0,3.565802,1,0,0
0,0,0,0,0,0,0,0,0,0,0
0,0,0,0,0,0,0,0,0,0,0
0,0,0,0,0,0,0,0,0,0,0
0,0,0,0,0,0,0,0,0,0,0
0,0,0,0,0,0,0,0.010859,1,0,1
0,0,0,0,0,0,0,0.807533,1,0,1
0,0,0,0,0,0,0,1.155087,1,0,1
0,0,0,0,0,0,0,1.583096,1,0,2
0,0,0,0,0,0,0,3.016905,1,0,1
0,0,0,0,0,0,0,3.676057,1,0,1
0,0,0,0,0,0,0,20.922042,1,0,0
0,0,0,0,0,0,0,22.092537,1,0,0
0,0,0,0,0,0,0,0.000236,1,0,1
0,0,0,0,0,0,0,2.729164,1,0,1
0,0,0,0,0,0,0,3.892019,1,0,1
0,0,0,0,0,0,0,22.165129,1,0,0
0,0,0,0,0,0,0,0,0,0,0
0,0,0,0,0,0,0,0,0,0,0
0,0,0,0,0,0,0,0,0,0,0
0,0,0,0,0,0,0,0,0,0,0
0,0,0,0,0,0,0,0,0,0,0
0,0,0,0,0,0,0,0.000389,1,0,1
0,0,0,0,0,0,0,2.414004,1,0,1
0,0,0,0,0,0,0,2.782495,1,0,1
0,0,0,0,0,0,0,4.108693,1,0,1
0,0,0,0,0,0,0,0,0,0,0
0,0,0,0,0,0,0,5.06873,1,0,1
0,0,0,0,0,0,0,6.660059,1,0,0
#ALGO Details#
Best Algo splitMode:100
SplitMode:totalANDSplits
100:2
50:7
50:3
50:5