NOK
48.937298
26
Boogie Dump Took : 42.636747
0.001825
1.065526
0.238141346153846
0,0,0,0,0,0,0,0,0,0,1
0,0,0,0,0,0,0,0.775363,1,0,1
0,0,0,0,0,0,0,3.123042,1,0,1
0,0,0,0,0,0,0,1.669052,1,0,1
0,0,0,0,0,0,0,5.103356,1,0,0
0,0,0,0,0,0,0,0,0,0,0
0,0,0,0,0,0,0,0,0,0,0
0,0,0,0,0,0,0,0,0,0,0
0,0,0,0,0,0,0,0.039919,1,0,1
0,0,0,0,0,0,0,0.809509,1,0,1
0,0,0,0,0,0,0,3.481763,1,0,1
0,0,0,0,0,0,0,1.174986,1,0,1
0,0,0,0,0,0,0,4.085656,1,0,1
0,0,0,0,0,0,0,5.640535,1,0,0
0,0,0,0,0,0,0,0,0,0,0
0,0,0,0,0,0,0,0,0,0,0
0,0,0,0,0,0,0,0.00015,1,0,1
0,0,0,0,0,0,0,0.580262,1,0,1
0,0,0,0,0,0,0,1.240117,1,0,1
0,0,0,0,0,0,0,1.712703,1,0,1
0,0,0,0,0,0,0,2.958745,1,0,1
0,0,0,0,0,0,0,3.574732,1,0,1
0,0,0,0,0,0,0,4.209604,1,0,1
0,0,0,0,0,0,0,5.718167,1,0,0
0,0,0,0,0,0,0,0.000224,1,0,1
0,0,0,0,0,0,0,0.654729,1,0,1
0,0,0,0,0,0,0,1.086112,1,0,1
0,0,0,0,0,0,0,1.53439,1,0,1
0,0,0,0,0,0,0,2.733767,1,0,1
0,0,0,0,0,0,0,3.318386,1,0,1
0,0,0,0,0,0,0,3.911549,1,0,1
0,0,0,0,0,0,0,4.613547,1,0,0
#ALGO Details#
Best Algo splitMode:50
SplitMode:totalANDSplits
100:4
50:5
50:7
50:7