NOK
12.647708
19
Boogie Dump Took : 9.684965
0.000426
0.43655
0.128644157894737
0,0,0,0,0,0,0,0,0,0,1
0,0,0,0,0,0,0,2.318023,1,0,0
0,0,0,0,0,0,0,0.654726,1,0,1
0,0,0,0,0,0,0,0,0,0,0
0,0,0,0,0,0,0,0,0,0,0
0,0,0,0,0,0,0,0,0,0,0
0,0,0,0,0,0,0,0,0,0,0
0,0,0,0,0,0,0,0,0,0,0
0,0,0,0,0,0,0,0.145084,1,0,1
0,0,0,0,0,0,0,0.544312,1,0,1
0,0,0,0,0,0,0,0.872463,1,0,1
0,0,0,0,0,0,0,1.292436,1,0,1
0,0,0,0,0,0,0,1.925699,1,0,1
0,0,0,0,0,0,0,2.368262,1,0,0
0,0,0,0,0,0,0,0,0,0,0
0,0,0,0,0,0,0,0,0,0,0
0,0,0,0,0,0,0,0.112643,1,0,1
0,0,0,0,0,0,0,0.74103,1,0,1
0,0,0,0,0,0,0,0.427442,1,0,1
0,0,0,0,0,0,0,1.298196,1,0,1
0,0,0,0,0,0,0,1.746982,1,0,1
0,0,0,0,0,0,0,2.168544,1,0,0
0,0,0,0,0,0,0,0,0,0,0
0,0,0,0,0,0,0,0,0,0,0
0,0,0,0,0,0,0,0.004968,1,0,1
0,0,0,0,0,0,0,0.306803,1,0,1
0,0,0,0,0,0,0,0.611009,1,0,1
0,0,0,0,0,0,0,1.200469,1,0,1
0,0,0,0,0,0,0,1.662607,1,0,0
0,0,0,0,0,0,0,0,0,0,0
0,0,0,0,0,0,0,0,0,0,0
0,0,0,0,0,0,0,0,0,0,0
#ALGO Details#
Best Algo splitMode:50
SplitMode:totalANDSplits
100:2
50:5
50:5
50:4