NOK
12.727385
15
Boogie Dump Took : 9.982502
0.00035
0.428327
0.160967066666667
0,0,0,0,0,0,0,0,0,0,1
0,0,0,0,0,0,0,1.417367,1,0,1
0,0,0,0,0,0,0,0.623959,1,0,1
0,0,0,0,0,0,0,2.244898,1,0,0
0,0,0,0,0,0,0,0,0,0,0
0,0,0,0,0,0,0,0,0,0,0
0,0,0,0,0,0,0,0,0,0,0
0,0,0,0,0,0,0,0,0,0,0
0,0,0,0,0,0,0,0.161383,1,0,1
0,0,0,0,0,0,0,0.595744,1,0,1
0,0,0,0,0,0,0,1.212368,1,0,1
0,0,0,0,0,0,0,0,0,0,0
0,0,0,0,0,0,0,2.016463,1,0,0
0,0,0,0,0,0,0,0,0,0,0
0,0,0,0,0,0,0,0,0,0,0
0,0,0,0,0,0,0,0,0,0,0
0,0,0,0,0,0,0,0.756978,1,0,1
0,0,0,0,0,0,0,0.119457,1,0,1
0,0,0,0,0,0,0,1.536844,1,0,1
0,0,0,0,0,0,0,2.296563,1,0,0
0,0,0,0,0,0,0,0,0,0,0
0,0,0,0,0,0,0,0,0,0,0
0,0,0,0,0,0,0,0,0,0,0
0,0,0,0,0,0,0,0,0,0,0
0,0,0,0,0,0,0,0.016968,1,0,1
0,0,0,0,0,0,0,0.629219,1,0,1
0,0,0,0,0,0,0,1.382117,1,0,1
0,0,0,0,0,0,0,2.100515,1,0,0
0,0,0,0,0,0,0,0,0,0,0
0,0,0,0,0,0,0,0,0,0,0
0,0,0,0,0,0,0,0,0,0,0
0,0,0,0,0,0,0,0,0,0,0
#ALGO Details#
Best Algo splitMode:50
SplitMode:totalANDSplits
100:3
50:3
50:3
50:3