NOK
64.157012
95
Boogie Dump Took : 7.813002
0.000379
6.681675
0.579878242105263
0,0,0,0,0,0,0,33.537407,1,0,2
0,0,0,0,0,0,0,34.743568,2,0,2
0,0,0,0,0,0,0,21.266514,2,0,4
0,0,0,0,0,0,0,33.307851,2,0,2
0,0,0,0,0,0,0,36.52355,2,0,1
0,0,0,0,0,0,0,33.142826,2,0,1
0,0,0,0,0,0,0,42.876275,2,0,1
0,0,0,0,0,0,0,33.519948,1,0,1
0,0,0,0,0,0,0,36.435301,3,0,2
0,0,0,0,0,0,0,16.116591,2,0,5
0,0,0,0,0,0,0,25.738241,3,0,4
0,0,0,0,0,0,0,31.37997,3,0,4
0,0,0,0,0,0,0,38.99017,3,0,2
0,0,0,0,0,0,0,34.90416,4,0,3
0,0,0,0,0,0,0,44.974232,4,0,2
0,0,0,0,0,0,0,38.919711,3,0,2
0,0,0,0,0,0,0,41.901307,5,0,4
0,0,0,0,0,0,0,41.795381,5,0,2
0,0,0,0,0,0,0,34.498354,4,0,3
0,0,0,0,0,0,0,34.803656,3,0,4
0,0,0,0,0,0,0,32.788433,3,0,2
0,0,0,0,0,0,0,37.261022,5,0,3
0,0,0,0,0,0,0,22.416616,2,0,5
0,0,0,0,0,0,0,26.757832,2,0,5
0,0,0,0,0,0,0,36.172163,4,0,2
0,0,0,0,0,0,0,31.522825,3,0,3
0,0,0,0,0,0,0,32.675767,4,0,1
0,0,0,0,0,0,0,30.357366,3,0,2
0,0,0,0,0,0,0,29.444421,3,0,4
0,0,0,0,0,0,0,28.361754,4,0,9
0,0,0,0,0,0,0,36.381363,4,0,3
0,0,0,0,0,0,0,32.69337,2,0,2
#ALGO Details#
Best Algo splitMode:50
SplitMode:totalANDSplits
100:14
50:24
50:28
50:26