NOK
35.903536
115
Boogie Dump Took : 19.821
0.000399
0.790336
0.137663582608696
0,0,0,0,0,0,0,9.208842,2,0,2
0,0,0,0,0,0,0,8.555163,3,0,2
0,0,0,0,0,0,0,8.627192,2,0,2
0,0,0,0,0,0,0,5.518674,2,0,5
0,0,0,0,0,0,0,9.490519,3,0,2
0,0,0,0,0,0,0,10.294898,3,0,2
0,0,0,0,0,0,0,8.679331,2,0,3
0,0,0,0,0,0,0,8.530881,2,0,1
0,0,0,0,0,0,0,6.921617,3,0,4
0,0,0,0,0,0,0,7.562976,5,0,5
0,0,0,0,0,0,0,9.100205,5,0,1
0,0,0,0,0,0,0,4.992578,2,0,11
0,0,0,0,0,0,0,8.141376,5,0,2
0,0,0,0,0,0,0,6.559766,5,0,6
0,0,0,0,0,0,0,9.167863,5,0,2
0,0,0,0,0,0,0,9.239687,4,0,2
0,0,0,0,0,0,0,7.555862,4,0,6
0,0,0,0,0,0,0,9.19589,4,0,3
0,0,0,0,0,0,0,9.126349,4,0,3
0,0,0,0,0,0,0,9.333438,4,0,2
0,0,0,0,0,0,0,9.765877,4,0,3
0,0,0,0,0,0,0,10.392431,4,0,1
0,0,0,0,0,0,0,7.651604,3,0,7
0,0,0,0,0,0,0,8.798351,3,0,4
0,0,0,0,0,0,0,7.506819,4,0,9
0,0,0,0,0,0,0,9.919822,4,0,3
0,0,0,0,0,0,0,8.062571,5,0,4
0,0,0,0,0,0,0,7.425453,3,0,2
0,0,0,0,0,0,0,8.525451,4,0,2
0,0,0,0,0,0,0,4.343097,3,0,8
0,0,0,0,0,0,0,9.226723,5,0,1
0,0,0,0,0,0,0,9.92796,4,0,2
#ALGO Details#
Best Algo splitMode:50
SplitMode:totalANDSplits
100:19
50:33
50:29
50:31