NOK
116.018569
37
Boogie Dump Took : 16.813892
0.0021
33.356207
2.56224364864865
0,0,0,0,0,0,0,0,0,0,1
0,0,0,0,0,0,0,1.443505,1,0,1
0,0,0,0,0,0,0,4.035788,1,0,2
0,0,0,0,0,0,0,49.439261,1,0,1
0,0,0,0,0,0,0,92.745761,1,0,0
0,0,0,0,0,0,0,94.710151,1,0,0
0,0,0,0,0,0,0,0,0,0,0
0,0,0,0,0,0,0,0,0,0,0
0,0,0,0,0,0,0,10.970412,2,0,2
0,0,0,0,0,0,0,49.563592,2,0,2
0,0,0,0,0,0,0,51.848575,2,0,2
0,0,0,0,0,0,0,54.400143,2,0,2
0,0,0,0,0,0,0,56.320959,2,0,1
0,0,0,0,0,0,0,8.029492,1,0,1
0,0,0,0,0,0,0,8.195331,1,0,1
0,0,0,0,0,0,0,10.313483,1,0,1
0,0,0,0,0,0,0,55.386511,2,0,3
0,0,0,0,0,0,0,56.287657,2,0,2
0,0,0,0,0,0,0,57.802363,2,0,1
0,0,0,0,0,0,0,56.373339,2,0,1
0,0,0,0,0,0,0,5.634948,1,0,1
0,0,0,0,0,0,0,7.299833,1,0,1
0,0,0,0,0,0,0,8.945555,1,0,1
0,0,0,0,0,0,0,10.6128,1,0,1
0,0,0,0,0,0,0,0.000222,1,0,1
0,0,0,0,0,0,0,1.394585,1,0,1
0,0,0,0,0,0,0,2.929321,1,0,1
0,0,0,0,0,0,0,45.49445,1,0,2
0,0,0,0,0,0,0,47.414422,1,0,1
0,0,0,0,0,0,0,0,0,0,0
0,0,0,0,0,0,0,89.697475,1,0,0
0,0,0,0,0,0,0,91.461226,1,0,0
#ALGO Details#
Best Algo splitMode:50
SplitMode:totalANDSplits
100:5
50:12
50:11
50:6