OK
2148.088811
182
Boogie Dump Took : 1.820807
0.000917
140.376878
10.8145214340659
425.576869,0,122.573808000001,20.467896,26831,209,0.001707,424.181523,16,3,26
243.983901,0,148.229544,7.199021,32104,122,0.001209,243.115545,22,5,13
272.088707,0,130.625914000001,20.168775,28878,183,0.001955,270.741109,19,4,29
231.336215,0,139.659871000001,15.290178,30368,117,0.001361,230.094318,20,4,18
514.898811,0,124.038222,13.065581,27599,125,0.001367,513.676164,19,2,17
518.236114,0,120.901596,18.577344,26529,134,0.001441,517.120892,19,4,23
442.002306,0,133.791305,8.080879,29454,99,0.001072,440.840603,19,4,13
217.53511,0,146.833550999999,5.487766,31544,105,0.001127,216.48751,19,3,14
