OK
2606.794287
344
Boogie Dump Took : 1.155069
0.003056
47.798338
7.43452548546512
213.156154,0,63.2030220000001,15.89541,24767,271,0.005411,211.261573,18,30,16
215.024927,0,50.3399989999998,17.413144,19525,218,0.001844,212.750432,18,22,14
149.71918,0,56.8305100000004,18.064196,22383,277,0.0424739999999999,148.258293,16,31,16
123.380637,0,40.5396320000001,17.322766,16759,207,0.001578,121.568825,14,24,19
146.452662,0,43.2485610000002,15.142866,18316,278,0.002151,144.732642,13,31,19
191.743021,0,46.6400860000001,16.349658,19310,226,0.001887,190.151893,14,25,13
207.949416,0,45.3375479999998,16.356546,18916,298,0.00236199999999999,206.126612,14,33,10
141.701227,0,38.690452,18.157309,16509,239,0.001894,140.308177,15,26,15
