OK
1230.41733
159
Boogie Dump Took : 1.206787
0.009569
106.968508
7.50051701257862
125.816545,0,53.678315,10.240897,20952,340,0.00265699999999999,124.469817,13,5,12
144.537273,0,54.9561340000001,17.532391,20377,379,0.002638,142.796606,15,4,20
157.642312,0,50.7794249999997,10.156603,18812,337,0.00251499999999999,155.812441,13,7,8
158.455651,0,84.4895120000006,11.552622,31356,263,0.00219899999999999,157.003174,21,3,20
115.292179,0,55.2793079999997,14.464654,20378,359,0.00267199999999999,112.952167,13,8,15
134.064882,0,73.9142080000002,10.299507,28323,336,0.002609,132.37619,19,5,12
118.84074,0,63.8668959999997,15.963558,22914,348,0.00276499999999999,116.580485,16,2,20
143.466984,0,55.3228029999997,11.595038,21836,347,0.00279199999999999,141.910076,12,3,15
