OK
789.345474
143
Boogie Dump Took : 1.244784
0.00196
30.746424
5.28646576223776
231.798512,0,62.3426910000001,10.00587,20443,198,0.001606,230.502598,13,2,16
210.32073,0,73.9450130000002,9.264272,23417,242,0.001836,209.070267,18,3,13
234.202051,0,61.3909609999999,9.516366,20013,218,0.001803,232.598319,14,3,13
226.296387,0,62.0117500000002,9.02366,21597,234,0.001766,225.057973,16,2,20
206.199874,0,66.3536369999998,11.523067,21718,178,0.001405,204.881916,17,3,19
212.814517,0,74.210544,7.202217,23795,185,0.001653,211.624174,17,3,10
192.655424,0,64.0233429999999,13.024755,21940,208,0.001658,190.983886,13,3,18
238.389966,0,62.0368700000002,9.007657,20025,195,0.001643,237.162914,14,2,13
