OK
707.69995
153
Boogie Dump Took : 1.223489
0.00773
35.367246
4.45689577777778
160.246948,0,61.3555649999997,9.577483,20682,233,0.001904,159.041967,16,3,18
174.311358,0,52.6151069999997,7.934167,18355,251,0.00211,173.095898,14,5,11
174.275606,0,53.3728359999998,8.792994,19060,300,0.00243,173.044349,16,3,15
178.760376,0,60.5331389999997,7.798449,21125,252,0.002116,177.681105,17,4,15
144.043691,0,63.1371320000002,10.396608,22026,305,0.00249499999999999,142.504288,20,4,23
181.976212,0,51.9166880000002,6.429049,18181,229,0.001915,180.683553,16,1,16
163.02988,0,60.7353580000003,9.430976,20792,199,0.001823,161.861823,14,4,13
169.955939,0,54.8744729999997,8.014248,18528,253,0.002056,168.875281,13,3,15
