OK
1093.254275
120
Boogie Dump Took : 3.187833
0.005066
73.013776
8.55731225
171.363214,0,78.9979090000001,8.801574,16336,189,0.001719,170.26112,10,2,16
225.676013,0,85.6096650000001,9.01626399999999,16844,189,0.001627,224.800449,11,6,13
167.93328,0,95.5836580000003,5.875386,19323,208,0.001792,167.018822,14,2,11
172.318301,0,94.8676520000007,3.745731,17438,148,0.001258,171.365005,10,4,11
228.932392,0,76.1768039999996,8.68776,15054,177,0.001512,228.051357,9,5,13
215.947741,0,91.2074699999996,7.333231,17976,220,0.00212299999999999,214.908188,11,4,10
151.962966,0,106.336248,9.412009,19828,151,0.001519,151.002407,14,3,12
152.986937,0,103.982432,3.827368,19010,98,0.001074,152.155969,11,4,4
