OK
845.80651
324
Boogie Dump Took : 0.730442
0.000485
12.126615
2.32002398765432
30.082548,0,12.859516,75.5689539999999,5588,1248,0.271830000000002,29.097873,7,41,22
17.353039,0,18.596161,58.090084,7752,1032,0.243015000000003,16.294189,10,44,5
62.826126,0,16.0912460000001,65.982146,6776,986,0.291904000000001,61.803529,11,44,7
3.695926,0,15.866484,82.528979,6827,1092,0.297669000000001,2.848347,7,48,5
24.480683,0,17.391916,83.208606,7194,1096,0.206583000000003,23.62784,8,48,7
83.417617,0,14.009693,64.405327,5772,1054,0.303945000000002,82.359997,8,48,5
