OK
614.070646
289
Boogie Dump Took : 2.721423
0.000292
13.539767
2.07604825951557
71.840866,0,31.762876,7.434682,9515,750,0.020554,70.691331,16,34,14
93.755805,0,24.859972,13.114497,8016,746,0.0800420000000001,93.221199,16,31,18
65.669339,0,26.921549,10.109243,8157,806,0.0987220000000004,64.398297,14,35,16
77.496648,0,30.282742,8.894746,9083,628,0.0504830000000001,76.948155,16,32,16
69.417474,0,24.6100250000001,9.010959,7704,712,0.0548730000000001,68.803189,11,34,14
82.029107,0,31.198696,9.09558699999999,9461,662,0.0919690000000003,81.493763,15,35,10
