OK
702.437715
344
Boogie Dump Took : 0.738583
0.008111
9.743391
2.01706756976744
59.319526,0,19.683127,20.055625,10217,1078,0.121426000000001,58.594963,15,37,17
55.262492,0,23.017986,20.651212,11817,1006,0.113758000000001,54.673683,17,42,11
55.22441,0,20.8198889999997,33.501364,10914,1036,0.229778,54.587759,17,42,15
45.073302,0,17.2999950000001,22.132595,9130,1028,0.297853999999999,44.439199,14,45,19
61.039449,0,23.2164909999999,17.806683,11950,1096,0.157839,60.247902,24,37,22
53.327518,0,18.4159400000001,37.9333009999999,9919,1114,0.202713,52.660053,16,38,19
