OK
587.362764
187
Boogie Dump Took : 1.405664
0.00938
25.011014
2.99334554545454
93.230964,0,51.7048600000002,3.311629,12414,318,0.05862,92.779191,19,14,10
105.23456,0,48.282572,5.015902,11048,406,0.018308,104.729329,15,18,14
125.368079,0,43.5054259999999,4.388399,10215,444,0.027564,124.873143,14,17,11
116.738096,0,43.1382270000002,5.830193,10886,440,0.0577390000000001,116.208728,15,14,14
102.591227,0,28.776298,12.67406,7399,614,0.062362,102.083054,7,20,28
127.869853,0,50.5030539999998,3.7855,11313,392,0.031672,127.347513,15,19,8
