OK
544.959043
162
Boogie Dump Took : 1.42785
0.016013
27.540114
3.2085090617284
95.036061,0,32.3571560000003,4.707548,13836,242,0.01998,94.526109,15,12,14
105.891633,0,34.272925,4.395377,14143,246,0.034346,105.43807,15,8,19
91.795986,0,36.3200620000002,5.605924,15277,280,0.029958,91.330202,16,13,11
126.644421,0,28.925721,5.356127,11775,404,0.0721260000000003,125.917478,10,8,21
95.143488,0,32.4444779999999,7.206171,13409,392,0.058984,94.641707,13,20,7
104.35787,0,27.50205,7.730369,11488,304,0.044106,103.611896,13,19,10
