OK
557.306841
158
Boogie Dump Took : 1.43872
0.015703
25.326666
3.3804747278481
149.77693,0,32.929471,3.57113,13888,254,0.040487,149.304839,16,10,12
129.665872,0,34.2839870000003,4.654594,14325,322,0.041603,129.176874,14,11,17
135.366647,0,32.9427549999998,4.141515,13755,320,0.072363,134.882399,15,13,18
114.505764,0,33.6734179999999,3.834047,13690,360,0.036738,114.047971,13,8,19
115.396234,0,35.8010460000001,4.226321,14896,264,0.017078,114.879383,17,13,14
115.562139,0,30.981339,4.03277,12995,278,0.010057,115.094947,15,13,10
