TIMEDOUT
3600
9910
Boogie Dump Took : 1.476279
0,0,0,0,0,0,0,5.759071,15,275,12
0,0,0,0,0,0,0,4.149711,10,303,9
0,0,0,0,0,0,0,1.433173,6,280,27
0,0,0,0,0,0,0,3.081949,9,294,15
0,0,0,0,0,0,0,2.751978,8,296,14
0,0,0,0,0,0,0,2.220582,8,297,11
0,0,0,0,0,0,0,6.764937,14,303,5
0,0,0,0,0,0,0,4.505508,4,300,5
0,0,0,0,0,0,0,6.039474,7,302,4
0,0,0,0,0,0,0,4.787202,5,303,2
0,0,0,0,0,0,0,4.488831,10,298,7
0,0,0,0,0,0,0,3.278043,5,304,9
0,0,0,0,0,0,0,3.676653,11,293,10
0,0,0,0,0,0,0,4.196286,7,306,9
0,0,0,0,0,0,0,3.510946,8,299,9
0,0,0,0,0,0,0,3.831679,6,292,7
0,0,0,0,0,0,0,3.303054,5,282,10
0,0,0,0,0,0,0,4.011005,9,283,5
0,0,0,0,0,0,0,4.081223,6,309,7
0,0,0,0,0,0,0,6.788308,12,291,1
0,0,0,0,0,0,0,3.879175,5,286,11
0,0,0,0,0,0,0,3.670484,4,300,4
0,0,0,0,0,0,0,6.162361,9,300,6
0,0,0,0,0,0,0,4.458397,7,306,7
0,0,0,0,0,0,0,5.957292,11,294,6
0,0,0,0,0,0,0,4.6273,5,290,9
0,0,0,0,0,0,0,3.796079,3,292,5
0,0,0,0,0,0,0,4.223647,7,303,8
0,0,0,0,0,0,0,4.749231,8,301,5
0,0,0,0,0,0,0,6.706827,8,305,3
0,0,0,0,0,0,0,4.293663,7,294,6
0,0,0,0,0,0,0,6.270701,11,290,2
