TIMEDOUT
3600
2513
Boogie Dump Took : 0.954298
0,0,0,0,0,0,0,154.676341,25,61,30
0,0,0,0,0,0,0,15.886931,25,65,33
0,0,0,0,0,0,0,95.76487,23,58,29
0,0,0,0,0,0,0,84.177711,24,60,29
0,0,0,0,0,0,0,30.800472,26,60,22
0,0,0,0,0,0,0,105.099085,27,72,25
0,0,0,0,0,0,0,15.627014,29,62,34
0,0,0,0,0,0,0,16.667403,17,62,17
0,0,0,0,0,0,0,17.180888,28,45,24
0,0,0,0,0,0,0,35.12331,18,38,21
0,0,0,0,0,0,0,102.29548,32,101,16
0,0,0,0,0,0,0,152.458037,22,62,17
0,0,0,0,0,0,0,50.665792,21,77,34
0,0,0,0,0,0,0,22.484779,27,89,24
0,0,0,0,0,0,0,13.92045,11,41,20
0,0,0,0,0,0,0,74.037224,17,71,14
0,0,0,0,0,0,0,15.545526,16,68,13
0,0,0,0,0,0,0,21.532352,16,20,14
0,0,0,0,0,0,0,47.935861,14,47,17
0,0,0,0,0,0,0,97.771532,19,43,21
0,0,0,0,0,0,0,132.107588,28,55,18
0,0,0,0,0,0,0,15.23536,17,82,14
0,0,0,0,0,0,0,37.604917,20,67,17
0,0,0,0,0,0,0,175.282436,22,35,16
0,0,0,0,0,0,0,14.970681,10,10,15
0,0,0,0,0,0,0,98.713443,27,52,25
0,0,0,0,0,0,0,55.797655,17,49,16
0,0,0,0,0,0,0,60.963384,17,27,17
0,0,0,0,0,0,0,38.029811,16,28,14
0,0,0,0,0,0,0,93.13913,14,88,17
0,0,0,0,0,0,0,13.812797,20,99,19
0,0,0,0,0,0,0,15.621383,19,55,22
