OK
1697.612293
764
Boogie Dump Took : 1.531988
0.007322
11.938624
2.20208625
71.921933,0,40.7878230000001,38.314978,17242,656,0.012745,70.122064,17,77,23
54.023429,0,45.3779599999998,32.507961,19014,578,0.012301,52.455746,18,78,21
67.539685,0,38.8037910000001,30.954008,16701,583,0.00796399999999998,65.918208,18,76,19
66.742332,0,79.8247130000002,25.278604,31593,461,0.0346419999999999,65.047495,35,67,11
70.465933,0,43.7079950000001,32.865928,19062,565,0.0226750000000002,68.682259,19,85,11
61.598606,0,29.8639120000001,45.628484,13458,487,0.020959,59.995587,12,65,31
53.98952,0,37.6457029999999,30.712881,16809,523,0.011142,52.528368,16,74,18
61.026234,0,32.769378,33.859542,14464,726,0.014366,59.229486,14,93,15
