NOK
10.881097
88
Boogie Dump Took : 1.270319
0.00053
0.772899
0.100891193181818
0,0,0,0,0,0,0,2.379061,1,1,1
0,0,0,0,0,0,0,1.587691,2,0,5
0,0,0,0,0,0,0,2.361703,2,0,2
0,0,0,0,0,0,0,2.603881,2,0,1
0,0,0,0,0,0,0,2.582121,2,0,1
0,0,0,0,0,0,0,2.593774,2,0,1
0,0,0,0,0,0,0,2.568503,1,0,1
0,0,0,0,0,0,0,2.566999,1,1,1
0,0,0,0,0,0,0,2.532107,2,0,3
0,0,0,0,0,0,0,2.622512,2,1,2
0,0,0,0,0,0,0,2.617473,2,0,1
0,0,0,0,0,0,0,2.942423,3,0,2
0,0,0,0,0,0,0,2.696464,2,0,1
0,0,0,0,0,0,0,2.690343,2,1,1
0,0,0,0,0,0,0,2.878827,2,1,1
0,0,0,0,0,0,0,2.927652,3,1,3
0,0,0,0,0,0,0,2.894366,2,1,1
0,0,0,0,0,0,0,2.764387,2,0,1
0,0,0,0,0,0,0,2.790106,2,0,3
0,0,0,0,0,0,0,2.768321,2,1,1
0,0,0,0,0,0,0,2.894959,2,0,1
0,0,0,0,0,0,0,2.803096,2,0,1
0,0,0,0,0,0,0,2.13657,2,0,5
0,0,0,0,0,0,0,2.335316,3,0,5
0,0,0,0,0,0,0,2.441414,2,0,5
0,0,0,0,0,0,0,2.375059,1,0,2
0,0,0,0,0,0,0,2.514448,1,0,2
0,0,0,0,0,0,0,2.751832,3,0,1
0,0,0,0,0,0,0,2.781276,4,0,1
0,0,0,0,0,0,0,2.617383,2,0,2
0,0,0,0,0,0,0,2.527297,2,0,2
0,0,0,0,0,0,0,2.569129,1,0,1
#stats#
TotalSplitsOR: 3
TotalSplitsAND: 85
Non-Leading client : comma seperated leading clients killed
9 : 
11 : 
8 : 
10 : 
12 : 
13 : 
14 : 
15 : 
16 : 
17 : 
18 : 
19 : 
21 : 
20 : 
11 : 
24 : 
22 : 
28 : 
23 : 
27 : 
29 : 
30 : 
28 : 
27 : 
14 : 
15 : 
23 : 
28 : 
9 : 
15 : 
16 : 
13 : 
19 : 
Node : startTime, EndTime