OK
3.630042
7
Boogie Dump Took : 2.510266
0.002293
0.327634
0.141458142857143
0,0,0,0,0,0,0,0,0,0,1
0,0,0,0,0,0,0,0.62383,1,0,0
0,0,0,0,0,0,0,0,0,0,0
0,0,0,0,0,0,0,0,0,0,0
0,0,0,0,0,0,0,0,0,0,0
0,0,0,0,0,0,0,0,0,0,0
0,0,0,0,0,0,0,0,0,0,0
0,0,0,0,0,0,0,0,0,0,0
0,0,0,0,0,0,0,0.000124,1,0,1
0,0,0,0,0,0,0,0.000173,1,0,1
0,0,0,0,0,0,0,0.000198,1,0,1
0,0,0,0,0,0,0,0.185937,1,0,0
0,0,0,0,0,0,0,0.572332,1,0,0
0,0,0,0,0,0,0,0.387057,1,0,0
0,0,0,0,0,0,0,0,0,0,0
0,0,0,0,0,0,0,0,0,0,0
0,0,0,0,0,0,0,0,0,0,0
0,0,0,0,0,0,0,0,0,0,0
0,0,0,0,0,0,0,0,0,0,0
0,0,0,0,0,0,0,0,0,0,0
0,0,0,0,0,0,0,0,0,0,0
0,0,0,0,0,0,0,0,0,0,0
0,0,0,0,0,0,0,0,0,0,0
0,0,0,0,0,0,0,0,0,0,0
0,0,0,0,0,0,0,0,0,0,0
0,0,0,0,0,0,0,0,0,0,0
0,0,0,0,0,0,0,0,0,0,0
0,0,0,0,0,0,0,0,0,0,0
0,0,0,0,0,0,0,0,0,0,0
0,0,0,0,0,0,0,0,0,0,0
0,0,0,0,0,0,0,0,0,0,0
0,0,0,0,0,0,0,0,0,0,0
#stats#
TotalSplitsOR: 3
TotalSplitsAND: 4
Non-Leading client : comma seperated leading clients killed
8 : 
10 : 
9 : 
Node : startTime, EndTime
15 : 19-05 22:37:22.429769,19-05 22:37:23.284683
16 : 19-05 22:37:22.553296,19-05 22:37:23.284728
10 : 19-05 22:37:22.427332,19-05 22:37:23.284729
11 : 19-05 22:37:22.501620,19-05 22:37:23.284743
5 : 19-05 22:37:22.418409,19-05 22:37:23.284744
6 : 19-05 22:37:22.421785,19-05 22:37:23.284775