OK
456.194516
213
Boogie Dump Took : 1.476736
0.02996
8.973255
2.08992748826291
40.560928,0,22.62303,2.693646,6339,290,0.017423,40.081548,11,22,13
39.315859,0,24.311881,2.809393,7099,374,0.00520499999999999,38.831985,12,21,16
27.846435,0,25.660154,3.353734,7240,392,0.0350550000000001,27.223117,13,27,14
35.183574,0,29.133897,2.001928,5209,244,0.013995,34.673202,10,22,11
30.44815,0,20.328818,2.527107,5140,254,0.031806,29.640878,10,27,6
25.743256,0,24.8368840000001,3.986677,8218,396,0.008461,25.27381,14,24,10
