OK
91.648652
41
Boogie Dump Took : 2.791361
0.007796
11.452953
1.89058192682927
35.041675,0,11.588518,0.16056,3376,46,0.002776,34.705477,8,1,1
36.882472,0,7.30292100000001,1.596967,2420,74,0.000528,36.489933,5,2,12
29.460691,0,11.895413,0.293669,3513,66,0.000441,29.099667,8,1,3
33.662676,0,7.55143600000001,0.785889,2396,142,0.00763700000000001,33.332806,3,0,15
40.247252,0,9.83034300000002,0.43977,2829,30,0.000273,39.978367,6,1,4
44.022842,0,9.17039500000001,0.110014,2773,30,0.022177,43.692969,6,0,1
