OK
677.450933
197
Boogie Dump Took : 1.443893
0.01677
27.221324
3.30681804568528
120.793548,0,42.5601499999999,6.104432,17190,302,0.071237,120.026056,18,13,17
122.302537,0,35.397265,6.821147,15101,324,0.028316,121.745665,15,18,14
79.855846,0,35.1310990000002,8.39416,14757,498,0.123585,79.301562,12,15,26
103.14088,0,41.2040570000002,6.500728,17186,334,0.070938,102.541912,18,17,15
99.486131,0,39.5913010000001,8.221658,16579,368,0.0865570000000001,98.981542,15,19,13
131.226111,0,37.4353529999997,5.654794,15693,336,0.037337,130.7314,17,20,10
