OK
176.995878
99
Boogie Dump Took : 1.74105
0.000247
9.450197
1.71851002020202
27.250626,0,8.76448000000001,2.194462,2896,254,0.015004,26.863395,6,8,7
22.192894,0,10.595305,2.186801,3626,240,0.051849,21.85145,8,9,7
22.734005,0,9.03637799999999,2.348914,3155,270,0.001487,22.33512,7,10,10
19.629927,0,11.288398,1.598421,4176,258,0.013253,19.190101,9,10,5
25.676966,0,8.762307,2.745724,3127,320,0.0326410000000001,24.691634,5,10,8
27.767958,0,9.41325999999998,2.168818,3310,246,0.034745,27.368068,8,9,6
