OK
867.793185
234
Boogie Dump Took : 1.143543
0.009739
39.807033
3.53765573931624
221.570004,0,30.8720630000001,7.563147,12997,164,0.001419,220.520318,8,18,12
188.513505,0,45.0169669999998,10.072499,18910,254,0.002287,187.650352,12,26,11
188.751286,0,33.499376,5.819552,12870,158,0.001626,188.08419,10,12,8
209.688605,0,46.8700539999997,9.281326,19508,229,0.00211,208.455081,12,22,10
191.657216,0,53.9445169999995,7.396195,21481,180,0.001626,190.73875,15,19,12
183.364602,0,42.9179530000001,7.777637,17636,168,0.001586,182.311002,11,13,14
194.954774,0,31.9884380000001,9.340664,13276,169,0.001709,193.867918,9,19,10
226.464938,0,37.902876,7.929947,15554,176,0.002033,225.584818,9,19,9
