OK
1003.341974
92
Boogie Dump Took : 2.971507
0.390568
162.715053
10.4884553369565
535.510839,0,170.473917000001,3.559766,13749,69,0.000976,534.840309,16,2,11
482.816451,0,116.741813,2.221023,9025,43,0.000664,482.222269,13,1,8
491.98203,0,69.1647109999999,1.788865,5783,48,0.000762,491.460947,8,1,14
331.595555,0,99.8864029999999,2.764969,8877,44,0.000789,330.999967,9,1,13
467.520917,0,92.0431770000001,1.37404,7829,48,0.000771,467.007566,10,0,8
459.069291,0,66.5706880000001,1.920262,5246,54,0.001068,458.545884,8,1,10
534.321227,0,117.087916,1.226068,9038,43,0.000707,533.793312,12,0,9
523.220202,0,87.3767040000003,1.536401,7212,44,0.00065,522.656443,9,1,12
