OK
345.204437
72
Boogie Dump Took : 2.424986
0.002748
46.007065
4.703902375
213.852835,0,18.821362,0.39593,1707,31,0.000477,213.355113,8,0,7
200.15436,0,24.021458,0.735171,2917,40,0.000795,199.668577,9,0,12
227.189863,0,30.478804,0.37126,3280,30,0.000526,226.680685,12,0,7
183.222561,0,21.804425,0.445975,2656,38,0.007476,182.737346,8,0,11
218.258026,0,28.156304,0.794466,3168,39,0.000554,217.623056,11,0,13
224.333449,0,24.276657,0.462399,2850,31,0.000527,223.858627,9,0,8
176.881144,0,12.473306,0.419252,1119,25,0.000428,176.45991,5,0,8
224.348628,0,26.373924,0.553913,2931,29,0.000499,223.904778,10,0,6
