OK
491.668289
151
Boogie Dump Took : 12.226387
0.093841
27.687853
3.1384622781457
86.739845,0,62.843381,0.594253,4179,77,0.000908,86.166193,17,0,20
138.228184,0,63.134231,0.70117,3956,86,0.000926,137.563533,19,0,20
176.54234,0,54.8916420000001,0.525747,3533,64,0.000783,176.01575,18,0,13
149.095589,0,59.308124,0.763663,3910,73,0.000911000000000001,148.422999,18,0,22
132.288693,0,61.7500310000001,0.757858,3873,75,0.000949,131.670328,18,0,19
152.474735,0,57.3650520000001,0.757759,3633,64,0.000802,151.900868,17,0,21
205.69528,0,62.4460839999999,0.653641,3722,72,0.001162,205.135257,21,0,18
212.807027,0,74.550007,1.008462,4728,75,0.000885000000000001,211.92762,23,0,18
