OK
1387.551608
123
Boogie Dump Took : 2.915861
0.026006
52.060491
10.7033030569106
398.007518,0,261.483219,4.80656,15070,84,0.001168,397.243451,17,0,16
372.378847,0,214.918789000001,4.506679,12753,86,0.001182,371.731506,16,1,16
322.636764,0,188.712772000001,2.633864,11604,85,0.00114,322.006623,13,1,14
401.306309,0,256.816637,2.219491,15137,74,0.001051,400.742563,14,1,13
403.503545,0,260.728185,3.260699,14573,83,0.001143,402.718387,17,1,13
350.116308,0,176.303486,5.065417,9050,79,0.001125,349.486507,13,0,16
412.231431,0,195.514371,3.433955,11243,74,0.001134,411.615343,13,1,12
444.79135,0,244.033785,6.622682,13953,73,0.001021,443.795739,14,1,17
