OK
535.279073
145
Boogie Dump Took : 2.843033
0.027468
31.808935
3.59647926206897
178.490757,0,144.529554000001,2.070521,10316,92,0.001091,177.763676,20,0,24
177.448408,0,120.739686,1.393781,8268,105,0.001295,176.595833,18,1,14
149.545846,0,87.6438050000001,2.003211,6564,134,0.001857,148.713756,12,0,25
158.821255,0,104.469147,1.486637,7432,101,0.001262,158.115805,16,0,16
142.704135,0,132.839012,1.366402,9830,110,0.00265399999999999,141.927544,19,0,13
142.228947,0,156.040515,1.786364,10858,122,0.001468,141.374933,22,1,18
160.582401,0,100.143654,1.678294,7310,106,0.001291,159.770263,14,1,20
156.732148,0,129.131218,1.363268,8942,88,0.001217,156.107176,20,1,11
