55156736
53864

74870784
73116

78352384
76516

86360064
84336

95686656
93444

100634624
98276

106950656
104444

110239744
107656

111529984
108916

118153216
115384

120975360
118140

125894656
122944

129839104
126796

130387968
127332

130940928
127872

131371008
128292

132141056
129044

132706304
129596

137752576
134524

145928192
142508

146771968
143332

147677184
144216

147677184
144216

152281088
148712

155004928
151372

156061696
152404

169259008
165292

173080576
169024

175636480
171520

178475008
174292

179892224
175676

184074240
179760

185319424
180976

186343424
181976

192049152
187548

194093056
189544

198389760
193740

203251712
198488

204296192
199508

204296192
199508

209690624
204776

212701184
207716

212701184
207716

212701184
207716

216563712
211488

216563712
211488

217088000
212000

220770304
215596

224206848
218952

225615872
220328

231591936
226164

237441024
231876

237441024
231876

240758784
235116

243380224
237676

245673984
239916

263495680
257320

265035776
258824

279687168
273132

280211456
273644

280211456
273644

280211456
273644

280211456
273644

289148928
282372

292425728
285572

292425728
285572

302043136
294964

302043136
294964

302043136
294964

303566848
296452

305385472
298228

309895168
302632

309895168
302632

309895168
302632

309895168
302632

313139200
305800

313401344
306056

313663488
306312

314118144
306756

315670528
308272

315670528
308272

320299008
312792

326332416
318684

326332416
318684

326332416
318684

327553024
319876

327553024
319876

327946240
320260

332963840
325160

332963840
325160

336457728
328572

338083840
330160

338083840
330160

339255296
331304

339255296
331304

339255296
331304

346787840
338660

348676096
340504

348676096
340504

348676096
340504

352870400
344600

355778560
347440

355778560
347440

359518208
351092

359518208
351092

365547520
356980

365547520
356980

365547520
356980

365547520
356980

375316480
366520

380030976
371124

380030976
371124

380030976
371124

381669376
372724

381669376
372724

381669376
372724

383766528
374772

385519616
376484

390217728
381072

390217728
381072

396070912
386788

398282752
388948

398282752
388948

398282752
388948

398282752
388948

399355904
389996

399355904
389996

400535552
391148

401584128
392172

412110848
402452

412110848
402452

412110848
402452

412110848
402452

414715904
404996

416378880
406620

416378880
406620

418250752
408448

421441536
411564

421441536
411564

442413056
432044

449699840
439160

449699840
439160

450748416
440184

452218880
441620

452218880
441620

452218880
441620

456105984
445416

456105984
445416

456105984
445416

456105984
445416

456368128
445672

459325440
448560

460402688
449612

460402688
449612

461451264
450636

461737984
450916

463609856
452744

465182720
454280

465182720
454280

465182720
454280

467824640
456860

470036480
459020

472944640
461860

474787840
463660

474787840
463660

475373568
464232

479748096
468504

480796672
469528

480796672
469528

488923136
477464

488923136
477464

488923136
477464

488923136
477464

489246720
477780

489246720
477780

490061824
478576

492941312
481388

494231552
482648

494231552
482648

495742976
484124

496791552
485148

496791552
485148

496791552
485148

498536448
486852

499720192
488008

507121664
495236

514154496
502104

515903488
503812

519639040
507460

519639040
507460

519639040
507460

519639040
507460

519639040
507460

520687616
508484

525426688
513112

527171584
514816

527171584
514816

527171584
514816

530804736
518364

532463616
519984

532463616
519984

532463616
519984

534441984
521916

534605824
522076

534605824
522076

535543808
522992

538755072
526128

538755072
526128

541741056
529044

542019584
529316

544223232
531468

544223232
531468

546910208
534092

549515264
536636

552824832
539868

552824832
539868

552824832
539868

552824832
539868

552824832
539868

552972288
540012

558370816
545284

558370816
545284

558370816
545284

559419392
546308

560730112
547588

561270784
548116

562114560
548940

572076032
558668

572076032
558668

572076032
558668

574304256
560844

574304256
560844

574304256
560844

576712704
563196

577761280
564220

577761280
564220

587849728
574072

587849728
574072

587849728
574072

588263424
574476

589840384
576016

590888960
577040

595849216
581884

600121344
586056

600907776
586824

600907776
586824

600907776
586824

612798464
598436

612798464
598436

613896192
599508

613896192
599508

619495424
604976

624738304
610096

624738304
610096

624738304
610096

624738304
610096

624738304
610096

624738304
610096

626573312
611888

626835456
612144

627974144
613256

629022720
614280

629809152
615048

630071296
615304

631066624
616276

632918016
618084

632918016
618084

632918016
618084

634023936
619164

634023936
619164

634023936
619164

635686912
620788

637476864
622536

637476864
622536

637476864
622536

641785856
626744

643883008
628792

643883008
628792

643883008
628792

645402624
630276

645402624
630276

645402624
630276

645976064
630836

648183808
632992

648183808
632992

648335360
633288

650756096
635504

651804672
636528

652521472
637228

655757312
640388

656543744
641156

656543744
641156

657178624
641776

657965056
642544

658227200
642800

658227200
642800

660303872
644828

661078016
645584

661078016
645584

679952384
664016

679952384
664016

679952384
664016

679952384
664016

679952384
664016

679952384
664016

679952384
664016

679952384
664016

680476672
664528

687816704
671696

687816704
671696

687816704
671696

688865280
672720

688865280
672720

688865280
672720

689602560
673440

691789824
675576

692838400
676600

692838400
676600

702791680
686320

702791680
686320

702791680
686320

702791680
686320

702791680
686320

703315968
686832

703840256
687344

703840256
687344

703840256
687344

704888832
688368

705937408
689392

705937408
689392

705937408
689392

706985984
690416

708034560
691440

708034560
691440

708034560
691440

708034560
691440

709120000
692500

709120000
692500

709120000
692500

709120000
692500

710168576
693524

712265728
695572

712265728
695572

712974336
696264

713396224
696676

713396224
696676

713396224
696676

713396224
696676

714444800
697700

715493376
698724

715493376
698724

715493376
698724

715919360
699140

718962688
702112

719339520
702480

720171008
703292

720171008
703292

720883712
703988

721408000
704500

721408000
704500

721408000
704500

728629248
711552

729677824
712576

730726400
713600

730726400
713600

731152384
714016

732258304
715096

733306880
716120

733306880
716120

733306880
716120

733306880
716120

733306880
716120

733306880
716120

733749248
716552

734826496
717604

735744000
718500

736137216
718884

736137216
718884

736137216
718884

737259520
719980

737259520
719980

742518784
725116

743624704
726196

744542208
727092

744542208
727092

744542208
727092

744542208
727092

744542208
727092

744542208
727092

744542208
727092

744542208
727092

744542208
727092

744542208
727092

744542208
727092

744833024
727376

750452736
732864

751616000
734000

752664576
735024

752664576
735024

752664576
735024

752664576
735024

752664576
735024

752664576
735024

754806784
737116

755724288
738012

756117504
738396

756117504
738396

756117504
738396

756117504
738396

756117504
738396

756117504
738396

760479744
742656

761528320
743680

761528320
743680

0

