NOK
452.53794
725
Boogie Dump Took : 5.375491
0.000372
3.814614
0.614141782068966
0,0,0,0,0,0,0,40.604336,4,7,12
0,0,0,0,0,0,0,30.131774,3,16,6
0,0,0,0,0,0,0,39.908448,5,8,7
0,0,0,0,0,0,0,36.007175,6,19,4
0,0,0,0,0,0,0,36.477049,5,15,4
0,0,0,0,0,0,0,34.13693,4,19,7
0,0,0,0,0,0,0,34.891259,8,17,5
0,0,0,0,0,0,0,36.868341,5,18,4
0,0,0,0,0,0,0,33.954839,7,12,3
0,0,0,0,0,0,0,39.472517,4,7,3
0,0,0,0,0,0,0,25.776377,3,6,7
0,0,0,0,0,0,0,38.419661,4,5,2
0,0,0,0,0,0,0,38.529532,4,9,7
0,0,0,0,0,0,0,35.685622,5,14,4
0,0,0,0,0,0,0,32.273437,3,6,2
0,0,0,0,0,0,0,40.5717,5,6,4
0,0,0,0,0,0,0,38.113803,5,5,5
0,0,0,0,0,0,0,42.615484,4,16,4
0,0,0,0,0,0,0,39.565106,5,21,3
0,0,0,0,0,0,0,38.322934,5,16,2
0,0,0,0,0,0,0,32.12074,3,17,6
0,0,0,0,0,0,0,37.784861,5,16,3
0,0,0,0,0,0,0,39.120878,5,11,4
0,0,0,0,0,0,0,29.647979,2,21,5
0,0,0,0,0,0,0,37.539768,5,26,3
0,0,0,0,0,0,0,38.946602,4,7,3
0,0,0,0,0,0,0,40.897884,3,8,4
0,0,0,0,0,0,0,36.632088,3,9,5
0,0,0,0,0,0,0,37.065083,5,20,4
0,0,0,0,0,0,0,37.421216,5,21,3
0,0,0,0,0,0,0,36.036033,5,18,3
0,0,0,0,0,0,0,37.166384,3,20,4
