TIMEDOUT
3600
355
Boogie Dump Took : 43.875216
0,0,0,0,0,0,0,440.13043,5,1,2
0,0,0,0,0,0,0,440.192301,7,6,5
0,0,0,0,0,0,0,405.616142,5,5,9
0,0,0,0,0,0,0,63.74414,3,10,15
0,0,0,0,0,0,0,449.054031,8,4,4
0,0,0,0,0,0,0,353.524768,5,2,2
0,0,0,0,0,0,0,405.772905,10,0,6
0,0,0,0,0,0,0,418.619201,6,0,4
0,0,0,0,0,0,0,327.079606,5,7,11
0,0,0,0,0,0,0,282.386034,6,0,5
0,0,0,0,0,0,0,420.16558,7,1,3
0,0,0,0,0,0,0,271.121549,4,3,4
0,0,0,0,0,0,0,327.71046,3,0,6
0,0,0,0,0,0,0,337.584504,5,4,7
0,0,0,0,0,0,0,325.955835,5,2,3
0,0,0,0,0,0,0,262.595629,5,5,5
0,0,0,0,0,0,0,333.343925,3,2,3
0,0,0,0,0,0,0,446.602585,7,10,4
0,0,0,0,0,0,0,353.133634,7,4,3
0,0,0,0,0,0,0,329.783796,5,1,5
0,0,0,0,0,0,0,279.424471,2,6,13
0,0,0,0,0,0,0,352.246496,4,2,5
0,0,0,0,0,0,0,219.246088,1,3,4
0,0,0,0,0,0,0,373.283426,5,7,5
0,0,0,0,0,0,0,416.875037,6,11,4
0,0,0,0,0,0,0,336.511437,5,1,6
0,0,0,0,0,0,0,319.922515,4,2,5
0,0,0,0,0,0,0,415.183253,6,4,3
0,0,0,0,0,0,0,412.039006,4,3,3
0,0,0,0,0,0,0,336.05705,5,9,3
0,0,0,0,0,0,0,391.269425,4,4,2
0,0,0,0,0,0,0,390.255988,5,12,3
