OK
277.736874
100
Boogie Dump Took : 0.999369
0.001472
5.554184
0.84921094
147.001777,0,7.067279,0.345711,3556,146,0.001027,146.571075,13,1,9
77.795309,0,7.19635800000001,0.287017,3874,122,0.000872999999999999,77.246953,17,1,6
204.106941,0,5.76402399999999,0.797502,2966,172,0.001281,203.448191,13,1,13
188.128122,0,5.100907,0.612195,2502,198,0.001502,187.634901,11,0,21
63.410205,0,5.33450999999999,0.429226,2960,160,0.001124,62.966545,11,1,12
12.561598,0,4.060598,0.397469,2280,160,0.00114,12.094588,11,0,12
151.491358,0,3.507288,0.559299,1800,198,0.001439,151.056265,6,2,8
143.857651,0,5.48827300000001,0.56505,2935,170,0.001222,143.312237,11,1,12
