OK
30.67379
39
Boogie Dump Took : 1.229708
0.005891
3.681072
0.644504564102564
18.324643,0,3.160432,0.248987,832,30,0.000342,18.019072,5,0,5
22.086655,0,2.248681,0.192086,538,28,0.000328,21.792381,6,0,6
20.722144,0,2.62535,0.198261,670,28,0.000301,20.408986,6,0,6
21.693235,0,2.350261,0.191961,588,24,0.000306,21.413237,5,0,6
19.524598,0,2.986351,0.214215,761,30,0.000384,19.18915,7,0,8
12.543921,0,3.163947,0.213544,725,52,0.000536,12.237859,3,0,5
15.929886,0,2.040975,0.236238,491,50,0.000451,15.619342,2,1,1
21.413581,0,2.219338,0.156492,585,28,0.00034,21.126643,4,0,1
