OK
1832.367444
1034
Boogie Dump Took : 1.570098
0.00089
10.019037
1.76298132301741
72.509119,0,25.2864559999999,102.616547,10829,1221,0.0298570000000003,70.588151,21,77,28
78.899544,0,33.6873779999999,55.667722,13997,1749,0.0579600000000001,77.032064,28,117,11
60.259421,0,17.32124,90.063056,7552,1877,0.0468609999999999,58.568429,13,122,27
69.747473,0,25.23366,134.339817,10910,1671,0.0565949999999999,68.043053,20,123,7
57.39315,0,16.928669,76.780171,7303,1531,0.0565159999999998,55.697133,14,98,25
62.527008,0,24.734196,72.4683809999999,10755,1622,0.0556069999999999,60.771943,22,117,11
63.946859,0,23.612085,104.389071,10105,1622,0.0559719999999999,61.905668,20,104,26
72.12897,0,24.65402,88.2624290000001,10410,1822,0.0442019999999997,70.211853,18,120,21
