OK
1104.508685
1936
Boogie Dump Took : 1.819476
0.000526
20.270605
0.558299587293388
0,0,0,0,0,0,0,130.405317,16,29,26
0,0,0,0,0,0,0,165.103472,17,39,18
0,0,0,0,0,0,0,111.949863,15,34,19
0,0,0,0,0,0,0,223.000879,18,34,22
0,0,0,0,0,0,0,180.525789,16,35,19
0,0,0,0,0,0,0,176.407461,21,39,18
0,0,0,0,0,0,0,197.692183,19,40,16
0,0,0,0,0,0,0,118.989085,19,33,21
0,0,0,0,0,0,0,115.480759,17,44,18
0,0,0,0,0,0,0,167.231506,19,35,13
0,0,0,0,0,0,0,138.901162,19,42,16
0,0,0,0,0,0,0,164.284661,15,39,23
0,0,0,0,0,0,0,207.992082,16,38,13
0,0,0,0,0,0,0,138.824153,22,42,12
0,0,0,0,0,0,0,221.519247,18,36,19
0,0,0,0,0,0,0,123.883126,14,26,20
0,0,0,0,0,0,0,132.109955,17,37,18
0,0,0,0,0,0,0,128.388415,17,43,13
0,0,0,0,0,0,0,116.579634,19,34,11
0,0,0,0,0,0,0,165.149941,18,23,25
0,0,0,0,0,0,0,164.561888,18,39,17
0,0,0,0,0,0,0,163.626671,17,30,12
0,0,0,0,0,0,0,132.295443,16,43,12
0,0,0,0,0,0,0,137.790829,17,40,12
0,0,0,0,0,0,0,152.813521,20,27,14
0,0,0,0,0,0,0,132.75493,16,46,15
0,0,0,0,0,0,0,196.31246,15,36,25
0,0,0,0,0,0,0,163.590371,12,39,20
0,0,0,0,0,0,0,205.401387,15,37,11
0,0,0,0,0,0,0,129.125895,18,36,15
0,0,0,0,0,0,0,140.702237,16,34,16
0,0,0,0,0,0,0,167.339173,16,43,19
