OK
2127.021577
5634
Boogie Dump Took : 1.677022
0.000906
5.556139
0.375640940894569
0,0,0,0,0,0,0,33.272913,22,123,33
0,0,0,0,0,0,0,37.370411,15,96,28
0,0,0,0,0,0,0,33.104222,24,124,26
0,0,0,0,0,0,0,34.769615,18,147,12
0,0,0,0,0,0,0,30.033419,14,147,23
0,0,0,0,0,0,0,31.362325,17,141,15
0,0,0,0,0,0,0,32.300588,22,139,17
0,0,0,0,0,0,0,31.154197,20,93,11
0,0,0,0,0,0,0,34.938326,17,143,23
0,0,0,0,0,0,0,38.107135,25,126,12
0,0,0,0,0,0,0,36.74003,23,113,23
0,0,0,0,0,0,0,26.229195,14,142,17
0,0,0,0,0,0,0,33.117933,17,135,14
0,0,0,0,0,0,0,39.966562,17,125,16
0,0,0,0,0,0,0,34.211237,23,147,17
0,0,0,0,0,0,0,31.819688,25,124,12
0,0,0,0,0,0,0,27.234907,15,150,23
0,0,0,0,0,0,0,33.353955,17,137,18
0,0,0,0,0,0,0,30.206476,27,128,17
0,0,0,0,0,0,0,30.871737,23,138,25
0,0,0,0,0,0,0,30.355367,20,130,28
0,0,0,0,0,0,0,32.86216,21,128,6
0,0,0,0,0,0,0,31.951279,14,123,9
0,0,0,0,0,0,0,32.098485,12,152,26
0,0,0,0,0,0,0,41.211376,14,109,22
0,0,0,0,0,0,0,29.640734,19,121,12
0,0,0,0,0,0,0,39.264584,18,142,26
0,0,0,0,0,0,0,34.929182,15,129,20
0,0,0,0,0,0,0,41.373338,13,145,27
0,0,0,0,0,0,0,33.451338,13,148,7
0,0,0,0,0,0,0,32.370477,17,137,13
0,0,0,0,0,0,0,34.920715,23,114,16
