OK
62.937109
263
Boogie Dump Took : 1.141869
0.000319
7.29427
0.233671448669201
0,0,0,0,0,0,0,6.150208,6,1,6
0,0,0,0,0,0,0,7.715254,13,1,8
0,0,0,0,0,0,0,3.895805,8,2,7
0,0,0,0,0,0,0,3.742114,9,1,18
0,0,0,0,0,0,0,3.846467,8,1,11
0,0,0,0,0,0,0,3.348293,6,1,5
0,0,0,0,0,0,0,4.389157,7,0,7
0,0,0,0,0,0,0,7.740676,10,2,6
0,0,0,0,0,0,0,4.759988,9,0,9
0,0,0,0,0,0,0,5.403395,10,2,8
0,0,0,0,0,0,0,3.402587,4,0,5
0,0,0,0,0,0,0,3.922375,7,0,12
0,0,0,0,0,0,0,3.626318,6,0,6
0,0,0,0,0,0,0,5.139919,9,0,6
0,0,0,0,0,0,0,5.495488,8,0,8
0,0,0,0,0,0,0,5.44682,8,0,7
0,0,0,0,0,0,0,3.697121,8,1,11
0,0,0,0,0,0,0,8.199329,6,0,10
0,0,0,0,0,0,0,6.09672,7,2,5
0,0,0,0,0,0,0,4.434643,8,0,10
0,0,0,0,0,0,0,4.105,8,1,6
0,0,0,0,0,0,0,4.35581,7,0,7
0,0,0,0,0,0,0,3.806579,8,1,6
0,0,0,0,0,0,0,5.764088,6,0,7
0,0,0,0,0,0,0,4.622572,7,0,7
0,0,0,0,0,0,0,4.087113,8,2,4
0,0,0,0,0,0,0,4.802498,7,1,6
0,0,0,0,0,0,0,6.191095,9,1,9
0,0,0,0,0,0,0,3.148434,4,4,8
0,0,0,0,0,0,0,6.43678,5,0,3
0,0,0,0,0,0,0,3.625524,4,0,5
0,0,0,0,0,0,0,4.101863,8,1,5
