OK
846.156397
87
Boogie Dump Took : 3.619671
0.003794
151.382526
9.13973455172414
155.551732,0,59.6627490000003,2.02772,12786,80,0.00101,154.671411,14,0,8
206.843469,0,52.890659,2.723528,10576,115,0.001176,205.991645,10,0,11
122.481427,0,55.5509780000001,3.683357,11886,121,0.00139,121.419235,13,0,18
187.63051,0,47.9298459999999,3.101014,9804,105,0.00933900000000002,186.499804,11,1,18
193.848517,0,41.2321480000001,1.878264,8295,98,0.00845,192.845747,8,0,6
160.883845,0,53.072523,2.45499,10588,126,0.001178,159.822323,11,1,6
217.435725,0,32.903714,2.432509,6863,111,0.003815,216.344836,5,1,5
133.290707,0,52.6637650000001,3.773629,10582,154,0.001544,131.924996,11,1,11
