NOK
10.012456
82
Boogie Dump Took : 1.531115
0.00038
0.54519
0.0995486219512195
0,0,0,0,0,0,0,2.330012,1,1,1
0,0,0,0,0,0,0,2.285847,2,0,2
0,0,0,0,0,0,0,2.522962,2,0,1
0,0,0,0,0,0,0,1.538274,2,0,5
0,0,0,0,0,0,0,2.47172,2,0,1
0,0,0,0,0,0,0,2.495234,1,1,1
0,0,0,0,0,0,0,2.540115,2,0,1
0,0,0,0,0,0,0,2.570975,1,0,1
0,0,0,0,0,0,0,2.542504,2,0,2
0,0,0,0,0,0,0,2.637141,4,0,3
0,0,0,0,0,0,0,2.680388,2,0,3
0,0,0,0,0,0,0,2.425711,4,0,3
0,0,0,0,0,0,0,2.880003,3,0,1
0,0,0,0,0,0,0,2.841728,3,0,4
0,0,0,0,0,0,0,2.753631,3,0,1
0,0,0,0,0,0,0,2.770523,4,0,1
0,0,0,0,0,0,0,2.666939,2,0,1
0,0,0,0,0,0,0,2.912296,5,0,2
0,0,0,0,0,0,0,2.708134,2,0,1
0,0,0,0,0,0,0,2.739435,2,0,1
0,0,0,0,0,0,0,2.859514,2,1,1
0,0,0,0,0,0,0,1.658777,1,1,4
0,0,0,0,0,0,0,2.266261,2,0,6
0,0,0,0,0,0,0,2.647923,2,1,1
0,0,0,0,0,0,0,2.048757,1,0,3
0,0,0,0,0,0,0,2.027821,1,0,3
0,0,0,0,0,0,0,2.130702,2,0,3
0,0,0,0,0,0,0,2.124112,1,0,2
0,0,0,0,0,0,0,2.096171,1,0,1
0,0,0,0,0,0,0,2.179678,1,1,2
0,0,0,0,0,0,0,2.240765,1,1,0
0,0,0,0,0,0,0,2.415362,1,1,0
#stats#
TotalSplitsOR: 3
TotalSplitsAND: 79
Non-Leading client : comma seperated leading clients killed
11 : 
8 : 
9 : 
10 : 
13 : 
12 : 
14 : 
15 : 
16 : 
17 : 
18 : 
20 : 
19 : 
23 : 
22 : 
9 : 
15 : 
30 : 
17 : 
9 : 
29 : 
11 : 
23 : 
31 : 
12 : 
26 : 
14 : 
17 : 
15 : 
13 : 
11 : 
21 : 
17 : 
20 : 
Node : startTime, EndTime