NOK
40.594051
149
Boogie Dump Took : 1.557122
0.001086
2.663235
0.25877489261745
0,0,0,0,0,0,0,2.568442,2,2,1
0,0,0,0,0,0,0,2.458588,2,0,2
0,0,0,0,0,0,0,2.374505,2,0,2
0,0,0,0,0,0,0,1.731645,2,1,5
0,0,0,0,0,0,0,2.699786,1,0,1
0,0,0,0,0,0,0,2.7499,2,1,1
0,0,0,0,0,0,0,2.686205,2,1,1
0,0,0,0,0,0,0,2.656444,1,1,1
0,0,0,0,0,0,0,3.077597,2,0,2
0,0,0,0,0,0,0,3.1273,4,1,3
0,0,0,0,0,0,0,2.931038,2,1,1
0,0,0,0,0,0,0,3.082491,3,0,2
0,0,0,0,0,0,0,3.215238,2,1,1
0,0,0,0,0,0,0,2.058612,2,0,5
0,0,0,0,0,0,0,2.246825,3,1,6
0,0,0,0,0,0,0,2.300196,2,0,6
0,0,0,0,0,0,0,3.204381,2,0,1
0,0,0,0,0,0,0,2.346748,1,0,4
0,0,0,0,0,0,0,2.765626,2,2,3
0,0,0,0,0,0,0,2.502011,1,0,3
0,0,0,0,0,0,0,2.783347,3,1,1
0,0,0,0,0,0,0,2.505433,1,1,1
0,0,0,0,0,0,0,2.827817,2,1,0
0,0,0,0,0,0,0,2.974211,3,0,1
0,0,0,0,0,0,0,2.780151,1,0,0
0,0,0,0,0,0,0,3.125111,2,0,0
0,0,0,0,0,0,0,2.829044,1,0,0
0,0,0,0,0,0,0,2.999231,1,1,0
0,0,0,0,0,0,0,2.907826,1,2,0
0,0,0,0,0,0,0,2.832949,1,1,1
0,0,0,0,0,0,0,2.782702,1,1,0
0,0,0,0,0,0,0,2.749499,1,1,0
#stats#
TotalSplitsOR: 3
TotalSplitsAND: 146
Non-Leading client : comma seperated leading clients killed
9 : 
8 : 
10 : 
12 : 
11 : 
16 : 
18 : 
20 : 
22 : 
13 : 
25 : 
23 : 
14 : 
15 : 
14 : 
20 : 
11 : 
9 : 
23 : 
9 : 
31 : 
27 : 
20 : 
18 : 
28 : 
9 : 
22 : 
21 : 
29 : 
12 : 
10 : 
18 : 
14 : 
30 : 
28 : 
Node : startTime, EndTime