NOK
12.33412
76
Boogie Dump Took : 1.090985
0.000396
1.195196
0.135455934210526
0,0,0,0,0,0,0,3.351531,1,0,1
0,0,0,0,0,0,0,3.436365,2,0,1
0,0,0,0,0,0,0,3.474112,2,0,1
0,0,0,0,0,0,0,1.929095,2,0,6
0,0,0,0,0,0,0,3.331559,2,0,1
0,0,0,0,0,0,0,3.531293,2,0,1
0,0,0,0,0,0,0,3.37386,1,1,2
0,0,0,0,0,0,0,3.547867,1,0,0
0,0,0,0,0,0,0,3.214357,2,0,2
0,0,0,0,0,0,0,3.294156,3,1,1
0,0,0,0,0,0,0,3.221008,2,0,4
0,0,0,0,0,0,0,3.370593,2,0,2
0,0,0,0,0,0,0,3.187736,3,0,3
0,0,0,0,0,0,0,3.311338,3,0,2
0,0,0,0,0,0,0,3.553467,4,0,1
0,0,0,0,0,0,0,3.190822,2,0,1
0,0,0,0,0,0,0,3.335662,3,0,1
0,0,0,0,0,0,0,3.404791,3,0,2
0,0,0,0,0,0,0,3.562579,2,0,1
0,0,0,0,0,0,0,3.283783,2,0,2
0,0,0,0,0,0,0,3.618753,2,0,1
0,0,0,0,0,0,0,3.419052,4,0,2
0,0,0,0,0,0,0,2.360653,2,0,7
0,0,0,0,0,0,0,2.696624,2,0,7
0,0,0,0,0,0,0,3.368013,2,0,1
0,0,0,0,0,0,0,2.889205,1,0,2
0,0,0,0,0,0,0,3.140793,2,0,2
0,0,0,0,0,0,0,2.921801,2,1,3
0,0,0,0,0,0,0,3.307052,2,0,2
0,0,0,0,0,0,0,3.067792,4,0,3
0,0,0,0,0,0,0,3.148662,2,0,1
0,0,0,0,0,0,0,3.198083,1,0,1
#stats#
TotalSplitsOR: 3
TotalSplitsAND: 73
Non-Leading client : comma seperated leading clients killed
8 : 
10 : 
9 : 
11 : 
13 : 
12 : 
15 : 
14 : 
19 : 
17 : 
18 : 
16 : 
20 : 
21 : 
24 : 
26 : 
9 : 
22 : 
28 : 
14 : 
30 : 
29 : 
27 : 
16 : 
14 : 
13 : 
21 : 
17 : 
29 : 
21 : 
29 : 
23 : 
9 : 
12 : 
27 : 
Node : startTime, EndTime