NOK
8.115918
79
Boogie Dump Took : 1.841946
0.000132
0.631445
0.0784014683544304
0,0,0,0,0,0,0,2.794041,1,0,1
0,0,0,0,0,0,0,2.996291,2,0,2
0,0,0,0,0,0,0,1.755989,1,1,5
0,0,0,0,0,0,0,3.013415,2,1,1
0,0,0,0,0,0,0,3.038928,2,0,1
0,0,0,0,0,0,0,3.063917,2,0,2
0,0,0,0,0,0,0,3.232157,1,1,0
0,0,0,0,0,0,0,3.074418,2,0,1
0,0,0,0,0,0,0,3.492585,3,0,2
0,0,0,0,0,0,0,2.677234,2,0,6
0,0,0,0,0,0,0,3.606257,5,0,2
0,0,0,0,0,0,0,2.83065,3,0,6
0,0,0,0,0,0,0,3.023291,2,0,5
0,0,0,0,0,0,0,3.207293,4,0,2
0,0,0,0,0,0,0,3.37399,3,0,2
0,0,0,0,0,0,0,2.922628,2,0,4
0,0,0,0,0,0,0,2.991194,2,0,2
0,0,0,0,0,0,0,3.3374,3,0,1
0,0,0,0,0,0,0,3.163907,2,0,1
0,0,0,0,0,0,0,3.095245,2,0,3
0,0,0,0,0,0,0,3.193465,2,0,3
0,0,0,0,0,0,0,3.22004,2,1,1
0,0,0,0,0,0,0,3.167706,2,0,1
0,0,0,0,0,0,0,3.109624,3,0,1
0,0,0,0,0,0,0,3.227259,2,0,1
0,0,0,0,0,0,0,3.219141,2,0,2
0,0,0,0,0,0,0,2.058451,2,0,6
0,0,0,0,0,0,0,3.013892,2,0,1
0,0,0,0,0,0,0,3.26138,3,0,1
0,0,0,0,0,0,0,2.662017,2,0,1
0,0,0,0,0,0,0,2.845648,2,0,0
0,0,0,0,0,0,0,2.408705,1,0,1
#stats#
TotalSplitsOR: 3
TotalSplitsAND: 76
Non-Leading client : comma seperated leading clients killed
11 : 
9 : 
8 : 
12 : 
10 : 
14 : 
13 : 
16 : 
15 : 
17 : 
19 : 
20 : 
18 : 
22 : 
21 : 
25 : 
23 : 
24 : 
27 : 
28 : 
8 : 
10 : 
29 : 
14 : 
30 : 
17 : 
11 : 
26 : 
23 : 
13 : 
28 : 
13 : 
21 : 
10 : 
10 : 
Node : startTime, EndTime