NOK
12.286619
94
Boogie Dump Took : 1.829331
0.001626
0.859328
0.108921393617021
0,0,0,0,0,0,0,2.449148,1,0,2
0,0,0,0,0,0,0,2.639239,2,0,1
0,0,0,0,0,0,0,1.130167,2,0,7
0,0,0,0,0,0,0,2.601006,3,0,2
0,0,0,0,0,0,0,2.752653,2,1,1
0,0,0,0,0,0,0,2.728495,2,0,1
0,0,0,0,0,0,0,2.807781,1,0,1
0,0,0,0,0,0,0,3.064721,2,0,0
0,0,0,0,0,0,0,1.921654,4,1,3
0,0,0,0,0,0,0,1.791172,2,0,7
0,0,0,0,0,0,0,2.118146,3,0,1
0,0,0,0,0,0,0,1.688218,4,0,5
0,0,0,0,0,0,0,2.332624,2,0,1
0,0,0,0,0,0,0,2.168619,2,0,2
0,0,0,0,0,0,0,2.228508,2,0,2
0,0,0,0,0,0,0,2.34773,2,0,1
0,0,0,0,0,0,0,1.225597,2,0,7
0,0,0,0,0,0,0,1.261364,1,1,6
0,0,0,0,0,0,0,2.258281,3,0,1
0,0,0,0,0,0,0,1.931574,3,0,2
0,0,0,0,0,0,0,2.081757,2,0,1
0,0,0,0,0,0,0,1.754312,2,0,1
0,0,0,0,0,0,0,2.182068,3,0,1
0,0,0,0,0,0,0,1.847856,2,0,1
0,0,0,0,0,0,0,1.787089,1,0,2
0,0,0,0,0,0,0,1.85224,1,0,1
0,0,0,0,0,0,0,1.85539,3,0,1
0,0,0,0,0,0,0,1.959069,2,0,2
0,0,0,0,0,0,0,1.8298,1,1,0
0,0,0,0,0,0,0,1.81275,1,0,1
0,0,0,0,0,0,0,1.882503,4,0,1
0,0,0,0,0,0,0,1.99696,2,1,1
#stats#
TotalSplitsOR: 3
TotalSplitsAND: 91
Non-Leading client : comma seperated leading clients killed
11 : 
9 : 
8 : 
10 : 
12 : 
13 : 
15 : 
14 : 
18 : 
20 : 
22 : 
21 : 
16 : 
19 : 
23 : 
8 : 
11 : 
10 : 
26 : 
31 : 
19 : 
27 : 
22 : 
18 : 
8 : 
11 : 
26 : 
30 : 
30 : 
30 : 
17 : 
28 : 
31 : 
8 : 
Node : startTime, EndTime