NOK
8.81663
79
Boogie Dump Took : 1.647884
0.000194
0.773913
0.0879888481012658
0,0,0,0,0,0,0,2.570998,1,0,2
0,0,0,0,0,0,0,2.700493,3,0,2
0,0,0,0,0,0,0,2.821974,2,0,1
0,0,0,0,0,0,0,2.826636,2,0,1
0,0,0,0,0,0,0,1.597707,1,1,6
0,0,0,0,0,0,0,2.876122,2,0,1
0,0,0,0,0,0,0,2.809463,2,0,1
0,0,0,0,0,0,0,2.934066,1,0,0
0,0,0,0,0,0,0,2.618541,3,0,2
0,0,0,0,0,0,0,2.240031,2,0,4
0,0,0,0,0,0,0,2.60632,3,0,3
0,0,0,0,0,0,0,2.554309,2,0,2
0,0,0,0,0,0,0,2.660341,2,0,2
0,0,0,0,0,0,0,2.715876,2,1,1
0,0,0,0,0,0,0,2.654163,2,0,2
0,0,0,0,0,0,0,2.685763,3,0,2
0,0,0,0,0,0,0,2.693373,2,1,1
0,0,0,0,0,0,0,2.822822,2,0,1
0,0,0,0,0,0,0,2.829353,2,0,1
0,0,0,0,0,0,0,2.667513,2,0,1
0,0,0,0,0,0,0,2.633457,2,0,2
0,0,0,0,0,0,0,2.577273,2,0,1
0,0,0,0,0,0,0,2.114468,3,0,7
0,0,0,0,0,0,0,1.788916,1,1,6
0,0,0,0,0,0,0,2.439328,2,1,1
0,0,0,0,0,0,0,2.339791,2,0,1
0,0,0,0,0,0,0,2.186606,1,0,2
0,0,0,0,0,0,0,2.303458,4,0,1
0,0,0,0,0,0,0,2.187583,1,0,1
0,0,0,0,0,0,0,2.262789,1,0,1
0,0,0,0,0,0,0,2.250527,2,0,1
0,0,0,0,0,0,0,2.281733,2,0,1
#stats#
TotalSplitsOR: 3
TotalSplitsAND: 76
Non-Leading client : comma seperated leading clients killed
10 : 
8 : 
9 : 
12 : 
11 : 
13 : 
15 : 
16 : 
14 : 
17 : 
18 : 
20 : 
19 : 
21 : 
24 : 
10 : 
22 : 
8 : 
25 : 
27 : 
15 : 
22 : 
30 : 
31 : 
27 : 
27 : 
24 : 
23 : 
16 : 
13 : 
Node : startTime, EndTime