NOK
10.997274
78
Boogie Dump Took : 2.751873
0.000176
1.169628
0.103521025641026
0,0,0,0,0,0,0,3.462085,1,0,2
0,0,0,0,0,0,0,3.55894,2,0,1
0,0,0,0,0,0,0,3.098678,2,0,1
0,0,0,0,0,0,0,1.858652,1,1,6
0,0,0,0,0,0,0,3.479016,2,0,1
0,0,0,0,0,0,0,3.600056,2,0,1
0,0,0,0,0,0,0,3.672589,2,0,1
0,0,0,0,0,0,0,3.668151,1,0,0
0,0,0,0,0,0,0,3.995553,3,0,2
0,0,0,0,0,0,0,3.821902,4,0,3
0,0,0,0,0,0,0,3.519323,3,0,2
0,0,0,0,0,0,0,3.549113,3,0,2
0,0,0,0,0,0,0,3.865494,4,0,2
0,0,0,0,0,0,0,3.631272,2,0,5
0,0,0,0,0,0,0,3.532449,3,0,2
0,0,0,0,0,0,0,3.885035,4,0,1
0,0,0,0,0,0,0,3.669496,2,0,3
0,0,0,0,0,0,0,3.348078,2,0,2
0,0,0,0,0,0,0,2.824508,3,0,2
0,0,0,0,0,0,0,2.928951,4,0,3
0,0,0,0,0,0,0,3.01747,2,0,2
0,0,0,0,0,0,0,3.599736,2,0,1
0,0,0,0,0,0,0,3.470476,2,0,1
0,0,0,0,0,0,0,3.444589,2,0,1
0,0,0,0,0,0,0,3.558388,2,0,2
0,0,0,0,0,0,0,2.928118,2,0,7
0,0,0,0,0,0,0,2.975642,1,1,6
0,0,0,0,0,0,0,3.568255,2,0,1
0,0,0,0,0,0,0,3.185603,1,0,4
0,0,0,0,0,0,0,3.448976,2,0,1
0,0,0,0,0,0,0,3.385983,2,0,0
0,0,0,0,0,0,0,3.050892,1,0,0
#stats#
TotalSplitsOR: 3
TotalSplitsAND: 75
Non-Leading client : comma seperated leading clients killed
8 : 
10 : 
9 : 
12 : 
13 : 
11 : 
15 : 
14 : 
16 : 
17 : 
19 : 
18 : 
20 : 
21 : 
22 : 
23 : 
24 : 
8 : 
27 : 
9 : 
12 : 
25 : 
10 : 
15 : 
30 : 
11 : 
29 : 
12 : 
14 : 
18 : 
26 : 
19 : 
15 : 
9 : 
19 : 
Node : startTime, EndTime