105238528
102772

138625024
135376

169455616
165484

187924480
183520

192520192
188008

203280384
198516

218419200
213300

224174080
218920

239378432
233768

243396608
237692

251924480
246020

254795776
248824

258342912
252288

269053952
262748

276553728
270072

280576000
274000

296177664
289236

300523520
293480

306094080
298920

347328512
339188

347328512
339188

347328512
339188

352575488
344312

355721216
347384

358236160
349840

360861696
352404

363569152
355048

368422912
359788

390901760
381740

393891840
384660

396898304
387596

399409152
390048

405065728
395572

422092800
412200

422092800
412200

422092800
412200

424833024
414876

426958848
416952

427814912
417788

438267904
427996

441192448
430852

442314752
431948

445906944
435456

448081920
437580

450531328
439972

479510528
468272

487899136
476464

487899136
476464

487899136
476464

487899136
476464

487899136
476464

487899136
476464

487899136
476464

487899136
476464

487899136
476464

491061248
479552

492756992
481208

493744128
482172

497926144
486256

498335744
486656

498741248
487052

502272000
490500

502272000
490500

502272000
490500

502677504
490896

505151488
493312

505151488
493312

513540096
501504

513540096
501504

513540096
501504

513540096
501504

513540096
501504

513540096
501504

513540096
501504

513540096
501504

513540096
501504

514588672
502528

514588672
502528

514588672
502528

517734400
505600

517734400
505600

517734400
505600

518975488
506812

520126464
507936

528097280
515720

528097280
515720

528097280
515720

538398720
525780

538398720
525780

547856384
535016

547856384
535016

547856384
535016

547856384
535016

547856384
535016

547856384
535016

548978688
536112

550141952
537248

550547456
537644

557518848
544452

558247936
545164

558813184
545716

560050176
546924

568795136
555464

568795136
555464

568795136
555464

569843712
556488

569843712
556488

569843712
556488

569843712
556488

575967232
562468

575967232
562468

575967232
562468

578207744
564656

637177856
622244

637177856
622244

637177856
622244

637177856
622244

637177856
622244

637177856
622244

637177856
622244

637177856
622244

637177856
622244

637177856
622244

637177856
622244

637177856
622244

637177856
622244

637448192
622508

640315392
625308

641347584
626316

642285568
627232

643100672
628028

645754880
630620

645906432
630768

646602752
631448

647147520
631980

648044544
632856

648314880
633120

650653696
635404

650653696
635404

650653696
635404

650653696
635404

650653696
635404

650653696
635404

650653696
635404

651063296
635804

654204928
638872

654204928
638872

654204928
638872

654204928
638872

654204928
638872

654204928
638872

657043456
641644

657043456
641644

657043456
641644

657043456
641644

657043456
641644

657043456
641644

657043456
641644

657043456
641644

659140608
643692

659140608
643692

659140608
643692

670339072
654628

670339072
654628

670339072
654628

670339072
654628

670339072
654628

670339072
654628

670339072
654628

670339072
654628

670339072
654628

670339072
654628

670339072
654628

670339072
654628

670339072
654628

670339072
654628

670339072
654628

670339072
654628

670339072
654628

670339072
654628

670339072
654628

670339072
654628

670339072
654628

670339072
654628

670339072
654628

670339072
654628

670339072
654628

670339072
654628

670339072
654628

670339072
654628

670339072
654628

670339072
654628

670339072
654628

670339072
654628

670339072
654628

670339072
654628

673325056
657544

674037760
658240

676556800
660700

676556800
660700

676556800
660700

676556800
660700

676556800
660700

678653952
662748

678653952
662748

678653952
662748

678653952
662748

678653952
662748

678653952
662748

678653952
662748

678653952
662748

678653952
662748

678653952
662748

678653952
662748

678653952
662748

678653952
662748

678653952
662748

678653952
662748

678653952
662748

678653952
662748

680644608
664692

680644608
664692

680644608
664692

680644608
664692

680644608
664692

680644608
664692

680644608
664692

680644608
664692

680644608
664692

680644608
664692

680644608
664692

680644608
664692

680644608
664692

680644608
664692

680644608
664692

680644608
664692

680644608
664692

680644608
664692

680644608
664692

680644608
664692

680644608
664692

680644608
664692

680644608
664692

680644608
664692

680644608
664692

680644608
664692

680644608
664692

680644608
664692

680644608
664692

681070592
665108

681070592
665108

681070592
665108

681070592
665108

681070592
665108

681070592
665108

681070592
665108

681070592
665108

681070592
665108

681070592
665108

681070592
665108

681070592
665108

681070592
665108

681070592
665108

681070592
665108

681070592
665108

681070592
665108

683065344
667056

683065344
667056

683065344
667056

683065344
667056

683065344
667056

683065344
667056

683065344
667056

683065344
667056

683065344
667056

683065344
667056

683065344
667056

683065344
667056

683065344
667056

683065344
667056

683065344
667056

683065344
667056

683065344
667056

683065344
667056

683065344
667056

683065344
667056

683065344
667056

683065344
667056

683065344
667056

683065344
667056

683065344
667056

683065344
667056

683065344
667056

683065344
667056

683065344
667056

683065344
667056

683065344
667056

683065344
667056

683065344
667056

683065344
667056

683065344
667056

683065344
667056

683065344
667056

683065344
667056

683065344
667056

683065344
667056

683065344
667056

683065344
667056

683065344
667056

683065344
667056

683065344
667056

683065344
667056

683065344
667056

683065344
667056

683065344
667056

683065344
667056

683065344
667056

683065344
667056

683065344
667056

683065344
667056

683065344
667056

683065344
667056

683065344
667056

683065344
667056

683065344
667056

683065344
667056

683065344
667056

683065344
667056

683065344
667056

683065344
667056

683065344
667056

685162496
669104

685162496
669104

685162496
669104

685162496
669104

685162496
669104

685162496
669104

685162496
669104

685162496
669104

685162496
669104

685162496
669104

685162496
669104

685162496
669104

685162496
669104

685162496
669104

685162496
669104

685162496
669104

685162496
669104

685162496
669104

685162496
669104

685162496
669104

685961216
669884

685961216
669884

685961216
669884

685961216
669884

685961216
669884

685961216
669884

685961216
669884

685961216
669884

685961216
669884

685961216
669884

685961216
669884

685961216
669884

685961216
669884

685961216
669884

685961216
669884

685961216
669884

685961216
669884

685961216
669884

685961216
669884

688050176
671924

688050176
671924

688050176
671924

688050176
671924

688050176
671924

688050176
671924

690147328
673972

690147328
673972

690147328
673972

690147328
673972

690147328
673972

690147328
673972

690147328
673972

690147328
673972

690147328
673972

691007488
674812

691007488
674812

691007488
674812

691007488
674812

691007488
674812

691007488
674812

691007488
674812

691007488
674812

693104640
676860

693104640
676860

693104640
676860

693104640
676860

693104640
676860

693104640
676860

693104640
676860

693104640
676860

693104640
676860

693104640
676860

693104640
676860

693104640
676860

693104640
676860

693104640
676860

693104640
676860

693104640
676860

693104640
676860

693104640
676860

693104640
676860

698241024
681876

698241024
681876

698241024
681876

698241024
681876

698241024
681876

698241024
681876

698241024
681876

698241024
681876

698241024
681876

698241024
681876

700645376
684224

700645376
684224

700645376
684224

700645376
684224

700645376
684224

702742528
686272

702742528
686272

702742528
686272

702742528
686272

702742528
686272

702742528
686272

702742528
686272

702742528
686272

702742528
686272

702742528
686272

702742528
686272

702742528
686272

702742528
686272

702742528
686272

702742528
686272

702742528
686272

702742528
686272

702742528
686272

702742528
686272

702742528
686272

702742528
686272

702742528
686272

702742528
686272

702742528
686272

705212416
688684

705212416
688684

705212416
688684

705212416
688684

705212416
688684

705212416
688684

705212416
688684

707309568
690732

707309568
690732

707309568
690732

707592192
691008

708304896
691704

708870144
692256

711839744
695156

711839744
695156

711839744
695156

711839744
695156

711839744
695156

712122368
695432

714661888
697912

714661888
697912

714661888
697912

714661888
697912

714661888
697912

716759040
699960

716759040
699960

716759040
699960

716759040
699960

720121856
703244

720121856
703244

720121856
703244

720121856
703244

720121856
703244

720121856
703244

723394560
706440

725647360
708640

725647360
708640

725647360
708640

725647360
708640

728272896
711204

728272896
711204

728272896
711204

728272896
711204

728272896
711204

731267072
714128

731267072
714128

731267072
714128

731267072
714128

731267072
714128

731267072
714128

731267072
714128

731267072
714128

733364224
716176

733364224
716176

733364224
716176

733364224
716176

735461376
718224

735461376
718224

735461376
718224

735461376
718224

735461376
718224

737558528
720272

737558528
720272

737558528
720272

737558528
720272

737558528
720272

737558528
720272

739655680
722320

739655680
722320

739655680
722320

739655680
722320

739655680
722320

739655680
722320

739655680
722320

740282368
722932

740282368
722932

740282368
722932

740282368
722932

740282368
722932

740282368
722932

742379520
724980

742379520
724980

742379520
724980

742379520
724980

742379520
724980

742379520
724980

742379520
724980

742379520
724980

742379520
724980

742379520
724980

742379520
724980

742379520
724980

742379520
724980

742379520
724980

742379520
724980

742379520
724980

742379520
724980

742379520
724980

742379520
724980

742379520
724980

743473152
726048

743473152
726048

743473152
726048

743473152
726048

743473152
726048

743473152
726048

745570304
728096

745570304
728096

747667456
730144

747667456
730144

747667456
730144

747667456
730144

747667456
730144

751001600
733400

751001600
733400

753098752
735448

753098752
735448

753098752
735448

753098752
735448

753098752
735448

753098752
735448

755195904
737496

755195904
737496

755195904
737496

755195904
737496

755195904
737496

755195904
737496

757325824
739576

757325824
739576

757325824
739576

757325824
739576

757325824
739576

757325824
739576

757325824
739576

757325824
739576

0

