TIMEDOUT
3600
292
Boogie Dump Took : 1.005959
0,0,0,0,0,0,0,1773.905059,9,0,8
0,0,0,0,0,0,0,2600.109754,10,1,9
0,0,0,0,0,0,0,1013.742882,10,0,14
0,0,0,0,0,0,0,1052.129561,11,0,6
0,0,0,0,0,0,0,760.604195,10,0,13
0,0,0,0,0,0,0,2136.08752,11,0,13
0,0,0,0,0,0,0,1577.793749,10,0,8
0,0,0,0,0,0,0,935.974002,8,0,7
0,0,0,0,0,0,0,1045.260803,9,0,14
0,0,0,0,0,0,0,1043.553844,9,1,7
0,0,0,0,0,0,0,609.526117,10,0,11
0,0,0,0,0,0,0,1688.396785,9,1,8
0,0,0,0,0,0,0,1788.657812,6,1,6
0,0,0,0,0,0,0,2140.428513,10,0,14
0,0,0,0,0,0,0,1293.185286,11,0,6
0,0,0,0,0,0,0,955.452652,10,0,13
0,0,0,0,0,0,0,2473.193672,7,0,10
0,0,0,0,0,0,0,2139.179157,6,1,7
0,0,0,0,0,0,0,2417.329656,11,0,9
0,0,0,0,0,0,0,2759.957322,10,1,10
0,0,0,0,0,0,0,789.856407,10,0,11
0,0,0,0,0,0,0,1818.034077,8,1,6
0,0,0,0,0,0,0,887.067102,5,1,5
0,0,0,0,0,0,0,1537.209261,5,1,8
0,0,0,0,0,0,0,1242.762783,10,0,7
0,0,0,0,0,0,0,2197.411811,9,1,4
0,0,0,0,0,0,0,1079.507912,8,0,8
0,0,0,0,0,0,0,440.486141,9,0,10
0,0,0,0,0,0,0,1100.597934,8,1,8
0,0,0,0,0,0,0,1010.518298,8,0,7
0,0,0,0,0,0,0,1117.27851,6,0,9
0,0,0,0,0,0,0,1081.586671,8,0,5
