OK
78.748573
245
Boogie Dump Took : 1.726527
0.002018
5.231913
0.292438836734694
0,0,0,0,0,0,0,41.897456,8,0,9
0,0,0,0,0,0,0,27.885767,8,0,7
0,0,0,0,0,0,0,30.26684,8,0,9
0,0,0,0,0,0,0,40.850817,8,0,14
0,0,0,0,0,0,0,31.202261,8,0,7
0,0,0,0,0,0,0,32.342687,8,0,7
0,0,0,0,0,0,0,29.644918,7,0,8
0,0,0,0,0,0,0,34.76274,8,0,9
0,0,0,0,0,0,0,32.043718,8,0,9
0,0,0,0,0,0,0,36.315742,8,0,7
0,0,0,0,0,0,0,31.927413,8,0,6
0,0,0,0,0,0,0,34.751204,8,0,8
0,0,0,0,0,0,0,29.382429,8,0,4
0,0,0,0,0,0,0,40.890139,8,0,9
0,0,0,0,0,0,0,29.051377,8,0,7
0,0,0,0,0,0,0,44.061873,8,0,7
0,0,0,0,0,0,0,38.246089,8,0,8
0,0,0,0,0,0,0,28.517196,7,0,7
0,0,0,0,0,0,0,36.633836,8,0,10
0,0,0,0,0,0,0,24.644041,7,0,9
0,0,0,0,0,0,0,25.884523,7,0,6
0,0,0,0,0,0,0,32.818511,8,0,7
0,0,0,0,0,0,0,36.758672,8,0,7
0,0,0,0,0,0,0,26.313511,7,0,5
0,0,0,0,0,0,0,28.068456,7,0,6
0,0,0,0,0,0,0,50.710783,8,0,4
0,0,0,0,0,0,0,31.712746,7,0,10
0,0,0,0,0,0,0,29.133631,7,0,8
0,0,0,0,0,0,0,27.367854,7,0,8
0,0,0,0,0,0,0,37.485411,8,0,7
0,0,0,0,0,0,0,28.821042,7,0,8
0,0,0,0,0,0,0,27.261241,7,0,8
