OK
229.303911
504
Boogie Dump Took : 1.319734
0.000579
6.914323
0.450057878968254
0,0,0,0,0,0,0,7.579978,10,10,10
0,0,0,0,0,0,0,5.426052,13,2,11
0,0,0,0,0,0,0,4.627415,11,4,13
0,0,0,0,0,0,0,3.613,10,6,15
0,0,0,0,0,0,0,9.837553,12,4,11
0,0,0,0,0,0,0,5.79045,11,4,12
0,0,0,0,0,0,0,5.045486,8,8,12
0,0,0,0,0,0,0,9.172733,12,6,13
0,0,0,0,0,0,0,10.598164,10,4,8
0,0,0,0,0,0,0,10.331314,11,3,10
0,0,0,0,0,0,0,8.569204,11,12,9
0,0,0,0,0,0,0,4.767886,7,7,8
0,0,0,0,0,0,0,7.044577,9,5,14
0,0,0,0,0,0,0,5.113335,9,5,9
0,0,0,0,0,0,0,8.792183,8,3,10
0,0,0,0,0,0,0,6.88713,9,4,5
0,0,0,0,0,0,0,7.847801,10,2,9
0,0,0,0,0,0,0,5.059851,11,6,6
0,0,0,0,0,0,0,9.121612,9,2,8
0,0,0,0,0,0,0,5.375078,9,5,9
0,0,0,0,0,0,0,5.74763,8,5,12
0,0,0,0,0,0,0,5.290781,13,6,9
0,0,0,0,0,0,0,5.140678,7,5,8
0,0,0,0,0,0,0,6.05017,11,3,13
0,0,0,0,0,0,0,4.666597,6,2,9
0,0,0,0,0,0,0,8.825193,7,2,7
0,0,0,0,0,0,0,4.904408,9,10,9
0,0,0,0,0,0,0,4.674253,10,7,7
0,0,0,0,0,0,0,6.669683,14,9,7
0,0,0,0,0,0,0,10.368614,7,3,11
0,0,0,0,0,0,0,5.822776,7,6,5
0,0,0,0,0,0,0,9.666162,11,7,11
