OK
259.694533
157
Boogie Dump Took : 1.096774
0.000322
17.470585
1.53835789171974
72.731639,0,24.91316,2.921486,9819,216,0.001895,72.10728,17,4,17
46.603581,0,25.245025,2.543207,10241,230,0.002076,46.030294,14,4,13
50.271495,0,20.2939989999999,3.105567,8076,320,0.002582,49.744695,12,7,12
47.379089,0,26.0316539999999,3.763544,10765,318,0.00259,46.815503,13,2,21
53.277137,0,30.490058,1.297493,12339,160,0.001559,52.736423,17,4,11
68.720572,0,23.8166700000001,3.616645,9272,252,0.002221,68.153159,16,7,14
61.424898,0,23.4518599999999,3.482324,9590,312,0.002796,60.868632,14,7,11
66.114358,0,18.6598240000001,4.164707,7362,288,0.002459,65.535759,11,8,15
