OK
364.575875
177
Boogie Dump Took : 1.116898
0.010122
15.575019
1.9675855480226
102.419737,0,38.9461280000001,3.396223,15587,190,0.001865,101.797653,19,3,17
115.428055,0,30.906324,3.211033,11987,256,0.002234,114.776287,18,4,15
111.66372,0,31.7556639999999,4.994757,12832,276,0.002294,110.942218,18,3,27
129.210275,0,30.083595,4.540054,12094,344,0.002813,128.589891,14,4,23
113.57236,0,30.7204980000001,2.921584,12450,252,0.002327,112.788123,17,6,15
122.956388,0,31.1097619999999,3.079231,12403,222,0.002163,122.10927,20,3,16
114.657547,0,31.1988329999999,3.595962,12731,294,0.002479,114.052826,17,6,12
119.773345,0,28.731272,3.962907,11612,296,0.002585,118.591178,16,9,14
