OK
74.658921
52
Boogie Dump Took : 3.184368
0.00011
6.796492
1.20385371153846
43.882828,0,5.636545,0.298842,1260,44,0.000639,43.507921,4,1,3
41.57851,0,6.47269500000001,0.244414,1583,36,0.000583,41.200383,8,0,4
41.42918,0,5.81171699999999,0.261459,1328,54,0.000718,41.08831,5,0,5
36.780353,0,5.00043,0.582163,1162,92,0.001022,36.416462,3,0,16
41.649662,0,5.75051699999999,0.37308,1305,60,0.000846,41.30454,6,2,4
41.801782,0,7.07987800000001,0.276467,1532,46,0.000787,41.356518,7,0,5
46.039809,0,7.499358,0.292194,1746,32,0.000527,45.609933,8,0,7
42.470574,0,6.51677799999999,0.308276,1450,26,0.000509,42.124733,8,0,5
