OK
635.845137
407
Boogie Dump Took : 3.221745
0.001406
15.173984
1.51786492874693
91.646479,0,32.107804,14.794629,8121,658,0.00584799999999997,90.712878,18,35,14
85.880848,0,36.0483119999998,7.802082,8874,654,0.00578099999999998,85.110337,19,33,16
85.409619,0,23.372629,12.908483,6085,866,0.00837599999999998,84.560134,13,36,20
88.439531,0,28.192195,11.963316,7240,756,0.00718799999999996,87.436306,15,34,21
92.898449,0,31.0485709999999,10.046631,7555,716,0.00635799999999998,92.21438,15,34,18
91.51527,0,28.006625,12.547024,7056,702,0.00603799999999997,90.838525,14,36,18
88.645712,0,32.492227,7.381539,7712,748,0.00692099999999998,87.964756,15,36,8
90.717411,0,32.736396,6.975253,7854,670,0.00611199999999997,90.015239,18,36,12
