OK
732.755041
265
Boogie Dump Took : 1.434751
0.013516
21.037609
2.67681550566038
105.22887,0,52.5403610000001,8.961293,15795,382,0.027201,104.697343,18,31,8
108.711269,0,35.2080789999998,17.434295,10679,466,0.0596170000000001,108.179706,12,29,17
81.817883,0,34.821385,20.371493,13238,589,0.129034,81.115641,12,28,22
69.70856,0,35.9440940000001,22.054929,12572,602,0.0796660000000002,69.158791,10,33,13
108.156641,0,50.0811140000001,8.519376,12692,336,0.044156,107.620738,14,32,7
102.884058,0,31.3216050000002,11.457365,9831,376,0.0630220000000001,102.335642,11,35,10
