OK
348.046827
160
Boogie Dump Took : 0.826102
0.021122
12.286577
2.0978671625
25.267421,0,13.695159,5.285121,5564,437,0.023098,24.899518,9,15,10
32.088607,0,17.4210309999999,3.982787,6553,393,0.028729,31.68479,13,17,7
22.403184,0,18.8046530000001,2.792153,7376,308,0.027933,21.992556,12,17,6
12.584839,0,16.583076,4.165586,6256,417,0.0728810000000001,12.142396,10,17,16
21.123672,0,13.721195,5.043843,5597,509,0.133451,20.643155,7,16,11
20.81846,0,13.171277,4.896807,4925,322,0.024379,20.339884,9,18,10
