OK
626.638588
191
Boogie Dump Took : 1.442121
0.001807
26.317483
3.12638798429319
92.030106,0,32.8317639999999,10.774678,12793,296,0.034252,91.306477,10,19,17
101.567296,0,37.6970220000001,8.529918,14244,285,0.0583,101.025368,13,19,12
97.870562,0,39.4678100000002,8.436593,15281,282,0.062404,97.185199,15,20,12
77.397704,0,35.4997510000001,9.524466,14421,305,0.0882610000000002,76.595008,11,15,19
63.06609,0,37.7015739999999,10.027966,15567,326,0.0710540000000001,62.483377,14,22,12
72.851299,0,44.0631240000003,6.830594,16911,199,0.07242,72.345054,18,15,9
