OK
676.417917
194
Boogie Dump Took : 1.317678
0.010894
26.333107
3.31651643814433
120.40104,0,42.0856610000004,10.694251,15990,318,0.040859,119.90523,14,19,9
103.57805,0,42.408552,8.385524,16326,325,0.03961,103.058578,14,16,14
105.633451,0,44.118633,8.876367,16575,268,0.0882110000000001,105.108306,15,14,19
118.519834,0,39.489756,10.021144,15254,267,0.048249,117.93185,17,20,10
143.917716,0,37.7905169999999,12.747106,13778,311,0.0659650000000001,143.372507,12,20,15
102.44129,0,38.4781600000001,12.415757,15068,421,0.0690840000000001,101.776476,10,23,15
