OK
2782.17709
113
Boogie Dump Took : 3.691805
0.015406
258.979557
21.2951115840708
538.096486,0,60.2945970000001,86.330309,17553,62,0.000617,536.920157,5,6,14
593.442521,0,113.485125,8.863156,31838,100,0.00553899999999999,592.371464,10,3,8
463.734302,0,170.056736999998,1.788544,41550,138,0.007275,462.100203,19,2,1
611.838979,0,50.7734580000003,121.243275,15099,58,0.000669999999999999,610.363278,6,8,15
348.241011,0,165.006994,1.453884,42498,133,0.001496,346.58853,19,1,5
626.682588,0,147.965250000001,1.030975,36678,125,0.001182,625.451379,15,1,1
608.254814,0,86.0775450000005,62.799034,24566,51,0.000725,606.944441,6,6,18
530.288135,0,27.1973200000001,115.122964,9405,34,0.000654,529.098392,2,4,20
