OK
904.501565
144
Boogie Dump Took : 2.018802
0.008835
33.521169
6.13382688194445
77.887308,0,60.4477140000002,8.475394,14849,149,0.001564,76.902411,11,4,13
74.441686,0,70.597056,10.929602,16592,244,0.001877,72.900442,15,6,14
74.403166,0,61.0011740000003,7.884621,14771,212,0.001647,73.227823,12,5,17
72.964863,0,73.233518,7.508059,17556,194,0.001627,71.788277,14,6,11
80.52068,0,52.6042749999999,9.230664,13351,151,0.011005,79.502425,10,3,16
86.234467,0,61.6510130000002,9.24034199999999,14333,245,0.002529,84.719851,12,7,14
103.39478,0,61.8497349999998,7.474985,14491,201,0.004875,102.245957,13,5,7
80.831255,0,70.0133269999999,8.683842,16097,203,0.00405799999999999,79.69038,13,8,8
