OK
3597.175381
304
Boogie Dump Took : 2.054197
0.023272
113.428064
11.5280608223684
448.681538,0,131.708256999999,29.173611,39896,554,0.016847,446.049059,22,14,23
427.547704,0,147.684869000001,32.350797,44516,470,0.0183610000000001,425.088989,25,16,22
420.743021,0,127.619787,31.509521,39991,388,0.0368829999999999,418.612752,21,11,26
431.936982,0,137.303374999999,29.514002,42293,482,0.00587799999999999,429.475867,23,18,18
374.871683,0,117.684974,42.881132,37038,420,0.010842,372.581898,19,12,32
393.230398,0,139.595724,28.984891,42302,562,0.014039,390.493968,24,17,20
469.542311,0,127.802438,33.675775,38682,521,0.0227880000000002,466.833581,23,20,21
475.391447,0,124.822643000001,26.719315,38754,548,0.00871399999999998,472.512421,21,18,16
