OK
18.289078
22
Boogie Dump Took : 3.968882
0.001058
1.449578
0.559472090909091
5.116681,0,4.88518400000001,0.35765,582,15,0.000456,4.663686,2,0,2
6.52529,0,5.580062,0.190625,658,15,0.000376,6.002294,4,0,1
3.365202,0,3.870497,0.653512,539,30,0.000589,2.752869,2,0,11
4.535976,0,5.70683700000001,0.308341,684,12,0.000434,3.988506,3,0,3
5.189722,0,5.01466,0.346064,608,15,0.00056,4.558568,2,1,1
5.833333,0,4.84981100000001,0.283965,554,13,0.000521,5.20485,2,0,1
5.219923,0,3.928901,0.283794,428,13,0.000495,4.740607,2,1,0
5.748215,0,5.106407,0.327023,547,13,0.000596,5.239261,2,1,0
