OK
1361.119292
143
Boogie Dump Took : 1.854948
0.040766
137.474453
9.16968661538461
279.220401,0,96.7957580000002,8.215672,18114,144,0.001179,278.041443,15,4,16
277.63576,0,90.5833640000005,8.210537,17368,153,0.006979,276.477466,15,4,14
225.143398,0,83.6022170000001,8.145043,15971,189,0.004575,223.683182,13,5,15
261.093341,0,82.839422,7.719959,16021,147,0.001418,259.777045,13,2,14
263.644553,0,76.5563849999997,7.975053,14888,191,0.005981,262.307122,13,5,19
235.065358,0,100.552327,6.265944,18652,184,0.011812,233.759436,15,4,10
260.429063,0,74.623825,5.340944,14266,143,0.003021,259.327869,13,4,9
235.45906,0,90.9641789999996,9.015139,17550,229,0.001837,234.203439,14,4,14
