OK
2756.509102
257
Boogie Dump Took : 2.246188
0.003287
60.575653
10.5053895447471
247.141322,0,95.1349360000007,21.246759,31194,345,0.004927,245.134853,17,12,26
282.085274,0,107.092201000001,21.401585,34074,426,0.011432,279.73242,22,12,18
272.102519,0,105.665909000001,17.855108,34010,374,0.00516,269.975557,21,14,24
242.631597,0,100.169171999999,20.474314,32581,345,0.0214190000000001,240.184728,18,13,23
243.099314,0,99.3702720000002,15.115506,32145,347,0.002983,241.14802,21,15,12
274.947562,0,105.200542999999,14.80624,33953,331,0.003393,273.132452,22,13,14
207.578277,0,102.005645000001,19.397833,32703,363,0.00713299999999998,205.288789,19,9,18
279.23941,0,98.7351669999997,27.443849,31611,301,0.00265099999999999,277.344976,18,11,23
