OK
1041.17913
156
Boogie Dump Took : 1.716903
0.019592
56.866868
6.34954317307692
317.290578,0,50.7234030000001,6.28557,16974,144,0.001137,316.271097,11,8,15
274.399187,0,48.7530819999999,4.856496,16157,106,0.003849,273.317311,12,4,11
287.010978,0,64.2361520000004,5.377946,20913,101,0.000998999999999999,285.966587,16,8,10
283.865034,0,53.435899,6.726904,17247,116,0.001952,282.556961,14,5,19
298.688956,0,52.1086089999999,6.492901,17305,150,0.001683,297.428925,13,7,14
288.146015,0,57.0086070000004,6.543754,19201,146,0.001313,286.717384,13,8,15
271.022058,0,50.9082310000001,5.821573,16845,100,0.002196,269.831718,12,5,11
290.618222,0,57.4897789999999,5.568076,19176,108,0.00102,289.407747,14,6,10
