OK
2994.258032
226
Boogie Dump Took : 1.619358
0.00692
103.940994
12.8375847522124
526.1066,0,101.166613,13.861323,30900,157,0.001508,524.439992,18,7,20
403.968515,0,70.3645870000002,12.077638,21703,164,0.014632,402.638505,12,7,16
399.851939,0,107.299288,16.650328,33419,214,0.00636099999999999,397.8694,19,11,21
501.794151,0,73.4744329999999,15.300618,23232,203,0.001641,499.966396,14,14,17
483.298757,0,108.098612,10.202051,31626,156,0.003732,481.587496,20,10,14
524.684103,0,118.103396,15.822483,34786,184,0.130936,522.994726,20,15,18
430.262057,0,108.350039000001,15.963231,33187,239,0.00688,428.232933,22,16,19
474.010132,0,86.123923,10.195731,26206,134,0.001344,472.59718,14,7,14
