OK
3102.795528
304
Boogie Dump Took : 1.660375
0.015817
91.599327
10.0854206414474
82.438246,0,56.0752639999999,17.06554,18158,218,0.001867,80.629643,15,26,11
54.265147,0,64.1809449999996,15.91483,21167,225,0.013816,52.509178,16,24,12
77.342576,0,34.2797320000001,19.530224,12043,252,0.00614199999999999,75.644552,10,27,14
119.162027,0,45.7906619999999,17.263563,15390,240,0.00386,117.616124,14,25,15
127.794925,0,37.221493,15.302011,12572,217,0.001875,126.220903,11,23,11
95.245474,0,52.7712819999999,18.986029,17217,231,0.011158,93.687551,14,24,17
113.960138,0,44.1288900000002,17.792711,14918,254,0.002077,112.332465,13,28,11
59.930717,0,42.4417450000001,18.58161,14746,208,0.001937,58.236838,12,22,14
