OK
2741.177422
280
Boogie Dump Took : 1.600155
0.007856
98.367355
9.51969381071428
137.804604,0,45.5114430000002,10.806223,15264,210,0.001509,136.172937,16,18,20
201.500975,0,40.0448110000001,10.136085,13338,220,0.002634,199.657873,18,18,16
134.143384,0,68.0917730000002,12.394264,22213,219,0.001759,132.242092,25,19,14
165.447675,0,45.4586669999999,10.02588,15383,227,0.001712,164.099117,14,18,15
146.298455,0,40.6819009999999,12.633317,13035,214,0.002089,144.686694,16,17,18
150.785722,0,43.4631920000002,12.892745,14225,200,0.001693,149.329162,17,17,16
141.862867,0,41.1956829999998,10.332509,13979,197,0.004667,140.507703,17,13,17
193.566322,0,38.0403890000001,13.995497,12499,239,0.010108,192.022628,12,25,19
