OK
288.977193
99
Boogie Dump Took : 1.579302
0.005514
33.428321
2.70005191919192
16.384635,0,18.732567,3.688418,6062,76,0.000713,15.573838,8,3,12
27.691609,0,20.2797920000001,3.375151,6394,76,0.001006,26.729184,10,3,10
27.915067,0,20.6152600000001,3.688154,6241,69,0.000689,27.036826,9,4,14
32.294443,0,27.2794469999999,2.128986,8429,72,0.000966,31.395673,10,3,5
30.024891,0,22.6327390000001,2.392954,6775,92,0.002905,29.113909,11,4,10
33.970236,0,20.6842549999999,2.343761,6620,70,0.000654,33.075025,6,4,4
21.417476,0,17.510731,4.768267,5740,74,0.000742,20.572674,6,5,8
45.559143,0,21.1418799999999,2.498006,6043,65,0.000934999999999999,44.715106,10,3,7
