OK
585.528598
122
Boogie Dump Took : 1.60866
0.02288
22.318501
4.52404985245902
62.745216,0,40.7938829999996,9.814639,14245,112,0.00681299999999999,61.780021,8,5,11
80.42173,0,36.9595739999999,8.967116,12603,110,0.001145,79.470179,9,3,12
79.777858,0,48.073207,9.556005,15799,112,0.003594,78.491701,11,5,11
53.973426,0,46.2126450000001,4.890424,16144,115,0.001015,52.962068,12,4,12
68.567557,0,44.5595220000001,12.922927,14689,129,0.001071,67.366769,10,7,12
70.312008,0,36.2385590000001,7.541368,12526,157,0.001347,69.090755,8,6,10
56.700067,0,45.0934889999999,8.329173,15013,112,0.001076,55.631929,12,6,8
83.340325,0,43.453722,5.785307,14782,121,0.001023,82.318998,10,6,4
