OK
346.569271
110
Boogie Dump Took : 2.006946
0.000828
24.162066
2.92639442727273
78.277931,0,52.0046880000002,2.660448,15163,109,0.013568,77.419092,17,1,6
54.984717,0,32.8519789999999,7.763419,9571,194,0.00975000000000001,53.778484,13,2,13
65.593378,0,39.767135,7.168386,11731,150,0.00313,64.630161,10,1,13
55.659618,0,33.8560819999999,8.621019,9715,176,0.001792,54.664531,8,1,16
59.720967,0,42.7883140000001,5.69156,12990,199,0.00335,58.569925,13,2,10
75.229967,0,50.5809660000002,4.432392,14877,199,0.00149,73.584682,12,3,10
59.14358,0,46.5655760000001,7.854782,12721,163,0.009491,57.84147,13,2,13
62.960064,0,36.02697,7.478912,10806,126,0.003246,61.776345,12,0,17
