OK
766.595818
136
Boogie Dump Took : 1.595673
0.001605
50.371642
5.46017754411765
107.923352,0,70.7844169999996,8.25062,19169,226,0.001887,106.38888,18,3,16
98.721689,0,52.9568530000001,9.579968,15109,250,0.004948,97.076538,11,3,16
124.775586,0,61.6216279999998,7.756603,17164,214,0.011925,123.3933,14,3,12
108.747342,0,80.2517529999995,5.043207,21396,248,0.001995,106.914543,18,3,12
98.888695,0,54.5663659999999,7.284862,15155,269,0.00237,97.096146,14,4,13
100.767332,0,55.2712679999999,9.753096,15565,204,0.002047,99.249086,13,0,18
112.779717,0,55.7128180000002,8.432038,15660,222,0.002176,111.55766,11,4,11
107.720327,0,62.8054850000004,9.736587,17253,254,0.0234010000000001,106.266457,13,4,14
