OK
308.146529
78
Boogie Dump Took : 3.525585
0.005061
20.533176
3.69269284615385
54.711919,0,54.7202219999999,3.68749,7571,120,0.003448,53.676888,8,1,9
51.415486,0,40.9960389999998,2.931139,5930,112,0.000941,50.481144,7,1,6
43.807358,0,50.354165,4.701018,8225,120,0.009135,42.718691,10,0,13
42.181052,0,67.5870410000003,2.306604,10321,124,0.001146,41.300409,13,2,6
48.753731,0,49.9920659999999,2.808136,7091,108,0.001159,47.917666,7,2,11
42.584317,0,43.363128,3.7606,7001,139,0.001131,41.396969,10,2,8
53.91038,0,30.494324,3.602679,4852,90,0.000953,53.17066,5,0,10
38.991695,0,44.4927810000001,3.333501,6838,117,0.000978999999999999,37.840528,7,3,4
