OK
221.689397
129
Boogie Dump Took : 3.618187
0.004341
8.173932
1.58537210077519
81.177965,0,27.30642,3.255969,9663,51,0.001516,80.18314,15,0,22
92.412234,0,29.1724380000001,2.16593,10082,44,0.001149,91.461498,19,0,13
91.596438,0,24.7418740000001,2.259841,8961,41,0.000946,90.792888,18,0,13
102.887104,0,22.8701860000001,2.824785,8342,57,0.000672,101.869621,10,0,17
86.61985,0,26.1362789999999,2.206599,9410,59,0.00154,85.764654,17,0,18
77.266761,0,27.57905,3.442256,9940,60,0.003631,76.337915,18,1,17
77.984235,0,26.9257450000001,2.927163,9486,50,0.00285,77.179374,14,0,13
91.352191,0,27.187838,1.895324,9613,47,0.000529,90.523845,17,0,15
