OK
249.731678
114
Boogie Dump Took : 1.313343
0.009313
11.700911
2.0588019122807
90.855659,0,23.2203759999999,2.105454,9636,67,0.000696,90.077896,15,0,14
89.338127,0,26.433295,2.880418,10407,61,0.002579,88.333742,17,0,14
81.223934,0,23.4432639999999,2.149036,9580,72,0.000792,80.356365,14,0,14
82.131768,0,24.7520420000001,2.443515,10042,58,0.000588,81.178302,11,0,16
69.65315,0,24.486527,2.776798,10072,70,0.000726,68.728179,15,0,18
86.301436,0,26.5874140000001,2.158366,10435,52,0.000617,85.41756,15,0,12
71.817916,0,19.456844,3.281607,8035,60,0.00065,71.003331,11,1,14
77.524324,0,27.3655299999998,2.126782,10969,58,0.000872,76.705854,15,0,11
