OK
566.38628
163
Boogie Dump Took : 1.42974
0.000448
22.838914
3.30147494478528
181.030554,0,60.8809119999999,8.069412,22323,75,0.000709,179.790566,18,1,19
197.529305,0,57.157492,8.04955,21465,79,0.00072,196.395403,21,0,22
192.23596,0,57.621604,6.313045,21647,75,0.003047,191.183977,24,1,17
190.91507,0,50.430309,7.502204,18478,66,0.000654,189.780231,13,0,19
158.606814,0,55.903312,10.375758,21793,87,0.000809,157.212193,21,2,26
207.216218,0,55.7469630000002,5.598121,20457,64,0.011508,206.084906,21,0,13
177.078968,0,48.546158,12.621762,18093,100,0.055764,175.607436,17,2,22
199.571766,0,51.8164079999999,8.273881,19673,66,0.000643,198.220512,21,1,18
