OK
606.42593
116
Boogie Dump Took : 1.600319
0.004031
36.864626
4.88594098275862
77.850433,0,22.4481410000001,6.085956,8837,83,0.000767,76.871583,6,6,9
93.283017,0,24.693435,5.092657,9558,130,0.001213,92.130887,9,7,7
110.159576,0,21.9591609999999,3.301197,8273,121,0.001082,109.114511,8,7,7
94.372437,0,19.469438,5.995493,7243,94,0.00085,93.483475,6,7,7
109.264671,0,31.087794,4.67193,11594,110,0.000964999999999999,108.23152,9,8,6
112.135307,0,26.4289819999999,4.064589,9451,96,0.000939,111.150494,8,8,4
70.519019,0,23.32938,7.230824,8516,75,0.000726999999999999,69.702443,6,3,16
87.032142,0,37.527407,4.643727,13711,98,0.001256,86.105459,11,7,7
