OK
1662.141596
188
Boogie Dump Took : 2.324508
0.005677
68.996891
8.51950269148936
395.527197,0,99.0097290000003,8.129484,20287,189,0.001466,394.333515,18,5,20
366.14452,0,104.643812,6.911333,21710,204,0.00539699999999999,364.757775,20,2,20
381.91609,0,93.3263149999997,7.065998,19433,196,0.001488,380.518612,20,5,18
350.36294,0,105.59684,8.36974,21655,174,0.011698,349.075359,18,4,27
410.750945,0,106.231816,6.692528,22004,158,0.00125,409.47831,21,5,15
411.793495,0,85.0737550000005,7.935459,17845,177,0.001373,410.476741,18,4,24
390.988838,0,95.8153149999997,9.19126,19612,166,0.001334,389.650487,20,6,19
352.976561,0,101.910097,5.834984,20902,212,0.00546199999999999,351.397693,20,2,12
