OK
551.216821
152
Boogie Dump Took : 2.206833
0.019828
21.459124
3.47695011842105
83.648968,0,58.197776,3.499964,11368,123,0.001281,82.535432,17,1,16
115.93647,0,52.898523,3.08606,10293,179,0.0033,114.861465,16,1,24
93.614895,0,60.965025,2.832663,11418,148,0.001208,92.623553,18,0,15
96.64458,0,62.6579429999999,2.515469,12001,135,0.001095,95.600864,19,0,19
115.568152,0,59.5404919999997,3.153642,11286,175,0.002166,114.475722,18,2,16
124.304782,0,51.2678760000001,3.790071,9651,169,0.00730199999999998,123.002835,15,2,19
115.644955,0,60.6474939999998,3.709457,11650,143,0.001196,114.165161,20,3,16
90.588276,0,69.2948589999999,3.474384,12769,137,0.001332,89.396783,20,0,18
