OK
1218.875294
205
Boogie Dump Took : 1.875413
0.000999
49.73842
5.79181575121951
163.119572,0,56.3167680000003,4.56699,15618,170,0.001662,161.945842,24,1,26
158.238379,0,63.8303970000003,4.946051,17799,179,0.0199590000000001,157.043485,29,1,25
150.803703,0,55.946838,5.457578,15343,187,0.019252,149.423038,26,2,28
166.238617,0,58.6476980000001,3.786969,16953,184,0.00479299999999999,164.88408,25,1,30
169.911895,0,61.1554179999994,3.974399,16890,148,0.010567,168.830251,27,2,19
159.063471,0,54.5419979999999,4.653473,15400,173,0.001503,157.74776,22,2,25
170.247104,0,43.2633120000001,4.97343,12238,182,0.00154,168.652952,21,3,18
161.517173,0,42.4544660000001,4.758905,11590,181,0.013996,160.247506,18,1,21
