OK
9.439122
14
Boogie Dump Took : 1.33995
0.086611
0.807187
0.512010071428571
6.680573,0,0.608567,0.17865,87,5,0.000298,6.230138,2,0,1
6.21636,0,0.436617,0.197743,68,21,0.000376,5.721658,2,0,3
6.616594,0,0.441312,0.159785,65,4,0.000297,6.124578,2,0,1
6.267291,0,0.458596,0.19719,95,11,0.000343,5.707187,2,0,4
6.59422,0,0.381801,0.172505,72,6,0.000306,6.115748,2,0,1
7.097376,0,0.292659,0.176421,42,3,0.000414,6.630645,1,0,1
6.414804,0,0.42794,0.196524,87,6,0.000278,5.840732,2,0,2
7.231518,0,0.307997,0.167423,44,2,0.000309,6.65258,1,0,1
