OK
8.171134
11
Boogie Dump Took : 1.193156
0.150401
0.876592
0.557023181818182
6.397779,0,0.43354,0.151894,37,4,0.000316,5.947643,1,0,1
5.528464,0,0.409404,0.189083,80,20,0.000379,5.036051,2,0,2
5.468716,0,0.414543,0.173371,83,5,0.000292,5.00156,2,0,2
5.621252,0,0.415739,0.16467,87,5,0.000315,5.10461,2,0,1
5.929436,0,0.283091,0.220076,46,9,0.000414,5.406969,1,0,3
6.073237,0,0.311631,0.168289,38,3,0.000282,5.515164,1,0,1
6.139491,0,0.277106,0.003079,46,1,0.000274,5.652272,1,0,0
5.832109,0,0.350357,0.162007,48,2,0.000278,5.343162,1,0,1
