OK
1034.626457
121
Boogie Dump Took : 2.568923
0.000634
80.093336
7.74027870247934
233.8293,0,59.6660819999997,6.796993,13332,74,0.000698,232.752854,13,2,15
238.107128,0,61.5355069999999,4.320655,14124,67,0.004977,237.116422,11,2,12
170.89319,0,66.3037990000001,6.120261,15171,61,0.000693,170.019148,16,2,15
292.047784,0,56.5874959999996,5.518828,12434,69,0.00587699999999999,291.027997,12,3,16
249.887302,0,51.7776369999998,6.373359,11496,68,0.000866999999999999,248.819906,11,3,13
295.511595,0,49.8609000000001,5.832735,11127,58,0.000676,294.586921,13,2,11
296.596669,0,56.1651250000004,3.647626,12282,62,0.000671,295.709763,12,2,8
295.283382,0,56.0094169999999,7.043639,12415,64,0.00609399999999999,294.324589,15,2,13
