NOK
2807.803648
368
Boogie Dump Took : 5.87616
0.003241
161.155988
7.26981138043478
0,0,0,0,0,0,0,474.970921,4,0,5
0,0,0,0,0,0,0,486.559356,5,0,4
0,0,0,0,0,0,0,941.791433,5,0,6
0,0,0,0,0,0,0,1824.953204,5,0,4
0,0,0,0,0,0,0,27.87886,20,2,18
0,0,0,0,0,0,0,81.96384,23,3,25
0,0,0,0,0,0,0,80.539272,23,3,26
0,0,0,0,0,0,0,40.306005,22,3,18
0,0,0,0,0,0,0,840.726938,10,0,11
0,0,0,0,0,0,0,1127.30756,10,0,9
0,0,0,0,0,0,0,1088.486733,13,0,10
0,0,0,0,0,0,0,438.956807,7,0,9
0,0,0,0,0,0,0,286.443035,7,0,8
0,0,0,0,0,0,0,975.918438,7,0,8
0,0,0,0,0,0,0,1703.943933,11,0,9
0,0,0,0,0,0,0,425.891684,10,0,9
0,0,0,0,0,0,0,514.777637,8,0,8
0,0,0,0,0,0,0,1629.713531,11,0,9
0,0,0,0,0,0,0,543.217815,9,0,10
0,0,0,0,0,0,0,1237.301753,6,0,6
0,0,0,0,0,0,0,679.105533,11,0,8
0,0,0,0,0,0,0,116.653859,11,2,9
0,0,0,0,0,0,0,179.784148,11,0,10
0,0,0,0,0,0,0,252.883541,11,1,16
0,0,0,0,0,0,0,174.198031,8,1,7
0,0,0,0,0,0,0,288.66034,10,2,8
0,0,0,0,0,0,0,86.454524,8,1,9
0,0,0,0,0,0,0,108.892163,8,1,9
0,0,0,0,0,0,0,499.008711,8,1,13
0,0,0,0,0,0,0,571.601597,11,0,10
0,0,0,0,0,0,0,608.992567,14,0,10
0,0,0,0,0,0,0,924.346129,13,0,12
#ALGO Details#
Best Algo splitMode:0
SplitMode:totalANDSplits
100:19
0:105
50:39
50:34
50:33
30:46
30:38
30:46