NOK
93.73924
178
Boogie Dump Took : 8.400352
0.000297
7.741293
0.447211174157303
0,0,0,0,0,0,0,20.358068,2,0,3
0,0,0,0,0,0,0,30.342002,3,1,2
0,0,0,0,0,0,0,23.907104,3,0,3
0,0,0,0,0,0,0,19.339861,2,0,2
0,0,0,0,0,0,0,13.640667,10,1,12
0,0,0,0,0,0,0,15.662575,13,1,11
0,0,0,0,0,0,0,17.892077,14,0,11
0,0,0,0,0,0,0,13.147338,10,1,12
0,0,0,0,0,0,0,14.745317,3,0,2
0,0,0,0,0,0,0,15.636538,3,0,2
0,0,0,0,0,0,0,9.106066,2,0,4
0,0,0,0,0,0,0,16.443679,3,0,2
0,0,0,0,0,0,0,14.925048,4,0,4
0,0,0,0,0,0,0,15.288424,3,0,2
0,0,0,0,0,0,0,16.099193,4,0,3
0,0,0,0,0,0,0,12.11877,3,1,4
0,0,0,0,0,0,0,12.386957,5,0,5
0,0,0,0,0,0,0,13.774361,6,0,5
0,0,0,0,0,0,0,11.849844,5,0,5
0,0,0,0,0,0,0,11.832325,4,1,4
0,0,0,0,0,0,0,12.424537,5,0,4
0,0,0,0,0,0,0,13.796395,6,0,4
0,0,0,0,0,0,0,13.077935,5,0,4
0,0,0,0,0,0,0,8.764008,3,1,6
0,0,0,0,0,0,0,23.045662,5,0,5
0,0,0,0,0,0,0,19.837203,6,0,5
0,0,0,0,0,0,0,25.972714,5,0,4
0,0,0,0,0,0,0,21.383044,4,0,5
0,0,0,0,0,0,0,18.861506,5,1,5
0,0,0,0,0,0,0,16.117038,4,0,5
0,0,0,0,0,0,0,26.982926,5,1,4
0,0,0,0,0,0,0,18.756579,3,0,2
#ALGO Details#
Best Algo splitMode:30
SplitMode:totalANDSplits
100:14
0:49
50:10
50:14
50:21
30:21
30:22
30:19