ReachedBound
484.993939
426
Boogie Dump Took : 3.723978
0.000437
15.3563
1.12649956338028
0,0,0,0,0,0,0,12.64221,6,2,11
0,0,0,0,0,0,0,11.960271,11,4,8
0,0,0,0,0,0,0,10.795361,11,5,8
0,0,0,0,0,0,0,10.291288,8,4,9
0,0,0,0,0,0,0,23.245168,13,2,6
0,0,0,0,0,0,0,22.335972,10,3,10
0,0,0,0,0,0,0,18.957869,11,2,17
0,0,0,0,0,0,0,25.627221,12,2,12
0,0,0,0,0,0,0,27.972592,13,1,17
0,0,0,0,0,0,0,31.135673,12,4,13
0,0,0,0,0,0,0,50.692666,10,2,7
0,0,0,0,0,0,0,57.648976,14,2,11
0,0,0,0,0,0,0,14.171915,11,2,11
0,0,0,0,0,0,0,35.741949,11,2,12
0,0,0,0,0,0,0,24.175645,11,1,7
0,0,0,0,0,0,0,27.806795,11,1,13
0,0,0,0,0,0,0,18.396716,9,3,13
0,0,0,0,0,0,0,43.926085,9,1,11
0,0,0,0,0,0,0,68.576683,13,2,8
0,0,0,0,0,0,0,55.574798,12,0,10
0,0,0,0,0,0,0,33.535304,14,4,10
0,0,0,0,0,0,0,15.654852,11,1,10
0,0,0,0,0,0,0,39.889659,8,3,14
0,0,0,0,0,0,0,28.230178,10,4,8
0,0,0,0,0,0,0,63.471614,11,1,6
0,0,0,0,0,0,0,73.101621,10,1,11
0,0,0,0,0,0,0,53.927062,9,2,12
0,0,0,0,0,0,0,42.894207,10,3,10
0,0,0,0,0,0,0,31.039903,16,1,11
0,0,0,0,0,0,0,66.954089,13,2,12
0,0,0,0,0,0,0,55.007101,11,1,14
0,0,0,0,0,0,0,28.079753,11,5,13
#ALGO Details#
Best Algo splitMode:0
SplitMode:totalANDSplits
100:51
0:54
50:57
50:49
50:48
30:54
30:46
30:59