TIMEDOUT
3600
141
Boogie Dump Took : 22.302388
0,0,0,0,0,0,0,2374.234862,1,0,1
0,0,0,0,0,0,0,541.962615,1,0,2
0,0,0,0,0,0,0,2116.410663,2,0,1
0,0,0,0,0,0,0,2063.413787,1,0,1
0,0,0,0,0,0,0,8.69288,5,9,4
0,0,0,0,0,0,0,9.046052,4,8,3
0,0,0,0,0,0,0,9.450281,4,0,2
0,0,0,0,0,0,0,6.891797,3,13,6
0,0,0,0,0,0,0,1224.706233,3,0,2
0,0,0,0,0,0,0,1217.896168,2,0,1
0,0,0,0,0,0,0,563.04093,1,0,2
0,0,0,0,0,0,0,671.780364,2,0,2
0,0,0,0,0,0,0,1194.738012,2,0,2
0,0,0,0,0,0,0,1191.347341,2,0,3
0,0,0,0,0,0,0,675.049424,4,0,4
0,0,0,0,0,0,0,1474.020954,5,0,3
0,0,0,0,0,0,0,562.344752,2,0,1
0,0,0,0,0,0,0,560.620364,3,0,2
0,0,0,0,0,0,0,9.149891,2,0,4
0,0,0,0,0,0,0,563.090628,3,0,2
0,0,0,0,0,0,0,8.138583,3,0,2
0,0,0,0,0,0,0,9.53764,3,0,4
0,0,0,0,0,0,0,11.427524,3,0,1
0,0,0,0,0,0,0,10.150476,2,0,3
0,0,0,0,0,0,0,9.992105,3,1,2
0,0,0,0,0,0,0,8.492086,2,1,3
0,0,0,0,0,0,0,8.574136,2,0,2
0,0,0,0,0,0,0,8.84419,2,0,1
0,0,0,0,0,0,0,11.224612,3,0,2
0,0,0,0,0,0,0,9.875061,2,0,4
0,0,0,0,0,0,0,9.145658,2,0,1
0,0,0,0,0,0,0,11.335822,2,0,1
#ALGO Details#
Best Algo splitMode:-1
SplitMode:totalANDSplits
100:5
0:70
50:7
50:12
50:9
30:10
30:12
30:8