OK
174.323808
196
Boogie Dump Took : 4.234218
0.002593
9.942437
0.8631605
0,0,0,0,0,0,0,46.416482,1,0,3
0,0,0,0,0,0,0,141.658322,3,0,1
0,0,0,0,0,0,0,93.020496,2,0,2
0,0,0,0,0,0,0,70.639554,2,0,2
0,0,0,0,0,0,0,13.454985,11,0,12
0,0,0,0,0,0,0,21.236294,12,2,14
0,0,0,0,0,0,0,17.35193,12,0,8
0,0,0,0,0,0,0,17.254486,13,1,13
0,0,0,0,0,0,0,118.255667,4,0,2
0,0,0,0,0,0,0,70.503485,3,0,3
0,0,0,0,0,0,0,92.153813,3,0,4
0,0,0,0,0,0,0,92.069174,3,0,3
0,0,0,0,0,0,0,146.943367,6,0,5
0,0,0,0,0,0,0,95.905845,5,0,5
0,0,0,0,0,0,0,101.920269,5,0,4
0,0,0,0,0,0,0,101.359771,4,0,5
0,0,0,0,0,0,0,91.0104,3,0,3
0,0,0,0,0,0,0,121.107496,3,0,1
0,0,0,0,0,0,0,48.79898,2,0,3
0,0,0,0,0,0,0,89.885519,3,0,3
0,0,0,0,0,0,0,117.542929,16,0,11
0,0,0,0,0,0,0,18.141064,7,0,9
0,0,0,0,0,0,0,86.00426,8,0,8
0,0,0,0,0,0,0,90.614604,12,0,14
0,0,0,0,0,0,0,96.110704,6,0,5
0,0,0,0,0,0,0,141.162058,7,0,7
0,0,0,0,0,0,0,73.006545,4,0,5
0,0,0,0,0,0,0,93.9384,5,0,4
0,0,0,0,0,0,0,73.552307,7,0,7
0,0,0,0,0,0,0,143.09233,7,0,6
0,0,0,0,0,0,0,98.520917,7,0,7
0,0,0,0,0,0,0,73.858564,6,0,6
#ALGO Details#
Best Algo splitMode:0
SplitMode:totalANDSplits
100:8
0:50
50:12
50:19
50:10
30:42
30:21
30:26