NOK
638.143071
176
Boogie Dump Took : 12.557079
0.007306
33.627294
3.51276130113636
0,0,0,0,0,0,0,61.769146,2,4,2
0,0,0,0,0,0,0,55.968548,3,0,2
0,0,0,0,0,0,0,46.849757,2,2,1
0,0,0,0,0,0,0,18.05657,1,4,3
0,0,0,0,0,0,0,5.129889,5,1,4
0,0,0,0,0,0,0,5.567543,4,2,3
0,0,0,0,0,0,0,5.450186,4,0,3
0,0,0,0,0,0,0,5.101352,3,1,5
0,0,0,0,0,0,0,18.798152,2,0,2
0,0,0,0,0,0,0,18.959065,2,2,1
0,0,0,0,0,0,0,20.28398,4,2,2
0,0,0,0,0,0,0,17.652309,2,0,4
0,0,0,0,0,0,0,32.893598,2,3,4
0,0,0,0,0,0,0,71.713261,3,2,2
0,0,0,0,0,0,0,88.707338,5,0,2
0,0,0,0,0,0,0,74.027837,2,3,3
0,0,0,0,0,0,0,30.562887,2,3,4
0,0,0,0,0,0,0,71.737896,3,2,2
0,0,0,0,0,0,0,56.719912,4,0,3
0,0,0,0,0,0,0,106.817049,3,2,2
0,0,0,0,0,0,0,55.373706,4,1,4
0,0,0,0,0,0,0,59.069168,6,0,5
0,0,0,0,0,0,0,42.173767,4,0,3
0,0,0,0,0,0,0,18.155343,3,1,4
0,0,0,0,0,0,0,34.015999,6,0,3
0,0,0,0,0,0,0,41.133962,5,3,3
0,0,0,0,0,0,0,17.653136,2,0,4
0,0,0,0,0,0,0,18.7363,3,0,5
0,0,0,0,0,0,0,39.175359,4,0,2
0,0,0,0,0,0,0,31.440981,2,2,4
0,0,0,0,0,0,0,32.846573,2,2,2
0,0,0,0,0,0,0,19.227941,2,0,1
#ALGO Details#
Best Algo splitMode:50
SplitMode:totalANDSplits
100:24
0:26
50:15
50:22
50:22
30:23
30:20
30:16