NOK
226.361757
242
Boogie Dump Took : 5.040006
0.000733
11.218139
0.805842376033058
0,0,0,0,0,0,0,31.217486,4,2,5
0,0,0,0,0,0,0,33.682824,5,0,5
0,0,0,0,0,0,0,26.129505,4,0,4
0,0,0,0,0,0,0,36.202528,4,3,3
0,0,0,0,0,0,0,8.340393,13,1,11
0,0,0,0,0,0,0,6.485653,10,1,9
0,0,0,0,0,0,0,5.546987,8,2,7
0,0,0,0,0,0,0,10.221421,11,0,14
0,0,0,0,0,0,0,14.582556,5,0,5
0,0,0,0,0,0,0,21.412524,6,0,6
0,0,0,0,0,0,0,25.996108,7,1,7
0,0,0,0,0,0,0,27.321076,7,1,6
0,0,0,0,0,0,0,14.55548,6,1,7
0,0,0,0,0,0,0,13.037722,6,0,5
0,0,0,0,0,0,0,19.412184,7,1,7
0,0,0,0,0,0,0,16.429225,5,0,4
0,0,0,0,0,0,0,17.173575,4,1,4
0,0,0,0,0,0,0,13.202943,6,1,5
0,0,0,0,0,0,0,15.438874,5,0,5
0,0,0,0,0,0,0,12.721957,4,0,4
0,0,0,0,0,0,0,8.399548,9,0,9
0,0,0,0,0,0,0,10.750615,10,1,11
0,0,0,0,0,0,0,8.291647,7,0,7
0,0,0,0,0,0,0,11.546922,10,0,8
0,0,0,0,0,0,0,12.646752,5,0,4
0,0,0,0,0,0,0,9.349022,5,0,4
0,0,0,0,0,0,0,13.594012,5,2,6
0,0,0,0,0,0,0,7.943494,4,1,4
0,0,0,0,0,0,0,16.237799,8,1,7
0,0,0,0,0,0,0,14.5156,7,1,6
0,0,0,0,0,0,0,16.505637,4,0,3
0,0,0,0,0,0,0,11.855176,3,0,5
#ALGO Details#
Best Algo splitMode:50
SplitMode:totalANDSplits
100:23
0:46
50:29
50:28
50:24
30:36
30:24
30:24