NOK
74.705666
244
Boogie Dump Took : 5.635046
0.002506
7.37093
0.27579543852459
0,0,0,0,0,0,0,17.654729,2,1,4
0,0,0,0,0,0,0,23.415672,3,1,3
0,0,0,0,0,0,0,27.703145,3,0,2
0,0,0,0,0,0,0,31.299183,3,0,2
0,0,0,0,0,0,0,5.103963,11,2,11
0,0,0,0,0,0,0,4.947018,11,0,11
0,0,0,0,0,0,0,3.783141,9,0,7
0,0,0,0,0,0,0,4.825856,9,2,10
0,0,0,0,0,0,0,15.736602,7,0,8
0,0,0,0,0,0,0,32.052631,9,0,6
0,0,0,0,0,0,0,24.175257,7,0,7
0,0,0,0,0,0,0,22.10344,8,0,9
0,0,0,0,0,0,0,16.655832,6,0,5
0,0,0,0,0,0,0,22.361651,8,0,6
0,0,0,0,0,0,0,16.432779,6,0,7
0,0,0,0,0,0,0,18.612059,6,0,7
0,0,0,0,0,0,0,20.477258,8,0,9
0,0,0,0,0,0,0,37.611763,7,0,7
0,0,0,0,0,0,0,34.623069,6,0,6
0,0,0,0,0,0,0,41.133369,8,0,6
0,0,0,0,0,0,0,13.584198,6,0,6
0,0,0,0,0,0,0,12.797487,6,0,7
0,0,0,0,0,0,0,12.7717,7,0,5
0,0,0,0,0,0,0,11.547909,4,0,4
0,0,0,0,0,0,0,14.732781,13,0,12
0,0,0,0,0,0,0,19.813665,13,0,12
0,0,0,0,0,0,0,19.204254,11,0,12
0,0,0,0,0,0,0,14.367216,8,0,8
0,0,0,0,0,0,0,10.936442,7,0,6
0,0,0,0,0,0,0,14.306006,9,0,9
0,0,0,0,0,0,0,21.748941,8,0,8
0,0,0,0,0,0,0,7.188507,6,0,6
#ALGO Details#
Best Algo splitMode:0
SplitMode:totalANDSplits
100:13
0:45
50:30
50:25
50:28
30:22
30:44
30:29