OK
78.837533
45
Boogie Dump Took : 53.41469
0.005617
4.537234
0.540010177777778
0,0,0,0,0,0,0,0,0,0,1
0,0,0,0,0,0,0,15.136104,1,0,0
0,0,0,0,0,0,0,0,0,0,0
0,0,0,0,0,0,0,0,0,0,0
0,0,0,0,0,0,0,14.600223,5,0,4
0,0,0,0,0,0,0,14.134857,4,0,4
0,0,0,0,0,0,0,15.042212,4,0,4
0,0,0,0,0,0,0,12.963651,4,0,4
0,0,0,0,0,0,0,0.00046,1,0,1
0,0,0,0,0,0,0,2.818057,1,0,1
0,0,0,0,0,0,0,5.949573,1,0,1
0,0,0,0,0,0,0,13.812557,1,0,0
0,0,0,0,0,0,0,0.000307,1,0,1
0,0,0,0,0,0,0,2.633716,1,0,1
0,0,0,0,0,0,0,11.086679,1,0,1
0,0,0,0,0,0,0,20.70519,1,0,0
0,0,0,0,0,0,0,0.000922,1,0,1
0,0,0,0,0,0,0,4.765538,1,0,1
0,0,0,0,0,0,0,2.449014,1,0,1
0,0,0,0,0,0,0,12.824496,1,0,0
0,0,0,0,0,0,0,7.112839,2,0,2
0,0,0,0,0,0,0,8.388269,2,0,2
0,0,0,0,0,0,0,14.310539,2,0,1
0,0,0,0,0,0,0,7.308331,1,0,1
0,0,0,0,0,0,0,0.000369,1,0,1
0,0,0,0,0,0,0,15.703313,1,0,0
0,0,0,0,0,0,0,6.578752,1,0,1
0,0,0,0,0,0,0,0,0,0,0
0,0,0,0,0,0,0,0.000466,1,0,1
0,0,0,0,0,0,0,4.918347,1,0,1
0,0,0,0,0,0,0,2.588351,1,0,1
0,0,0,0,0,0,0,12.90133,1,0,0
#ALGO Details#
Best Algo splitMode:50
SplitMode:totalANDSplits
100:1
0:16
50:3
50:3
50:3
30:6
30:2
30:3