NOK
89.508506
70
Boogie Dump Took : 31.736939
0.002809
12.114783
0.758918257142857
0,0,0,0,0,0,0,0,0,0,1
0,0,0,0,0,0,0,2.748582,1,0,1
0,0,0,0,0,0,0,29.768509,1,0,0
0,0,0,0,0,0,0,2.959033,1,0,1
0,0,0,0,0,0,0,3.933133,4,0,3
0,0,0,0,0,0,0,4.087138,3,0,3
0,0,0,0,0,0,0,3.826963,3,0,3
0,0,0,0,0,0,0,3.8407,3,0,3
0,0,0,0,0,0,0,31.871962,3,0,1
0,0,0,0,0,0,0,30.468961,2,0,1
0,0,0,0,0,0,0,3.657066,1,0,3
0,0,0,0,0,0,0,4.878144,1,0,1
0,0,0,0,0,0,0,5.870823,3,0,2
0,0,0,0,0,0,0,4.378454,2,0,3
0,0,0,0,0,0,0,3.73842,2,0,2
0,0,0,0,0,0,0,4.808597,2,0,1
0,0,0,0,0,0,0,0.00043,1,0,1
0,0,0,0,0,0,0,0.834096,1,0,1
0,0,0,0,0,0,0,29.927011,1,0,0
0,0,0,0,0,0,0,2.245451,1,0,1
0,0,0,0,0,0,0,23.884487,3,0,2
0,0,0,0,0,0,0,28.804195,5,0,3
0,0,0,0,0,0,0,13.437018,2,0,3
0,0,0,0,0,0,0,2.663843,1,0,2
0,0,0,0,0,0,0,3.65762,2,0,3
0,0,0,0,0,0,0,3.811997,2,0,2
0,0,0,0,0,0,0,5.140535,3,0,1
0,0,0,0,0,0,0,2.926632,1,0,1
0,0,0,0,0,0,0,32.368811,2,0,4
0,0,0,0,0,0,0,34.230275,2,0,1
0,0,0,0,0,0,0,7.952209,2,0,1
0,0,0,0,0,0,0,34.991967,2,0,1
#ALGO Details#
Best Algo splitMode:0
SplitMode:totalANDSplits
100:3
0:18
50:6
50:8
50:3
30:10
30:7
30:7