NOK
650.862089
228
Boogie Dump Took : 46.496095
0.000353
104.59054
2.64155974122807
0,0,0,0,0,0,0,269.730929,1,0,2
0,0,0,0,0,0,0,411.712668,2,0,1
0,0,0,0,0,0,0,15.677346,1,0,1
0,0,0,0,0,0,0,140.865272,1,0,1
0,0,0,0,0,0,0,74.64101,28,0,25
0,0,0,0,0,0,0,76.456779,26,0,29
0,0,0,0,0,0,0,54.521483,28,2,28
0,0,0,0,0,0,0,77.681647,29,0,28
0,0,0,0,0,0,0,281.463484,3,0,3
0,0,0,0,0,0,0,420.472414,3,0,2
0,0,0,0,0,0,0,286.382602,2,0,2
0,0,0,0,0,0,0,285.660083,2,0,2
0,0,0,0,0,0,0,290.858721,3,0,3
0,0,0,0,0,0,0,277.611188,2,0,2
0,0,0,0,0,0,0,556.489099,3,0,2
0,0,0,0,0,0,0,139.749788,2,0,2
0,0,0,0,0,0,0,154.726105,4,0,4
0,0,0,0,0,0,0,168.441136,4,0,3
0,0,0,0,0,0,0,291.037029,4,0,5
0,0,0,0,0,0,0,434.832822,5,0,4
0,0,0,0,0,0,0,557.980459,6,0,5
0,0,0,0,0,0,0,309.647706,6,0,8
0,0,0,0,0,0,0,433.611417,6,0,5
0,0,0,0,0,0,0,427.247846,5,0,4
0,0,0,0,0,0,0,426.773114,6,0,7
0,0,0,0,0,0,0,318.648304,6,0,6
0,0,0,0,0,0,0,293.254827,6,0,3
0,0,0,0,0,0,0,425.328676,5,0,6
0,0,0,0,0,0,0,441.042489,6,0,7
0,0,0,0,0,0,0,305.397707,6,0,4
0,0,0,0,0,0,0,165.602637,4,0,6
0,0,0,0,0,0,0,436.812679,5,0,3
#ALGO Details#
Best Algo splitMode:0
SplitMode:totalANDSplits
100:5
0:117
50:9
50:9
50:16
30:22
30:22
30:20