NOK
79.537733
131
Boogie Dump Took : 11.259723
0.000924
12.045575
0.47890258778626
0,0,0,0,0,0,0,29.583475,1,0,2
0,0,0,0,0,0,0,43.908062,2,0,1
0,0,0,0,0,0,0,43.439433,2,0,2
0,0,0,0,0,0,0,16.706448,1,0,1
0,0,0,0,0,0,0,9.932622,14,0,13
0,0,0,0,0,0,0,13.668818,13,0,14
0,0,0,0,0,0,0,9.623964,16,0,12
0,0,0,0,0,0,0,4.898892,9,0,12
0,0,0,0,0,0,0,56.35996,3,0,3
0,0,0,0,0,0,0,44.294529,3,0,2
0,0,0,0,0,0,0,16.745389,2,0,2
0,0,0,0,0,0,0,43.115784,2,0,2
0,0,0,0,0,0,0,42.412093,3,0,3
0,0,0,0,0,0,0,44.446411,3,0,2
0,0,0,0,0,0,0,28.637409,2,0,2
0,0,0,0,0,0,0,16.282522,2,0,2
0,0,0,0,0,0,0,30.99508,3,0,3
0,0,0,0,0,0,0,17.131494,2,0,2
0,0,0,0,0,0,0,57.50196,3,0,2
0,0,0,0,0,0,0,29.651331,2,0,2
0,0,0,0,0,0,0,29.690879,3,0,4
0,0,0,0,0,0,0,56.872667,4,0,2
0,0,0,0,0,0,0,43.665443,3,0,3
0,0,0,0,0,0,0,44.059407,3,0,3
0,0,0,0,0,0,0,30.339699,4,0,3
0,0,0,0,0,0,0,44.055478,3,0,4
0,0,0,0,0,0,0,56.69711,3,0,3
0,0,0,0,0,0,0,44.464538,3,0,2
0,0,0,0,0,0,0,44.047469,4,0,4
0,0,0,0,0,0,0,42.811155,3,0,3
0,0,0,0,0,0,0,33.450668,5,0,4
0,0,0,0,0,0,0,44.889504,4,0,4
#ALGO Details#
Best Algo splitMode:0
SplitMode:totalANDSplits
100:6
0:51
50:9
50:9
50:9
30:12
30:12
30:15