NOK
2495.099324
402
Boogie Dump Took : 12.27156
0.002428
147.890347
6.16286341542288
0,0,0,0,0,0,0,201.819077,3,2,4
0,0,0,0,0,0,0,196.557098,4,0,4
0,0,0,0,0,0,0,199.979763,4,0,4
0,0,0,0,0,0,0,237.661861,4,1,3
0,0,0,0,0,0,0,250.212052,33,1,34
0,0,0,0,0,0,0,264.778296,33,4,32
0,0,0,0,0,0,0,209.630922,33,1,31
0,0,0,0,0,0,0,262.027457,32,2,33
0,0,0,0,0,0,0,106.56475,6,1,5
0,0,0,0,0,0,0,148.939512,7,3,6
0,0,0,0,0,0,0,45.286864,5,2,5
0,0,0,0,0,0,0,86.862873,5,2,6
0,0,0,0,0,0,0,73.377554,5,2,5
0,0,0,0,0,0,0,93.701685,8,1,7
0,0,0,0,0,0,0,93.642016,7,2,6
0,0,0,0,0,0,0,68.311314,4,1,5
0,0,0,0,0,0,0,197.484655,5,2,4
0,0,0,0,0,0,0,90.444373,5,2,6
0,0,0,0,0,0,0,153.735303,5,2,3
0,0,0,0,0,0,0,130.08827,5,2,6
0,0,0,0,0,0,0,81.626177,7,3,7
0,0,0,0,0,0,0,60.209636,5,2,6
0,0,0,0,0,0,0,89.532142,6,1,5
0,0,0,0,0,0,0,82.609131,4,0,3
0,0,0,0,0,0,0,133.281561,7,4,8
0,0,0,0,0,0,0,171.70515,10,2,7
0,0,0,0,0,0,0,142.669014,7,0,8
0,0,0,0,0,0,0,150.561232,9,0,9
0,0,0,0,0,0,0,76.56394,10,4,9
0,0,0,0,0,0,0,93.734417,8,3,7
0,0,0,0,0,0,0,74.420815,10,4,12
0,0,0,0,0,0,0,61.175781,8,0,7
#ALGO Details#
Best Algo splitMode:100
SplitMode:totalANDSplits
100:23
0:140
50:34
50:34
50:28
30:35
30:51
30:49