TIMEDOUT
3600
235
Boogie Dump Took : 16.304804
0,0,0,0,0,0,0,458.715727,2,2,3
0,0,0,0,0,0,0,609.461388,2,0,1
0,0,0,0,0,0,0,576.814226,2,0,1
0,0,0,0,0,0,0,576.253255,2,1,3
0,0,0,0,0,0,0,514.09762,19,3,19
0,0,0,0,0,0,0,514.240291,18,2,18
0,0,0,0,0,0,0,518.968017,18,7,18
0,0,0,0,0,0,0,520.112347,18,3,17
0,0,0,0,0,0,0,2714.88004,6,0,5
0,0,0,0,0,0,0,449.244371,4,0,6
0,0,0,0,0,0,0,2457.034639,4,0,4
0,0,0,0,0,0,0,809.029935,5,0,3
0,0,0,0,0,0,0,675.878855,5,0,4
0,0,0,0,0,0,0,2681.977431,5,0,6
0,0,0,0,0,0,0,2519.831439,6,0,4
0,0,0,0,0,0,0,841.802311,6,0,7
0,0,0,0,0,0,0,661.158545,3,0,2
0,0,0,0,0,0,0,487.599358,5,6,6
0,0,0,0,0,0,0,687.495851,4,2,2
0,0,0,0,0,0,0,312.013898,3,4,4
0,0,0,0,0,0,0,500.849487,4,0,7
0,0,0,0,0,0,0,2821.286443,6,0,4
0,0,0,0,0,0,0,312.246039,4,0,3
0,0,0,0,0,0,0,664.405686,4,0,3
0,0,0,0,0,0,0,930.94034,5,0,6
0,0,0,0,0,0,0,499.366945,5,0,6
0,0,0,0,0,0,0,850.485375,4,0,3
0,0,0,0,0,0,0,2669.857355,5,0,3
0,0,0,0,0,0,0,1102.987784,6,0,5
0,0,0,0,0,0,0,1992.052346,4,0,3
0,0,0,0,0,0,0,1955.720464,5,0,4
0,0,0,0,0,0,0,695.971051,3,0,5
#ALGO Details#
Best Algo splitMode:-1
SplitMode:totalANDSplits
100:15
0:91
50:18
50:21
50:30
30:17
30:18
30:17