NOK
1477.566773
134
Boogie Dump Took : 6.379912
0.000293
152.462973
10.8075015746269
0,0,0,0,0,0,0,289.041682,1,0,3
0,0,0,0,0,0,0,208.142012,3,0,3
0,0,0,0,0,0,0,553.971259,4,0,3
0,0,0,0,0,0,0,303.361839,3,0,2
0,0,0,0,0,0,0,5.463851,5,2,4
0,0,0,0,0,0,0,5.647408,3,3,3
0,0,0,0,0,0,0,5.02199,3,1,4
0,0,0,0,0,0,0,5.647355,4,4,3
0,0,0,0,0,0,0,108.387886,2,1,1
0,0,0,0,0,0,0,109.830045,2,0,1
0,0,0,0,0,0,0,107.595095,2,1,3
0,0,0,0,0,0,0,6.564385,2,0,2
0,0,0,0,0,0,0,100.250172,2,0,2
0,0,0,0,0,0,0,101.374818,2,0,1
0,0,0,0,0,0,0,3.381804,1,0,2
0,0,0,0,0,0,0,5.021555,1,0,0
0,0,0,0,0,0,0,280.966968,2,1,1
0,0,0,0,0,0,0,470.748629,2,0,3
0,0,0,0,0,0,0,102.694843,2,0,2
0,0,0,0,0,0,0,378.221836,2,1,1
0,0,0,0,0,0,0,3.24129,1,1,3
0,0,0,0,0,0,0,106.931508,4,1,4
0,0,0,0,0,0,0,304.758476,5,0,2
0,0,0,0,0,0,0,41.210437,4,2,4
0,0,0,0,0,0,0,101.737221,2,1,1
0,0,0,0,0,0,0,5.626093,2,1,1
0,0,0,0,0,0,0,101.394763,2,0,1
0,0,0,0,0,0,0,100.661656,1,2,3
0,0,0,0,0,0,0,7.280618,4,0,3
0,0,0,0,0,0,0,105.524136,3,1,2
0,0,0,0,0,0,0,11.776387,4,0,3
0,0,0,0,0,0,0,111.126368,3,0,5
#ALGO Details#
Best Algo splitMode:30
SplitMode:totalANDSplits
100:11
0:40
50:10
50:5
50:9
30:20
30:12
30:19