OK
237.734068
70
Boogie Dump Took : 1.465952
0.036947
13.893527
3.17598178571429
92.498306,0,24.7353769999999,1.230096,9562,42,0.000309,92.152783,12,1,8
79.130044,0,24.6684689999999,1.941769,10134,44,0.008637,78.772781,12,3,7
80.51747,0,24.8338380000001,1.85634,10486,46,0.000355,80.138897,12,1,10
79.084161,0,24.4446360000002,1.701579,9823,71,0.055193,78.605458,13,2,8
84.616938,0,15.056945,3.872647,7104,143,0.087617,84.24993,6,1,14
84.170214,0,17.768733,3.25017,7667,126,0.030007,83.800007,7,0,15
