OK
267.991373
93
Boogie Dump Took : 0.935699
0.000259
12.110876
2.74665225806452
106.737915,0,28.5109709999999,1.592448,12763,144,0.0756040000000002,106.311735,18,4,7
106.619603,0,20.168035,3.451529,9024,131,0.003264,106.100624,10,5,17
101.932346,0,24.659213,3.204885,10932,166,0.0727090000000001,101.515475,12,3,14
106.699827,0,24.182934,2.648301,10079,168,0.046267,106.279513,10,2,17
111.664557,0,26.1130540000001,2.004526,11438,172,0.120557,111.237281,12,5,8
114.798997,0,22.3262619999999,2.440513,9673,169,0.125972,114.475036,10,2,9
