OK
3033.881874
1382
Boogie Dump Took : 1.71734
0.002705
12.541537
2.18335622286541
24.189637,0,48.7299910000002,90.8037789999999,13484,597,0.0740390000000001,21.956244,11,155,14
22.269971,0,59.6810839999998,93.877822,15459,640,0.0334700000000001,20.195025,18,160,11
31.448513,0,46.759789,93.897254,12992,596,0.016139,29.049353,11,159,22
25.49939,0,51.2326899999999,88.8942510000001,13787,608,0.0214860000000002,22.925848,14,167,8
30.005506,0,54.9051480000002,96.212601,15396,629,0.0504439999999999,27.596329,14,153,10
27.59852,0,37.5316400000002,84.389797,10135,583,0.0285830000000001,25.432392,9,162,21
30.171118,0,43.2410800000002,81.6570119999999,11745,637,0.0332089999999999,27.878585,11,157,7
35.911774,0,51.6325020000002,85.184139,13611,590,0.010647,33.518847,14,167,9
