OK
1713.432441
955
Boogie Dump Took : 1.834873
0.002243
14.618706
1.77113847748691
102.127378,0,100.242276,60.373804,24640,711,0.0209060000000001,100.41304,21,100,21
101.57302,0,106.125047,68.856343,26027,564,0.006746,99.623851,22,89,26
88.959538,0,89.9090489999998,58.415392,22405,732,0.014564,87.053443,20,104,20
101.621826,0,108.259353,50.729862,26810,607,0.0277020000000003,99.891678,22,97,23
96.665054,0,88.1619810000007,59.569277,22029,559,0.019112,94.498673,17,96,24
96.219514,0,117.317916999999,54.843601,28192,666,0.010331,94.297462,23,99,15
100.448917,0,77.7752139999998,65.358176,19959,616,0.009533,98.694188,16,106,17
105.300962,0,74.7016030000001,68.5262609999999,19866,680,0.0182750000000001,103.447356,16,107,11
