OK
17.198578
24
Boogie Dump Took : 3.623836
0.059421
1.560904
0.481580083333333
4.598352,0,5.141226,0.31055,632,16,0.000362,4.068607,3,0,4
6.440073,0,3.036038,0.260056,308,24,0.00133,6.020689,2,1,1
3.638628,0,5.503907,0.367088,749,29,0.000559,3.112639,3,1,6
5.047016,0,4.468187,0.191852,550,14,0.000374,4.632327,2,0,1
3.502306,0,6.016336,0.343054,777,14,0.000514,3.061551,3,1,2
4.251218,0,3.589056,0.199844,421,15,0.000529,3.770654,2,1,0
5.662768,0,4.314992,0.293952,507,12,0.000339,5.140209,2,1,0
5.906145,0,3.135144,0.426182,359,8,0.000467,5.410792,2,0,5
