OK
18.088859
22
Boogie Dump Took : 3.839656
0.050238
1.437324
0.554128045454545
6.33519,0,5.005248,0.252452,618,12,0.000417,5.741198,3,1,1
6.542671,0,4.24227499999999,0.377107,386,17,0.000482,5.962241,3,0,5
3.10451,0,4.111502,0.385439,591,34,0.00044,2.596115,2,0,7
4.546158,0,5.561169,0.259927,651,12,0.000352,4.002387,3,0,3
4.205864,0,6.153987,0.317571,852,15,0.000512,3.750778,3,0,1
5.701385,0,5.052292,0.204999,578,12,0.000353,5.144785,2,0,1
5.930961,0,4.618074,0.307429,523,13,0.00042,5.472771,2,1,1
7.027691,0,3.434685,0.37649,301,15,0.000661,6.5772,1,1,0
