OK
143.540635
50
Boogie Dump Took : 4.807806
0.007805
14.670685
2.26860914
32.406943,0,38.202808,0.588896,3775,23,0.000406,31.92121,6,2,1
72.972873,0,27.348884,0.863313,2717,25,0.000386,72.383775,6,1,2
67.900012,0,20.616968,1.976675,2183,48,0.00059,67.367559,4,0,11
47.565798,0,20.188531,3.699382,2630,52,0.000616,47.063854,5,3,10
60.637971,0,34.4723979999999,0.863529,3366,22,0.000565,60.084254,5,0,3
59.932631,0,30.3324750000001,1.205331,3303,25,0.000542,59.480719,4,0,6
36.070972,0,42.3750300000001,0.820508,4009,16,0.000451,35.5012,6,1,5
61.087668,0,19.510106,1.381787,2217,56,0.000756,60.550459,4,3,2
