OK
16.649512
20
Boogie Dump Took : 3.733839
0.036967
1.562943
0.4883225
5.536569,0,2.933856,0.400069,290,14,0.000339,5.06175,1,0,4
5.006264,0,3.88253,0.232491,411,20,0.000381,4.510089,3,0,2
3.071048,0,5.486269,0.473649,750,29,0.000408,2.488777,3,1,6
5.515307,0,3.578951,0.24429,388,12,0.000365,4.926497,2,0,3
4.722691,0,4.235594,0.282668,558,13,0.000355,4.113441,2,0,1
6.741678,0,2.976678,0.205409,294,11,0.000574,6.229203,1,1,0
4.315018,0,3.618563,0.23551,411,14,0.000391,3.750874,2,1,0
5.039119,0,4.650144,0.265794,542,11,0.000527,4.572949,2,1,0
