OK
955.009666
543
Boogie Dump Took : 2.394856
0.001887
23.177526
1.71368913259668
105.808765,0,61.5738149999996,23.160484,16473,463,0.006594,104.344715,17,50,17
58.21529,0,94.3985139999998,24.887346,24585,478,0.013032,56.855791,25,42,25
65.468222,0,75.5513689999998,32.263782,20667,520,0.00583599999999999,64.014461,20,47,26
71.156841,0,55.7907960000003,18.484064,15470,415,0.00405699999999999,69.900837,17,54,16
91.451386,0,61.0790830000002,38.399261,17807,468,0.0311750000000002,90.144076,19,42,24
84.081878,0,66.6668630000001,27.448494,17712,564,0.011148,82.905902,18,54,11
81.28141,0,76.352241,20.770517,20980,407,0.0179170000000001,79.999735,19,49,15
88.560997,0,67.921697,39.713627,19453,543,0.014402,87.350879,19,51,20
