OK
1983.020105
1002
Boogie Dump Took : 1.563557
0.00316
21.091125
1.94539353493014
34.083384,0,63.5136610000004,93.009501,21183,418,0.0176070000000001,31.942557,12,100,16
27.36677,0,64.8928679999999,91.678678,21321,474,0.0261450000000002,25.278,14,105,14
35.828511,0,59.0508409999999,104.400267,19623,444,0.0255280000000001,33.637829,12,110,14
51.892852,0,54.2087910000002,93.651964,18667,552,0.0205730000000002,49.314352,11,116,11
41.478568,0,63.2050859999996,90.246915,21351,544,0.015999,39.122088,14,115,17
74.251983,0,44.5909759999997,176.439383,16118,539,0.011819,71.855301,10,122,9
56.523513,0,47.920126,120.512159,16359,487,0.0160270000000001,53.497365,9,120,5
70.584198,0,44.3403469999999,139.328781,15402,526,0.00481499999999998,68.450851,9,123,5
