OK
1058.675429
447
Boogie Dump Took : 1.323996
0.003905
18.216168
2.32239491051454
25.665976,0,36.0715630000001,24.687902,11344,192,0.005728,24.566788,12,37,16
32.095985,0,32.9574170000001,22.362484,10004,228,0.028696,30.981641,10,42,11
31.010684,0,33.7178749999998,23.211745,10797,231,0.00956400000000002,29.89238,11,46,17
27.300644,0,30.3372869999999,25.320294,9391,212,0.013583,25.784313,9,46,10
30.341745,0,34.3953639999999,24.449917,10579,242,0.00529699999999999,29.049635,14,52,8
33.984037,0,29.3980790000001,27.882669,9483,227,0.0449369999999999,32.800332,8,51,11
23.945795,0,28.3135419999999,25.837848,8669,193,0.016723,22.610465,9,46,6
28.572803,0,31.534173,28.946761,9556,153,0.021943,27.092203,11,43,5
