OK
705.986917
369
Boogie Dump Took : 5.585305
0.001436
9.57973
1.84232411653117
17.026837,0,65.887501,8.335165,9018,206,0.00554999999999998,15.908062,12,25,14
33.080647,0,76.4879419999997,11.508335,10610,277,0.00769099999999998,32.183196,17,24,18
29.629672,0,70.9894659999999,8.042359,10108,234,0.02002,28.697818,15,29,11
18.291791,0,64.642028,11.658642,9249,359,0.012011,17.32942,11,42,21
28.351183,0,55.2327230000002,7.764973,7888,216,0.01069,27.329027,13,32,12
44.036747,0,59.743781,14.596581,8741,314,0.023057,42.949207,12,32,11
32.222833,0,54.6912889999999,19.299963,7623,407,0.0169090000000001,31.115043,10,44,11
27.376872,0,88.2046550000003,10.228487,12291,239,0.012165,26.308963,17,34,9
