OK
260.896816
142
Boogie Dump Took : 1.400107
0.012055
10.62271
1.75238479577465
66.236371,0,26.0481400000001,5.86794,10049,63,0.002281,65.46885,14,5,18
58.888945,0,26.6762409999998,3.44029,10695,69,0.000878999999999999,58.067861,13,5,13
82.032844,0,34.121144,2.906065,12884,58,0.000607999999999999,81.190258,17,3,10
61.418012,0,26.6260390000001,5.310817,10685,68,0.000888,60.713885,11,2,21
78.74169,0,24.73153,4.28382,9776,73,0.000929,77.956749,12,5,11
59.265394,0,25.697078,3.420686,9965,88,0.004167,58.489048,13,6,11
55.79166,0,27.5886789999999,3.343995,10545,63,0.003922,55.048498,12,4,12
68.30094,0,25.286602,4.456938,10044,46,0.000556,67.493114,16,4,12
