OK
1577.8595
741
Boogie Dump Took : 1.808716
0.00146
31.320717
2.08031358974359
202.73125,0,91.4069099999993,25.879358,19911,456,0.011443,200.994014,20,64,24
192.12815,0,81.8600600000002,23.167678,18114,656,0.00729499999999996,190.426284,21,69,26
184.533662,0,104.641386,25.667937,22141,561,0.019392,183.031124,29,67,27
166.41803,0,92.0637820000002,27.501051,20401,635,0.010738,164.95696,22,76,21
167.456845,0,94.4946560000007,28.3975,20070,683,0.0167430000000001,165.748776,23,75,20
208.419757,0,85.7302539999997,27.998948,18761,611,0.0281180000000001,207.020791,19,75,19
192.48218,0,92.372086,20.764695,20897,597,0.008151,191.015931,23,67,21
222.339969,0,74.5590159999999,27.270394,16439,496,0.0367509999999999,220.843667,16,75,15
