OK
1745.829829
619
Boogie Dump Took : 2.096525
0.00296
57.711121
2.70864238772213
325.543305,0,80.0519060000008,90.0519290000001,24078,393,0.00852800000000001,323.691869,14,67,19
327.326034,0,79.2625260000002,93.107668,23875,387,0.009557,325.497987,13,67,11
330.790863,0,101.618647000001,78.522775,30303,308,0.00618599999999998,329.117446,18,57,6
325.109313,0,76.8210210000004,91.668502,23494,369,0.006479,323.307678,11,63,24
288.578959,0,78.3647759999997,92.6044340000001,23759,396,0.014144,286.422948,12,66,14
306.052595,0,91.9613400000004,81.5550260000001,27841,343,0.013072,304.294533,14,62,5
375.518382,0,81.3071370000001,79.616531,24080,405,0.016805,373.659879,14,66,11
316.320543,0,81.0200580000004,82.861038,23966,372,0.01385,314.534459,12,63,18
