OK
9.121286
14
Boogie Dump Took : 1.392613
0.131541
0.751999
0.481279142857143
6.347447,0,0.564199,0.152068,87,5,0.000313,5.886899,2,0,1
6.17564,0,0.425809,0.158288,68,21,0.00037,5.719323,2,0,3
6.479702,0,0.386042,0.139505,65,4,0.000273,6.061136,2,0,1
6.484529,0,0.419166,0.14868,72,6,0.000373,6.044626,2,0,1
6.007904,0,0.49589,0.161631,95,11,0.000407,5.57444,2,0,4
5.99937,0,0.486873,0.180787,87,6,0.000352,5.515956,2,0,2
6.741728,0,0.311476,0.150005,42,3,0.00029,6.302014,1,0,1
6.528572,0,0.278458,0.189661,44,2,0.000459,6.095712,1,0,1
