OK
29.6194
30
Boogie Dump Took : 1.487311
0.002653
7.240515
0.9204223
11.269644,2.58455,2.175934,0.15039,682,32,0.000511,10.930241,4,0,4
15.294459,1.371083,1.435427,0.149568,239,20,0.000404,14.920452,4,0,4
12.307566,1.95143,2.057052,0.20052,523,29,0.000435,11.921603,5,0,3
16.121106,2.677051,1.954834,0.147684,621,19,0.000504,15.776585,4,0,3
11.560183,1.847091,1.56621,0.149661,317,26,0.0005,11.062542,5,0,2
17.334785,2.235639,1.603438,0.13685,538,15,0.000417,16.981813,3,1,1
12.444574,1.491164,1.219881,0.199183,370,55,0.00077,12.027579,2,0,7
12.015853,0.970957,1.571253,0.386204,536,22,0.000484,11.648728,2,0,5
