OK
196.155585
190
Boogie Dump Took : 1.298753
0.000514
9.798014
0.985267242105263
42.602932,0,22.922254,3.648934,6289,458,0.005291,41.146661,10,0,44
43.333984,0,44.4882360000001,1.569034,10324,230,0.002946,42.369861,34,2,12
43.130413,0,28.9817900000001,2.855528,6879,374,0.00467999999999999,42.052497,23,0,29
51.944625,0,43.4792650000003,0.905949,10898,218,0.002492,51.033525,33,0,13
50.589768,0,43.4804080000002,0.796498,10346,214,0.00255,49.805838,32,1,8
36.370337,0,10.415399,12.236835,3069,704,0.00795799999999997,34.670452,4,0,49
46.159613,0,44.8046560000001,1.306337,10509,202,0.002578,45.443488,31,0,11
45.157318,0,37.2118660000001,2.312539,9316,346,0.003951,44.146225,20,0,21
