OK
697.468454
155
Boogie Dump Took : 1.116174
0.013828
41.920304
4.40025129032258
100.14106,0,23.866882,3.168127,8395,386,0.005418,98.866659,15,0,21
93.190972,0,30.332984,2.58418,10244,386,0.005045,92.153047,21,3,22
94.777183,0,29.681299,1.967683,10074,288,0.004084,93.799405,19,1,15
105.416216,0,25.459418,1.771318,8501,288,0.003772,104.479863,16,1,14
108.579122,0,27.833215,2.0909,9334,330,0.003856,107.81114,20,1,21
99.337815,0,27.860485,2.718984,9221,330,0.004087,98.183658,19,1,24
93.04422,0,29.5757860000001,1.601426,9809,318,0.00445699999999999,92.159523,19,1,12
93.731146,0,24.8185130000001,2.283345,8393,372,0.00517899999999999,92.700814,16,2,16
