OK
1200.208201
180
Boogie Dump Took : 1.067641
0.029622
95.535923
6.52274897222222
188.505655,0,27.462593,4.647345,9997,606,0.00750499999999998,187.138124,15,3,26
197.770751,0,34.3660090000001,4.780504,11908,750,0.00993999999999997,196.279388,17,4,26
202.951392,0,43.9217989999997,2.905738,15042,514,0.00661299999999998,201.58747,22,4,14
190.866324,0,39.807641,3.260385,14419,544,0.00655699999999999,189.352478,21,4,17
207.063745,0,36.963272,4.087345,13028,666,0.00894499999999999,205.693868,18,3,20
182.100247,0,45.1856899999999,3.285918,16081,536,0.00657599999999999,180.81002,24,3,17
226.639186,0,37.477581,4.729887,13292,698,0.00876199999999999,224.802253,18,5,18
200.881796,0,30.748853,3.009156,11139,576,0.00756199999999999,199.416585,15,4,12
