OK
305.43179
169
Boogie Dump Took : 0.795635
0.001657
9.65614
1.7713470591716
12.654321,0,4.37720999999999,17.037468,2708,662,0.183677,12.226567,7,14,25
25.207166,0,7.62888899999999,5.793075,4751,666,0.0990940000000001,24.797862,11,17,12
22.424516,0,9.33258799999997,8.591967,5928,564,0.104536000000001,22.032068,14,13,10
22.101384,0,10.8851959999999,4.276563,6613,576,0.109404000000001,21.670165,15,18,6
25.040939,0,7.38861799999997,8.320653,4728,638,0.124132,24.59046,12,19,5
15.201294,0,6.65259699999999,4.910809,4188,668,0.042765,14.601587,11,18,12
