OK
231.33339
341
Boogie Dump Took : 2.074188
0.001359
12.125963
0.641457117302053
0,0,0,0,0,0,0,46.90115,10,0,15
0,0,0,0,0,0,0,72.541402,11,0,8
0,0,0,0,0,0,0,48.600213,10,1,6
0,0,0,0,0,0,0,76.42802,11,0,16
0,0,0,0,0,0,0,48.609886,11,0,9
0,0,0,0,0,0,0,63.401018,13,0,7
0,0,0,0,0,0,0,86.162216,12,1,6
0,0,0,0,0,0,0,52.305956,9,0,11
0,0,0,0,0,0,0,77.4539,11,0,15
0,0,0,0,0,0,0,50.400168,9,1,6
0,0,0,0,0,0,0,95.362362,10,0,11
0,0,0,0,0,0,0,97.282543,11,1,8
0,0,0,0,0,0,0,60.171812,11,0,13
0,0,0,0,0,0,0,71.069019,10,1,13
0,0,0,0,0,0,0,55.667693,11,0,9
0,0,0,0,0,0,0,63.128884,11,0,13
0,0,0,0,0,0,0,51.160461,10,1,6
0,0,0,0,0,0,0,85.342714,12,0,9
0,0,0,0,0,0,0,46.481939,9,1,13
0,0,0,0,0,0,0,99.460451,12,0,11
0,0,0,0,0,0,0,59.547087,11,0,10
0,0,0,0,0,0,0,76.874624,9,1,10
0,0,0,0,0,0,0,109.199153,10,2,9
0,0,0,0,0,0,0,112.422926,8,1,8
0,0,0,0,0,0,0,58.980497,10,1,8
0,0,0,0,0,0,0,70.851876,10,0,15
0,0,0,0,0,0,0,58.921016,9,0,5
0,0,0,0,0,0,0,50.667176,8,1,15
0,0,0,0,0,0,0,69.630971,6,3,8
0,0,0,0,0,0,0,49.510344,9,1,9
0,0,0,0,0,0,0,53.344861,9,1,8
0,0,0,0,0,0,0,51.923159,10,0,13
