OK
915.357909
463
Boogie Dump Took : 2.171121
0.000472
51.889112
1.93265825917926
0,0,0,0,0,0,0,101.275076,12,0,16
0,0,0,0,0,0,0,97.056584,14,0,9
0,0,0,0,0,0,0,131.632568,14,0,13
0,0,0,0,0,0,0,91.131464,14,1,15
0,0,0,0,0,0,0,322.685098,18,0,17
0,0,0,0,0,0,0,103.05921,14,2,14
0,0,0,0,0,0,0,139.590584,17,0,21
0,0,0,0,0,0,0,250.952842,17,2,22
0,0,0,0,0,0,0,153.797163,16,0,12
0,0,0,0,0,0,0,111.363008,15,1,12
0,0,0,0,0,0,0,114.441079,12,0,16
0,0,0,0,0,0,0,117.990641,15,0,15
0,0,0,0,0,0,0,95.993895,11,1,15
0,0,0,0,0,0,0,107.546548,10,0,17
0,0,0,0,0,0,0,195.851923,20,0,12
0,0,0,0,0,0,0,157.671874,12,0,15
0,0,0,0,0,0,0,259.346339,13,1,11
0,0,0,0,0,0,0,176.79157,14,0,15
0,0,0,0,0,0,0,170.863686,16,0,9
0,0,0,0,0,0,0,138.758266,11,3,11
0,0,0,0,0,0,0,167.186453,13,0,15
0,0,0,0,0,0,0,214.679025,12,1,12
0,0,0,0,0,0,0,185.684504,14,0,16
0,0,0,0,0,0,0,111.616826,15,0,17
0,0,0,0,0,0,0,195.34478,11,0,12
0,0,0,0,0,0,0,108.704413,13,1,14
0,0,0,0,0,0,0,125.212655,14,0,18
0,0,0,0,0,0,0,156.973125,17,0,9
0,0,0,0,0,0,0,91.272847,14,0,12
0,0,0,0,0,0,0,86.127547,11,0,16
0,0,0,0,0,0,0,95.781066,15,0,13
0,0,0,0,0,0,0,104.91925,15,0,8
