OK
62.562308
55
Boogie Dump Took : 1.58648
0.003028
5.571854
1.08522627272727
27.339993,3.046036,2.890583,0.266835,419,46,0.000697,26.926035,4,0,10
31.642519,2.251958,2.659314,0.269,389,44,0.000635,31.22337,3,0,10
37.731131,5.624773,4.88348599999999,0.214651,763,33,0.000527,37.286988,9,0,7
43.134748,5.840882,5.428376,0.243372,829,30,0.0005,42.727832,9,1,9
39.06414,5.231069,5.735592,0.179778,717,29,0.000471,38.648763,8,0,5
40.54889,3.726457,4.029304,0.178621,569,29,0.000513,40.128511,6,0,4
35.048131,3.234945,4.003023,0.209876,434,32,0.000502,34.61655,5,1,4
43.810765,4.975559,4.548494,0.160977,694,30,0.000511,43.422436,8,0,3
