OK
61.931523
63
Boogie Dump Took : 1.76589
0.002461
9.621456
0.878632142857143
28.100331,19.098779,10.670598,0.41467,1914,56,0.000707,27.605592,9,1,6
31.96203,13.325094,7.929027,0.255977,1434,48,0.00073,31.486423,6,1,5
24.868297,7.098197,6.596126,0.47784,1042,90,0.000981,24.320663,6,1,13
27.092029,20.10622,10.471384,0.267673,2003,38,0.000822,26.651365,8,1,4
29.241609,18.617342,10.772393,0.207101,1845,38,0.000584,28.692876,9,0,4
28.633874,18.696322,9.728068,0.276716,1703,39,0.000709,28.079325,7,1,4
30.441186,14.219982,8.36073300000001,0.580547,1706,53,0.000743,29.947857,6,1,8
20.316466,5.972515,5.999643,0.684887,1155,80,0.001048,19.739925,4,1,11
