OK
446.760245
214
Boogie Dump Took : 1.240658
0.001053
27.457372
2.03994405607477
125.364923,27.217843,20.522299,0.926087,4398,202,0.002127,124.564175,15,14,9
123.097538,17.726331,16.386838,1.011356,3056,172,0.001729,122.320545,11,11,14
138.859297,20.968821,16.211202,1.184744,3404,204,0.001968,137.900388,11,12,12
149.534639,23.96743,17.872635,1.080995,3862,200,0.001972,148.231257,12,13,9
118.603569,21.793446,18.106898,1.038473,3703,190,0.001881,117.424546,12,14,13
122.824141,21.792374,18.811234,0.990224,3813,182,0.001833,121.997306,13,14,10
127.071447,23.557013,19.463851,1.271865,3959,195,0.002031,126.053518,12,11,19
151.830192,17.521059,15.894679,1.647769,3060,207,0.001936,150.605116,9,15,9
