OK
123.802086
127
Boogie Dump Took : 1.255763
0.000909
7.27475
0.91495731496063
22.328418,16.215282,8.38722499999999,1.157304,2786,208,0.001952,21.515901,10,5,7
23.892913,20.580844,10.5966370000001,0.895082,3339,173,0.001657,23.027505,13,4,14
31.75417,9.079386,5.77782700000002,1.251274,1588,200,0.001944,30.410078,11,5,11
20.334474,12.212887,6.73639200000001,1.560629,2180,248,0.002325,19.160716,11,5,12
24.733899,9.383356,5.925787,1.58517,1725,232,0.002368,23.705169,9,2,20
22.103825,17.492561,8.67954400000002,1.122594,2585,214,0.002196,20.63661,11,5,7
20.420536,21.552106,10.242969,0.665523,3073,200,0.002097,18.257718,12,5,6
16.071604,15.768084,8.20426499999999,1.143053,2410,220,0.002176,15.030109,11,5,11
