OK
854.329228
84
Boogie Dump Took : 9.227564
0.017563
38.943732
9.8112626547619
423.728904,0,62.1324299999999,0.561429,2226,54,0.000723,423.147818,10,0,9
355.192206,0,80.70241,0.615682,2968,56,0.000781,354.690682,12,0,11
405.525356,0,65.3696319999999,16.76682,2731,50,0.000712,405.006325,11,1,11
375.560591,0,52.1649320000001,15.413138,2269,48,0.001262,375.068593,8,2,9
442.765938,0,77.981845,0.552459,2975,52,0.000763,442.25714,14,0,7
357.132859,0,56.835826,3.276849,2032,52,0.000747,356.643022,10,0,11
259.555008,0,41.568779,0.759333,1466,56,0.000776,259.080684,7,0,13
388.964207,0,53.3207139999999,0.598902,1986,48,0.000846,388.435718,9,0,10
