OK
419.251884
10
Boogie Dump Took : 7.812263
1.664647
80.277933
39.5396283
325.97614,0,11.117582,0.42376,253,10,0.000337,325.549366,1,0,2
392.096099,0,12.11566,0.239437,269,6,0.000332,391.719411,2,0,1
320.699739,0,14.970426,0.255091,305,6,0.000309,320.34504,2,0,1
254.023734,0,8.146804,0.346131,122,6,0.000305,253.658994,1,0,2
336.358066,0,9.220435,0.362736,132,4,0.000359,336.033708,1,0,1
260.642691,0,10.059369,0.360542,200,6,0.000338,260.2753,1,0,2
335.218676,0,9.236,0.325925,144,4,0.000331,334.87217,1,0,1
399.666587,0,9.47767800000001,0.003,144,2,0.000311,399.379352,1,0,0
