OK
473.172211
60
Boogie Dump Took : 2.480355
0.121422
27.738615
7.7791617
204.661107,0,13.655031,0.518204,1513,34,0.000528,204.263737,5,0,10
277.753662,0,19.495916,0.395702,2096,30,0.000563,277.303118,8,0,7
248.82392,0,21.044069,0.448258,2302,30,0.000529,248.348635,8,0,7
247.349992,0,22.529313,0.386853,2918,32,0.000629,246.821018,9,0,7
229.566856,0,17.6941389999999,0.464298,1846,30,0.000505,229.142335,7,0,7
224.86724,0,15.050206,0.461261,1902,28,0.000549,224.453473,6,0,8
241.178484,0,24.95141,0.421701,2967,32,0.000489,240.713627,9,0,7
218.952989,0,21.346924,0.40939,2411,32,0.000501,218.513188,8,0,7
