OK
1219.784946
184
Boogie Dump Took : 3.860477
0.002035
37.019312
6.50708692391304
189.265172,0,150.617459,18.465869,8900,160,0.002563,188.532851,16,1,25
165.269516,0,116.758635,3.644746,7058,156,0.001955,164.594391,15,0,27
186.641359,0,84.1727869999999,18.715675,5056,148,0.001974,185.861209,12,0,27
245.61023,0,232.550072999999,19.491466,13081,148,0.00192,244.862714,29,1,15
153.890574,0,116.054853,20.75738,7335,156,0.00440399999999999,153.185655,14,1,35
207.987821,0,187.001449,21.30183,11420,148,0.001712,207.208863,25,1,21
248.368189,0,315.934728999999,23.673898,17355,150,0.002076,247.298313,40,0,12
242.14041,0,198.478525,3.12008,11294,150,0.002249,241.113768,29,0,18
