OK
786.419204
135
Boogie Dump Took : 2.090752
0.021367
30.156925
5.6283446962963
177.687094,0,225.609123000001,1.177936,8952,106,0.001219,176.901513,19,0,13
190.981526,0,135.237266,2.009517,5055,140,0.001865,190.158323,13,0,24
184.59032,0,113.130282,1.695727,4528,136,0.002141,183.957854,11,1,21
178.642683,0,143.107136000001,1.744232,6082,134,0.001608,177.78523,13,1,23
177.442952,0,207.581918,1.079102,7888,102,0.00131,176.823323,18,0,14
193.846872,0,221.870409,1.449558,8222,90,0.001122,193.123021,20,0,15
205.24237,0,221.243638,0.798557,8286,94,0.001236,204.731251,20,0,8
188.510623,0,196.221329,2.037596,7633,100,0.001218,187.814107,18,1,14
