OK
1322.363029
51
Boogie Dump Took : 1.674488
0.00694
655.937211
25.6577819607843
950.730868,0,72.3979229999999,0.874593,5088,30,0.00052,950.328963,6,0,4
129.431931,0,78.3685420000001,1.261733,5396,32,0.000647,128.855149,7,0,7
954.229774,0,107.617906,0.824927,7216,38,0.000599,953.620619,9,1,3
896.316357,0,70.478644,0.968555,4742,26,0.000522,895.853051,6,0,5
870.678297,0,10.675556,2.183939,912,60,0.001283,870.120448,1,0,16
920.577785,0,101.761045,0.991484,6738,36,0.00064,920.091956,8,0,6
945.705519,0,96.8877009999995,0.991889,6684,38,0.000593,945.163722,8,0,5
815.268504,0,61.7534470000002,0.813922,4202,24,0.000491,814.822659,5,0,4
