OK
1240.46695
104
Boogie Dump Took : 1.973346
0.015111
455.253749
11.5280903461538
135.125836,0,75.5125310000001,9.717674,19514,208,0.0039,133.716132,12,0,11
112.193153,0,77.0846700000004,11.401968,19601,243,0.00178,110.688943,13,1,14
124.043447,0,72.1064050000002,11.432198,17597,231,0.001806,122.499808,11,2,18
105.101402,0,71.6701409999997,10.508438,19138,203,0.002289,103.453382,13,0,17
113.643697,0,75.6672940000001,11.229467,18996,188,0.004208,112.066391,11,0,11
173.442062,0,62.2645969999998,4.874952,16427,192,0.014405,171.831059,13,0,8
97.347573,0,72.4821319999996,11.960409,18802,214,0.0194410000000001,95.535406,10,0,12
127.392852,0,87.7954140000001,10.243082,22862,222,0.002415,125.62675,18,0,10
