OK
553.304067
149
Boogie Dump Took : 1.259624
0.00487
20.449586
3.57572606040268
94.374062,0,33.7208269999999,6.131275,17306,197,0.001403,93.286749,13,5,17
88.175791,0,40.273987,3.757583,21592,157,0.001251,87.354044,19,3,12
83.527505,0,35.110435,4.858719,18782,190,0.001334,82.530543,17,2,18
91.6243,0,31.2046790000002,6.863841,16457,196,0.001383,90.450142,14,4,15
100.424621,0,34.7412710000001,4.373852,19576,181,0.001251,99.442533,15,5,15
90.615653,0,37.9333979999999,4.681104,17705,185,0.001342,89.526718,15,5,10
119.304569,0,28.8752219999999,5.731134,14198,186,0.001544,118.329231,10,3,20
81.334167,0,38.167417,3.308569,19426,180,0.001471,80.508728,16,3,12
