OK
227.146592
47
Boogie Dump Took : 1.253939
0.022563
24.721342
4.2120445106383
154.49219,0,12.225691,0.366529,3331,68,0.000624,154.087857,5,2,1
164.803009,0,11.666756,0.426342,3025,83,0.000716,164.418445,6,1,3
165.244705,0,8.70801800000001,1.026083,2228,97,0.000689,164.886356,4,0,7
146.386506,0,11.739631,1.083017,3193,114,0.000812999999999999,146.014911,4,0,11
164.761767,0,10.38572,0.866742,2939,78,0.000658,164.374944,5,2,6
151.145048,0,12.93207,1.059588,3336,70,0.000551,150.770607,5,1,6
143.650002,0,13.85154,0.782636,4002,87,0.000652,143.024848,7,1,1
158.816314,0,8.07628400000001,0.907173,2175,90,0.001031,158.487582,3,1,4
