28119040
27460

33222656
32444

38109184
37216

40960000
40000

43909120
42880

46186496
45104

47595520
46480

50671616
49484

52609024
51376

54325248
53052

56213504
54896

58257408
56892

60477440
59060

62701568
61232

63725568
62232

68308992
66708

70348800
68700

72163328
70472

73732096
72004

74506240
72760

75771904
73996

77381632
75568

78327808
76492

79450112
77588

80322560
78440

82427904
80496

82968576
81024

83972096
82004

84586496
82604

85008384
83016

86233088
84212

88031232
85968

88997888
86912

92147712
89988

95682560
93440

96698368
94432

98779136
96464

101543936
99164

102408192
100008

103825408
101392

104800256
102344

107134976
104624

108396544
105856

110088192
107508

110571520
107980

113557504
110896

119533568
116732

120922112
118088

122200064
119336

124698624
121776

125251584
122316

127430656
124444

127889408
124892

129302528
126272

131145728
128072

132132864
129036

133734400
130600

135352320
132180

137048064
133836

137768960
134540

138153984
134916

138559488
135312

138702848
135452

142364672
139028

142364672
139028

142364672
139028

143052800
139700

144793600
141400

145068032
141668

145731584
142316

146206720
142780

146649088
143212

147460096
144004

148221952
144748

150040576
146524

152027136
148464

154189824
150576

154656768
151032

155348992
151708

156225536
152564

156487680
152820

157368320
153680

158461952
154748

159428608
155692

160669696
156904

161869824
158076

163426304
159596

164081664
160236

166162432
162268

168378368
164432

168640512
164688

169611264
165636

170115072
166128

170766336
166764

172834816
168784

173621248
169552

185745408
181392

186531840
182160

186695680
182320

190578688
186112

190578688
186112

190578688
186112

190578688
186112

190578688
186112

190578688
186112

191102976
186624

194293760
189740

195391488
190812

195633152
191048

196415488
191812

197099520
192480

197652480
193020

197869568
193232

198033408
193392

199131136
194464

200122368
195432

200396800
195700

201363456
196644

201883648
197152

206643200
201800

208302080
203420

208302080
203420

208302080
203420

208302080
203420

208826368
203932

208826368
203932

209350656
204444

209874944
204956

211329024
206376

211488768
206532

212455424
207476

214114304
209096

214114304
209096

215769088
210712

216211456
211144

217149440
212060

217513984
212416

218382336
213264

219725824
214576

220823552
215648

234938368
229432

234938368
229432

235462656
229944

235462656
229944

236093440
230560

236597248
231052

237350912
231788

237588480
232020

239128576
233524

240144384
234516

240533504
234896

240820224
235176

241172480
235520

241479680
235820

242393088
236712

242655232
236968

242872320
237180

243511296
237804

244686848
238952

244936704
239196

244936704
239196

245321728
239572

246071296
240304

246370304
240596

248963072
243128

252280832
246368

252280832
246368

252280832
246368

252280832
246368

252280832
246368

252280832
246368

252674048
246752

253546496
247604

254050304
248096

254201856
248244

256217088
250212

256217088
250212

256217088
250212

256479232
250468

256741376
250724

257310720
251280

257835008
251792

257982464
251936

258564096
252504

258699264
252636

258699264
252636

259760128
253672

260632576
254524

260816896
254704

261206016
255084

261890048
255752

261890048
255752

262033408
255892

262672384
256516

265015296
258804

265539584
259316

265801728
259572

266063872
259828

266063872
259828

270684160
264340

270684160
264340

270684160
264340

274546688
268112

274681856
268244

274944000
268500

274944000
268500

274944000
268500

274944000
268500

278548480
272020

278548480
272020

278548480
272020

278548480
272020

278548480
272020

278548480
272020

278548480
272020

278548480
272020

278548480
272020

278548480
272020

278548480
272020

278548480
272020

279072768
272532

279072768
272532

279072768
272532

279072768
272532

279072768
272532

279072768
272532

279072768
272532

279072768
272532

279072768
272532

279072768
272532

279072768
272532

279072768
272532

279072768
272532

279597056
273044

279597056
273044

279597056
273044

279912448
273352

279912448
273352

279912448
273352

279912448
273352

279912448
273352

279912448
273352

279912448
273352

279912448
273352

280121344
273556

280121344
273556

280121344
273556

280121344
273556

280121344
273556

280121344
273556

280121344
273556

280121344
273556

280121344
273556

280121344
273556

280121344
273556

280121344
273556

280121344
273556

280121344
273556

283078656
276444

283078656
276444

283078656
276444

283078656
276444

283078656
276444

283078656
276444

283078656
276444

283078656
276444

283078656
276444

283078656
276444

283078656
276444

283078656
276444

283078656
276444

283078656
276444

283078656
276444

283078656
276444

283078656
276444

283078656
276444

283078656
276444

283078656
276444

283078656
276444

283078656
276444

283361280
276720

283361280
276720

283361280
276720

283750400
277100

283750400
277100

283750400
277100

283750400
277100

283750400
277100

283750400
277100

283750400
277100

283750400
277100

284266496
277604

284266496
277604

284266496
277604

284266496
277604

284266496
277604

284266496
277604

284266496
277604

284266496
277604

284266496
277604

284266496
277604

284266496
277604

284266496
277604

284266496
277604

284266496
277604

284266496
277604

284266496
277604

284266496
277604

284266496
277604

284266496
277604

284266496
277604

284266496
277604

284266496
277604

284266496
277604

284266496
277604

284266496
277604

284266496
277604

284266496
277604

284266496
277604

284266496
277604

284463104
277796

284463104
277796

284463104
277796

284463104
277796

284463104
277796

284463104
277796

284463104
277796

284463104
277796

284463104
277796

284463104
277796

284463104
277796

284463104
277796

284463104
277796

284463104
277796

284463104
277796

284463104
277796

284463104
277796

284463104
277796

284463104
277796

284463104
277796

284463104
277796

284463104
277796

284856320
278180

284856320
278180

284856320
278180

284856320
278180

284856320
278180

284856320
278180

284856320
278180

284856320
278180

284856320
278180

284856320
278180

284856320
278180

284856320
278180

284856320
278180

284856320
278180

284856320
278180

284856320
278180

284856320
278180

284856320
278180

285364224
278676

286294016
279584

286294016
279584

286294016
279584

286294016
279584

286294016
279584

286294016
279584

286294016
279584

286294016
279584

286294016
279584

286294016
279584

286294016
279584

286294016
279584

286294016
279584

286294016
279584

286294016
279584

287997952
281248

287997952
281248

287997952
281248

287997952
281248

287997952
281248

287997952
281248

287997952
281248

287997952
281248

287997952
281248

287997952
281248

287997952
281248

287997952
281248

287997952
281248

287997952
281248

287997952
281248

287997952
281248

287997952
281248

287997952
281248

287997952
281248

287997952
281248

287997952
281248

287997952
281248

287997952
281248

287997952
281248

287997952
281248

287997952
281248

287997952
281248

287997952
281248

287997952
281248

287997952
281248

287997952
281248

287997952
281248

287997952
281248

287997952
281248

287997952
281248

287997952
281248

287997952
281248

287997952
281248

287997952
281248

288522240
281760

288522240
281760

288522240
281760

288522240
281760

288522240
281760

288522240
281760

288522240
281760

288522240
281760

288522240
281760

288522240
281760

288522240
281760

288522240
281760

288522240
281760

288522240
281760

288522240
281760

288784384
282016

288784384
282016

288784384
282016

288784384
282016

288784384
282016

289046528
282272

289046528
282272

289046528
282272

289046528
282272

289046528
282272

289046528
282272

289046528
282272

289046528
282272

289046528
282272

289046528
282272

289046528
282272

289046528
282272

289046528
282272

289046528
282272

289046528
282272

289046528
282272

289046528
282272

289046528
282272

289046528
282272

289046528
282272

289046528
282272

289046528
282272

289046528
282272

289046528
282272

289046528
282272

289046528
282272

289046528
282272

289046528
282272

289046528
282272

289046528
282272

289046528
282272

289046528
282272

289046528
282272

289046528
282272

289046528
282272

289046528
282272

289046528
282272

289046528
282272

289046528
282272

289046528
282272

289046528
282272

289046528
282272

289046528
282272

289046528
282272

289046528
282272

289046528
282272

289046528
282272

289046528
282272

289046528
282272

289046528
282272

289243136
282464

289243136
282464

289243136
282464

289243136
282464

289243136
282464

289243136
282464

289390592
282608

289390592
282608

289390592
282608

289390592
282608

289390592
282608

289570816
282784

289570816
282784

289570816
282784

289570816
282784

289570816
282784

289570816
282784

289832960
283040

289832960
283040

289832960
283040

289832960
283040

289832960
283040

289832960
283040

289832960
283040

289832960
283040

289832960
283040

290058240
283260

290058240
283260

290058240
283260

290058240
283260

290058240
283260

290058240
283260

290058240
283260

290058240
283260

290058240
283260

290058240
283260

290058240
283260

290058240
283260

290058240
283260

290058240
283260

290058240
283260

290058240
283260

290058240
283260

290422784
283616

290422784
283616

290422784
283616

290422784
283616

290422784
283616

290422784
283616

290422784
283616

290422784
283616

290422784
283616

290422784
283616

290422784
283616

290422784
283616

290422784
283616

290422784
283616

290422784
283616

290422784
283616

290422784
283616

290422784
283616

290422784
283616

290422784
283616

290422784
283616

290422784
283616

290422784
283616

290422784
283616

290422784
283616

290422784
283616

290422784
283616

290422784
283616

290422784
283616

290422784
283616

290422784
283616

290422784
283616

290422784
283616

290422784
283616

290422784
283616

290422784
283616

290422784
283616

290422784
283616

290422784
283616

290422784
283616

290422784
283616

290422784
283616

290422784
283616

290422784
283616

290422784
283616

290422784
283616

290422784
283616

290422784
283616

290422784
283616

290422784
283616

290422784
283616

290422784
283616

290422784
283616

290422784
283616

290422784
283616

290422784
283616

290422784
283616

290422784
283616

290422784
283616

290422784
283616

290422784
283616

290422784
283616

290422784
283616

290422784
283616

290422784
283616

290422784
283616

290422784
283616

290422784
283616

290422784
283616

290422784
283616

290422784
283616

290422784
283616

290422784
283616

290422784
283616

290422784
283616

290422784
283616

290422784
283616

290422784
283616

290422784
283616

290422784
283616

290422784
283616

290422784
283616

290422784
283616

290422784
283616

290422784
283616

290422784
283616

290422784
283616

290422784
283616

290422784
283616

290828288
284012

290828288
284012

290828288
284012

290828288
284012

298569728
291572

298569728
291572

298569728
291572

298569728
291572

298569728
291572

298569728
291572

298569728
291572

298569728
291572

298569728
291572

298569728
291572

298569728
291572

298569728
291572

298569728
291572

298569728
291572

298569728
291572

298569728
291572

298569728
291572

298569728
291572

298569728
291572

298569728
291572

298569728
291572

298569728
291572

298569728
291572

298569728
291572

298569728
291572

298569728
291572

298569728
291572

298569728
291572

298569728
291572

298569728
291572

298569728
291572

298569728
291572

298569728
291572

298569728
291572

298569728
291572

298569728
291572

298569728
291572

298569728
291572

298569728
291572

298569728
291572

298569728
291572

298569728
291572

298569728
291572

298569728
291572

298569728
291572

298569728
291572

298569728
291572

298569728
291572

298569728
291572

298569728
291572

298569728
291572

298569728
291572

298569728
291572

298569728
291572

298569728
291572

298569728
291572

298569728
291572

298569728
291572

298569728
291572

298569728
291572

298569728
291572

298569728
291572

298569728
291572

298569728
291572

298569728
291572

298569728
291572

298569728
291572

298569728
291572

298569728
291572

298569728
291572

298569728
291572

298569728
291572

298569728
291572

298569728
291572

298569728
291572

298569728
291572

298569728
291572

298569728
291572

298569728
291572

298569728
291572

298569728
291572

298569728
291572

298569728
291572

298569728
291572

298569728
291572

298569728
291572

298569728
291572

298569728
291572

298569728
291572

298569728
291572

298569728
291572

298569728
291572

298569728
291572

298569728
291572

298569728
291572

298569728
291572

298569728
291572

298569728
291572

298569728
291572

298569728
291572

298569728
291572

298569728
291572

298569728
291572

298569728
291572

298569728
291572

298569728
291572

298569728
291572

298569728
291572

298569728
291572

298569728
291572

298569728
291572

298569728
291572

298569728
291572

298569728
291572

298569728
291572

298569728
291572

298569728
291572

298569728
291572

298569728
291572

298569728
291572

298569728
291572

298569728
291572

298569728
291572

298569728
291572

298569728
291572

298569728
291572

298569728
291572

298569728
291572

298569728
291572

298569728
291572

298569728
291572

298569728
291572

298569728
291572

298569728
291572

298569728
291572

298569728
291572

298569728
291572

298569728
291572

298569728
291572

298569728
291572

298569728
291572

298569728
291572

298569728
291572

298569728
291572

298569728
291572

298569728
291572

298569728
291572

298569728
291572

298569728
291572

298569728
291572

298569728
291572

298569728
291572

298569728
291572

298569728
291572

298569728
291572

298569728
291572

298569728
291572

298569728
291572

298569728
291572

298569728
291572

298569728
291572

298569728
291572

298569728
291572

298569728
291572

298569728
291572

298569728
291572

298569728
291572

298569728
291572

298569728
291572

298569728
291572

298569728
291572

298569728
291572

298569728
291572

298569728
291572

298569728
291572

298569728
291572

298569728
291572

298569728
291572

298569728
291572

298569728
291572

298569728
291572

298569728
291572

298569728
291572

298569728
291572

298569728
291572

298569728
291572

298569728
291572

298569728
291572

298569728
291572

298569728
291572

298569728
291572

298569728
291572

298569728
291572

298569728
291572

298569728
291572

298569728
291572

298569728
291572

298569728
291572

298569728
291572

298569728
291572

298569728
291572

298569728
291572

298569728
291572

298569728
291572

298569728
291572

298569728
291572

298569728
291572

298569728
291572

298569728
291572

298569728
291572

298569728
291572

298569728
291572

298569728
291572

298569728
291572

298569728
291572

298569728
291572

298569728
291572

298569728
291572

298569728
291572

298569728
291572

298569728
291572

298569728
291572

298569728
291572

298569728
291572

298569728
291572

298569728
291572

298569728
291572

298569728
291572

298569728
291572

298569728
291572

298569728
291572

298569728
291572

298569728
291572

298569728
291572

298569728
291572

298569728
291572

298569728
291572

298569728
291572

298569728
291572

298569728
291572

299094016
292084

299094016
292084

299094016
292084

299094016
292084

299094016
292084

299094016
292084

299094016
292084

299094016
292084

299094016
292084

299094016
292084

299094016
292084

299094016
292084

299094016
292084

299094016
292084

299094016
292084

299094016
292084

299094016
292084

299094016
292084

299094016
292084

299094016
292084

299094016
292084

299094016
292084

299094016
292084

299094016
292084

299094016
292084

299094016
292084

299094016
292084

299094016
292084

299094016
292084

299094016
292084

299094016
292084

299094016
292084

299094016
292084

299094016
292084

299094016
292084

299094016
292084

299094016
292084

0

