16330752
15948

19197952
18748

21864448
21352

24817664
24236

25657344
25056

26431488
25812

27750400
27100

29573120
28880

30932992
30208

32124928
31372

32354304
31596

32755712
31988

34598912
33788

36454400
35600

37400576
36524

38825984
37916

39305216
38384

40157184
39216

44376064
43336

44998656
43944

46563328
45472

47394816
46284

48205824
47076

48582656
47444

48582656
47444

49573888
48412

50614272
49428

51335168
50132

52822016
51584

54726656
53444

55775232
54468

56561664
55236

57671680
56320

58712064
57336

58974208
57592

61558784
60116

61558784
60116

61558784
60116

61820928
60372

62869504
61396

63868928
62372

64131072
62628

64700416
63184

65409024
63876

65605632
64068

65994752
64448

65994752
64448

67248128
65672

67510272
65928

68456448
66852

68870144
67256

69042176
67424

70209536
68564

73158656
71444

78401536
76564

78401536
76564

78401536
76564

78663680
76820

79450112
77588

82989056
81044

82989056
81044

82989056
81044

84353024
82376

85950464
83936

90103808
87992

90103808
87992

90103808
87992

90365952
88248

90746880
88620

90894336
88764

91582464
89436

92487680
90320

92786688
90612

92946432
90768

93122560
90940

94162944
91956

94162944
91956

94425088
92212

94789632
92568

95748096
93504

96555008
94292

96878592
94608

97247232
94968

97988608
95692

98324480
96020

98476032
96168

98615296
96304

98615296
96304

99123200
96800

100597760
98240

102694912
100288

102694912
100288

103186432
100768

103612416
101184

106344448
103852

106541056
104044

107098112
104588

107098112
104588

107098112
104588

107098112
104588

107098112
104588

111468544
108856

113127424
110476

113127424
110476

113127424
110476

113127424
110476

113389568
110732

114028544
111356

114028544
111356

114294784
111616

114892800
112200

115154944
112456

115388416
112684

115388416
112684

115687424
112976

115851264
113136

118009856
115244

119058432
116268

119451648
116652

119611392
116808

120000512
117188

120000512
117188

121622528
118772

122015744
119156

122757120
119880

122757120
119880

122757120
119880

122757120
119880

128540672
125528

128540672
125528

128540672
125528

128540672
125528

128540672
125528

128540672
125528

128540672
125528

128540672
125528

128540672
125528

130093056
127044

130093056
127044

130093056
127044

130093056
127044

130748416
127684

130891776
127824

133267456
130144

136634368
133432

137084928
133872

137084928
133872

137084928
133872

137084928
133872

137084928
133872

137084928
133872

137699328
134472

137699328
134472

137699328
134472

137908224
134676

137908224
134676

138285056
135044

138649600
135400

138829824
135576

138993664
135736

139825152
136548

141361152
138048

141668352
138348

141668352
138348

141824000
138500

142123008
138792

152920064
149336

153210880
149620

153780224
150176

154640384
151016

154640384
151016

154902528
151272

154902528
151272

154902528
151272

154902528
151272

157552640
153860

159125504
155396

159125504
155396

159125504
155396

159387648
155652

162095104
158296

162095104
158296

162357248
158552

162660352
158848

162938880
159120

163090432
159268

163405824
159576

163856384
160016

164118528
160272

164511744
160656

165036032
161168

165036032
161168

165507072
161628

166592512
162688

166891520
162980

170786816
166784

170786816
166784

170786816
166784

170786816
166784

170786816
166784

173273088
169212

176594944
172456

176594944
172456

179912704
175696

179912704
175696

179912704
175696

179912704
175696

179912704
175696

179912704
175696

179912704
175696

179912704
175696

179912704
175696

179912704
175696

179912704
175696

180568064
176336

185835520
181480

188395520
183980

188657664
184236

188657664
184236

188657664
184236

188657664
184236

189181952
184748

189181952
184748

189181952
184748

189181952
184748

189181952
184748

189181952
184748

189181952
184748

189181952
184748

189341696
184904

189636608
185192

189636608
185192

189939712
185488

189939712
185488

189939712
185488

189939712
185488

190095360
185640

190291968
185832

190554112
186088

191041536
186564

191041536
186564

191041536
186564

191303680
186820

191479808
186992

191479808
186992

191479808
186992

192004096
187504

192864256
188344

192864256
188344

193392640
188860

193654784
189116

194170880
189620

194170880
189620

194514944
189956

194658304
190096

194658304
190096

194981888
190412

195244032
190668

195244032
190668

195428352
190848

195600384
191016

195858432
191268

196055040
191460

196509696
191904

196669440
192060

196669440
192060

197029888
192412

199041024
194376

199041024
194376

199041024
194376

199303168
194632

199303168
194632

199565312
194888

199761920
195080

199921664
195236

200138752
195448

200138752
195448

200306688
195612

200691712
195988

200859648
196152

201084928
196372

201084928
196372

201306112
196588

201527296
196804

201785344
197056

202612736
197864

205352960
200540

205352960
200540

205352960
200540

205352960
200540

205844480
201020

205844480
201020

205844480
201020

205844480
201020

206041088
201212

212742144
207756

212742144
207756

212742144
207756

212742144
207756

212742144
207756

212742144
207756

212742144
207756

212742144
207756

212742144
207756

212742144
207756

212742144
207756

212742144
207756

212742144
207756

219635712
214488

221224960
216040

221224960
216040

221487104
216296

221487104
216296

222306304
217096

224264192
219008

224264192
219008

224264192
219008

224264192
219008

224264192
219008

224264192
219008

224264192
219008

224264192
219008

224264192
219008

224264192
219008

224264192
219008

224264192
219008

224264192
219008

224264192
219008

224264192
219008

224264192
219008

224264192
219008

224264192
219008

224264192
219008

224526336
219264

224526336
219264

224526336
219264

224526336
219264

224526336
219264

224788480
219520

228032512
222688

228032512
222688

228032512
222688

228032512
222688

228032512
222688

228032512
222688

228032512
222688

228032512
222688

228032512
222688

228032512
222688

228032512
222688

228032512
222688

228032512
222688

228032512
222688

228032512
222688

228032512
222688

228032512
222688

228032512
222688

228032512
222688

228032512
222688

228032512
222688

228032512
222688

228032512
222688

228032512
222688

228032512
222688

228032512
222688

228032512
222688

228032512
222688

228032512
222688

228032512
222688

228032512
222688

228032512
222688

228032512
222688

228032512
222688

228032512
222688

228032512
222688

228032512
222688

228032512
222688

228032512
222688

228032512
222688

228032512
222688

228032512
222688

228032512
222688

228032512
222688

228032512
222688

228032512
222688

228032512
222688

228032512
222688

228032512
222688

228032512
222688

228032512
222688

228032512
222688

228032512
222688

228032512
222688

228032512
222688

228032512
222688

228032512
222688

228032512
222688

228032512
222688

228032512
222688

228032512
222688

228032512
222688

228032512
222688

228032512
222688

228032512
222688

228032512
222688

228032512
222688

228032512
222688

228032512
222688

228032512
222688

228032512
222688

228032512
222688

228032512
222688

228032512
222688

228032512
222688

228032512
222688

228032512
222688

228032512
222688

228032512
222688

228032512
222688

228032512
222688

228032512
222688

228032512
222688

228032512
222688

228032512
222688

228032512
222688

228032512
222688

228032512
222688

228556800
223200

228556800
223200

228556800
223200

228556800
223200

228556800
223200

230129664
224736

230129664
224736

230129664
224736

230129664
224736

230129664
224736

230129664
224736

230129664
224736

230129664
224736

230129664
224736

230129664
224736

230129664
224736

230129664
224736

230129664
224736

230129664
224736

230129664
224736

230129664
224736

230129664
224736

230129664
224736

230129664
224736

230129664
224736

230129664
224736

230129664
224736

230129664
224736

230129664
224736

230129664
224736

230129664
224736

230129664
224736

230129664
224736

230129664
224736

230129664
224736

230129664
224736

230129664
224736

230129664
224736

230129664
224736

230129664
224736

230129664
224736

230129664
224736

230129664
224736

230129664
224736

230129664
224736

230129664
224736

230129664
224736

230129664
224736

230129664
224736

230129664
224736

230129664
224736

230129664
224736

230129664
224736

230129664
224736

230129664
224736

230129664
224736

230129664
224736

230129664
224736

230129664
224736

230129664
224736

230129664
224736

230129664
224736

230129664
224736

230129664
224736

230129664
224736

230129664
224736

230129664
224736

230653952
225248

230653952
225248

230653952
225248

230653952
225248

230653952
225248

230653952
225248

230653952
225248

230653952
225248

230653952
225248

230653952
225248

230653952
225248

230653952
225248

230653952
225248

230653952
225248

230653952
225248

230653952
225248

230653952
225248

230653952
225248

230653952
225248

230653952
225248

230916096
225504

230916096
225504

230916096
225504

230916096
225504

230916096
225504

231079936
225664

231079936
225664

231079936
225664

231079936
225664

231079936
225664

231079936
225664

231079936
225664

231079936
225664

231079936
225664

231079936
225664

231079936
225664

231079936
225664

231079936
225664

231079936
225664

231419904
225996

231419904
225996

231559168
226132

232521728
227072

232521728
227072

232521728
227072

232521728
227072

232521728
227072

232521728
227072

232521728
227072

232521728
227072

232521728
227072

232521728
227072

232521728
227072

232521728
227072

232521728
227072

232521728
227072

232521728
227072

232521728
227072

232521728
227072

232521728
227072

232521728
227072

232521728
227072

232521728
227072

232521728
227072

232521728
227072

232521728
227072

232521728
227072

232521728
227072

232521728
227072

232521728
227072

232521728
227072

232521728
227072

232521728
227072

232521728
227072

232521728
227072

232521728
227072

232714240
227260

232714240
227260

232714240
227260

236965888
231412

237563904
231996

237940736
232364

237940736
232364

237940736
232364

237940736
232364

237940736
232364

237940736
232364

237940736
232364

237940736
232364

238428160
232840

238428160
232840

238428160
232840

238428160
232840

238428160
232840

238428160
232840

238428160
232840

238428160
232840

238428160
232840

238428160
232840

238428160
232840

238428160
232840

238428160
232840

238428160
232840

238428160
232840

245477376
239724

245477376
239724

245477376
239724

245477376
239724

245477376
239724

245477376
239724

245477376
239724

245477376
239724

245477376
239724

245477376
239724

245477376
239724

245477376
239724

245477376
239724

245477376
239724

245477376
239724

245477376
239724

245477376
239724

245477376
239724

245477376
239724

245477376
239724

245477376
239724

245477376
239724

245477376
239724

245477376
239724

245477376
239724

245477376
239724

245477376
239724

245477376
239724

245477376
239724

245477376
239724

245477376
239724

245477376
239724

245477376
239724

245477376
239724

245477376
239724

245477376
239724

245477376
239724

245477376
239724

245477376
239724

245477376
239724

245477376
239724

245477376
239724

245477376
239724

245477376
239724

245477376
239724

245477376
239724

245477376
239724

245477376
239724

245477376
239724

245477376
239724

245477376
239724

245477376
239724

245477376
239724

245477376
239724

245477376
239724

245477376
239724

245477376
239724

245477376
239724

247373824
241576

247373824
241576

247373824
241576

247373824
241576

247373824
241576

247373824
241576

247373824
241576

247373824
241576

247373824
241576

247373824
241576

247791616
241984

247791616
241984

247791616
241984

247791616
241984

247791616
241984

247791616
241984

247791616
241984

247791616
241984

247791616
241984

247791616
241984

247791616
241984

247791616
241984

247791616
241984

247791616
241984

247791616
241984

247791616
241984

247791616
241984

247791616
241984

247791616
241984

247955456
242144

247955456
242144

247955456
242144

247955456
242144

247955456
242144

247955456
242144

247955456
242144

247955456
242144

247955456
242144

247955456
242144

247955456
242144

247955456
242144

248184832
242368

248184832
242368

248184832
242368

248184832
242368

248184832
242368

248184832
242368

248184832
242368

248344576
242524

248344576
242524

248344576
242524

248549376
242724

248549376
242724

248750080
242920

248750080
242920

248750080
242920

248750080
242920

248750080
242920

248750080
242920

248750080
242920

248971264
243136

248971264
243136

248971264
243136

248971264
243136

249131008
243292

249131008
243292

249131008
243292

249131008
243292

249131008
243292

249131008
243292

249131008
243292

249131008
243292

249131008
243292

249131008
243292

249131008
243292

249131008
243292

249131008
243292

249131008
243292

249131008
243292

249131008
243292

249131008
243292

250413056
244544

250413056
244544

250413056
244544

250413056
244544

250413056
244544

250413056
244544

250413056
244544

250413056
244544

250413056
244544

250413056
244544

250413056
244544

250413056
244544

250413056
244544

250413056
244544

250413056
244544

250413056
244544

250413056
244544

250413056
244544

250413056
244544

250413056
244544

250413056
244544

250413056
244544

250413056
244544

250413056
244544

250413056
244544

250413056
244544

250413056
244544

250413056
244544

250413056
244544

250413056
244544

250413056
244544

250413056
244544

250413056
244544

250413056
244544

250413056
244544

250413056
244544

250413056
244544

250413056
244544

250413056
244544

250413056
244544

250413056
244544

250413056
244544

250413056
244544

250413056
244544

250413056
244544

250413056
244544

250413056
244544

250413056
244544

250413056
244544

250413056
244544

250413056
244544

250413056
244544

250413056
244544

250413056
244544

250413056
244544

250413056
244544

250413056
244544

250413056
244544

254607360
248640

254607360
248640

254607360
248640

254607360
248640

254607360
248640

254607360
248640

254607360
248640

254607360
248640

254607360
248640

254607360
248640

254607360
248640

254607360
248640

254607360
248640

254607360
248640

254607360
248640

254607360
248640

254607360
248640

254607360
248640

254607360
248640

254607360
248640

254607360
248640

254607360
248640

254607360
248640

254607360
248640

254607360
248640

254607360
248640

254607360
248640

254607360
248640

254607360
248640

254607360
248640

254607360
248640

254607360
248640

254607360
248640

254607360
248640

254607360
248640

254607360
248640

254607360
248640

254607360
248640

254607360
248640

254607360
248640

254607360
248640

254607360
248640

254607360
248640

254607360
248640

254607360
248640

254607360
248640

254607360
248640

254607360
248640

254607360
248640

254607360
248640

254607360
248640

254607360
248640

254607360
248640

254607360
248640

254607360
248640

254607360
248640

254607360
248640

254607360
248640

254607360
248640

254607360
248640

254607360
248640

254607360
248640

254607360
248640

254607360
248640

254607360
248640

254607360
248640

254607360
248640

254607360
248640

254607360
248640

254607360
248640

254607360
248640

254607360
248640

254607360
248640

254607360
248640

254607360
248640

254607360
248640

254607360
248640

254607360
248640

254607360
248640

254607360
248640

254607360
248640

254607360
248640

254607360
248640

254607360
248640

254607360
248640

254607360
248640

254607360
248640

254607360
248640

254607360
248640

254607360
248640

254607360
248640

254607360
248640

254607360
248640

254607360
248640

254607360
248640

254607360
248640

254607360
248640

254607360
248640

255131648
249152

255131648
249152

257769472
251728

257769472
251728

0

