15429632
15068

18239488
17812

20242432
19768

22499328
21972

25223168
24632

25755648
25152

27103232
26468

28127232
27468

29712384
29016

31215616
30484

31641600
30900

31862784
31116

33132544
32356

35065856
34244

35721216
34884

37490688
36612

38158336
37264

38158336
37264

43810816
42784

43810816
42784

44990464
43936

46231552
45148

47939584
46816

48578560
47440

48578560
47440

49090560
47940

50700288
49512

51400704
50196

52101120
50880

52862976
51624

54697984
53416

55930880
54620

56901632
55568

58429440
57060

58597376
57224

58961920
57580

61853696
60404

62128128
60672

62128128
60672

63578112
62088

63840256
62344

65101824
63576

65703936
64164

66158592
64608

67080192
65508

67608576
66024

67608576
66024

68788224
67176

68788224
67176

69050368
67432

70373376
68724

71700480
70020

71700480
70020

78909440
77060

79368192
77508

79503360
77640

79503360
77640

80162816
78284

81014784
79116

81276928
79372

84447232
82468

84447232
82468

85483520
83480

87343104
85296

87605248
85552

91619328
89472

91619328
89472

91619328
89472

92635136
90464

93470720
91280

93712384
91516

94396416
92184

94535680
92320

94810112
92588

94810112
92588

94986240
92760

95862784
93616

96481280
94220

96641024
94376

97894400
95600

98836480
96520

99590144
97256

99770368
97432

100196352
97848

100372480
98020

100708352
98348

100708352
98348

100872192
98508

101163008
98792

102162432
99768

104325120
101880

104325120
101880

104906752
102448

105066496
102604

105439232
102968

105963520
103480

108318720
105780

108871680
106320

109047808
106492

109047808
106492

109047808
106492

109047808
106492

112701440
110060

114360320
111680

114360320
111680

114360320
111680

114913280
112220

115236864
112536

115499008
112792

115978240
113260

116469760
113740

116760576
114024

117104640
114360

117284864
114536

117485568
114732

117710848
114952

119996416
117184

119996416
117184

121176064
118336

122179584
119316

122527744
119656

122527744
119656

124268544
121356

124268544
121356

124530688
121612

125014016
122084

125014016
122084

125014016
122084

125165568
122232

131039232
127968

131039232
127968

131039232
127968

131039232
127968

131039232
127968

131039232
127968

131039232
127968

131039232
127968

132591616
129484

132853760
129740

133218304
130096

133218304
130096

133914624
130776

134180864
131036

134180864
131036

136744960
133540

139935744
136656

140189696
136904

140189696
136904

140513280
137220

141029376
137724

141377536
138064

141574144
138256

141574144
138256

141811712
138488

142012416
138684

142155776
138824

142602240
139260

142602240
139260

142921728
139572

143147008
139792

143323136
139964

144207872
140828

145072128
141672

145575936
142164

145711104
142296

145870848
142452

156573696
152904

157048832
153368

157323264
153636

158171136
154464

158367744
154656

158535680
154820

158535680
154820

158535680
154820

158535680
154820

160612352
156848

162185216
158384

162185216
158384

162185216
158384

162185216
158384

165339136
161464

165339136
161464

165339136
161464

165339136
161464

165601280
161720

165863424
161976

165863424
161976

166244352
162348

166445056
162544

166948864
163036

166948864
163036

167399424
163476

167567360
163640

167776256
163844

168148992
164208

168312832
164368

168812544
164856

168976384
165016

173178880
169120

173178880
169120

175669248
171552

175669248
171552

178987008
174792

178987008
174792

182304768
178032

182304768
178032

182304768
178032

182304768
178032

182304768
178032

182304768
178032

182304768
178032

182304768
178032

182304768
178032

182304768
178032

182304768
178032

182304768
178032

190226432
185768

190226432
185768

190226432
185768

190226432
185768

190226432
185768

190910464
186436

194510848
189952

194510848
189952

194510848
189952

194510848
189952

194510848
189952

194510848
189952

194510848
189952

195731456
191144

196390912
191788

196390912
191788

196390912
191788

196390912
191788

196390912
191788

196390912
191788

196390912
191788

196390912
191788

196390912
191788

197128192
192508

197128192
192508

197128192
192508

197128192
192508

197128192
192508

197390336
192764

197390336
192764

197767168
193132

198029312
193388

198205440
193560

198373376
193724

198893568
194232

198893568
194232

199155712
194488

199155712
194488

199323648
194652

199323648
194652

199987200
195300

200314880
195620

210092032
205168

210092032
205168

217210880
212120

217210880
212120

217210880
212120

217210880
212120

217210880
212120

217210880
212120

217571328
212472

217571328
212472

219009024
213876

219009024
213876

219009024
213876

219009024
213876

219009024
213876

219009024
213876

219009024
213876

219009024
213876

219009024
213876

219009024
213876

219009024
213876

221790208
216592

221790208
216592

222625792
217408

222625792
217408

223219712
217988

223367168
218132

223367168
218132

223367168
218132

224305152
219048

224305152
219048

224305152
219048

224305152
219048

224305152
219048

224305152
219048

224305152
219048

224305152
219048

231456768
226032

231456768
226032

231456768
226032

231456768
226032

231456768
226032

231456768
226032

231456768
226032

231456768
226032

231456768
226032

231456768
226032

231456768
226032

231456768
226032

231456768
226032

231456768
226032

231456768
226032

231456768
226032

231456768
226032

231456768
226032

231456768
226032

231456768
226032

231456768
226032

231456768
226032

233218048
227752

233353216
227884

238891008
233292

238891008
233292

238891008
233292

238891008
233292

238891008
233292

238891008
233292

238891008
233292

238891008
233292

238891008
233292

244162560
238440

244162560
238440

244162560
238440

244162560
238440

244162560
238440

244162560
238440

244162560
238440

244162560
238440

244162560
238440

244162560
238440

244162560
238440

247439360
241640

247439360
241640

247439360
241640

247439360
241640

247439360
241640

247439360
241640

247439360
241640

247439360
241640

247439360
241640

247439360
241640

247439360
241640

247439360
241640

247439360
241640

247439360
241640

247439360
241640

247439360
241640

247439360
241640

247439360
241640

247439360
241640

247439360
241640

247439360
241640

247439360
241640

247439360
241640

247439360
241640

247439360
241640

247439360
241640

247439360
241640

247439360
241640

247439360
241640

247439360
241640

247439360
241640

247439360
241640

247439360
241640

247439360
241640

247439360
241640

247439360
241640

247439360
241640

247439360
241640

247439360
241640

247439360
241640

247439360
241640

247439360
241640

247439360
241640

247439360
241640

247439360
241640

247439360
241640

247439360
241640

247439360
241640

247439360
241640

247439360
241640

247439360
241640

247439360
241640

247439360
241640

247439360
241640

247439360
241640

247439360
241640

247439360
241640

247439360
241640

247439360
241640

247439360
241640

247439360
241640

247439360
241640

247439360
241640

247439360
241640

247439360
241640

247439360
241640

247439360
241640

247439360
241640

247439360
241640

247439360
241640

247439360
241640

247439360
241640

247439360
241640

247439360
241640

247439360
241640

247439360
241640

247439360
241640

247439360
241640

247439360
241640

247439360
241640

247439360
241640

247439360
241640

247439360
241640

247439360
241640

247439360
241640

247439360
241640

247439360
241640

247439360
241640

247439360
241640

247439360
241640

247439360
241640

247439360
241640

247439360
241640

249536512
243688

249536512
243688

249536512
243688

249536512
243688

249536512
243688

249536512
243688

249536512
243688

249536512
243688

249536512
243688

249536512
243688

249536512
243688

249536512
243688

249536512
243688

249536512
243688

249536512
243688

249536512
243688

249536512
243688

249536512
243688

249536512
243688

249536512
243688

249536512
243688

249536512
243688

249536512
243688

249536512
243688

249536512
243688

249536512
243688

249536512
243688

249536512
243688

249536512
243688

249536512
243688

249536512
243688

249536512
243688

249536512
243688

249536512
243688

249536512
243688

249536512
243688

249536512
243688

249536512
243688

249536512
243688

249536512
243688

249536512
243688

249536512
243688

249536512
243688

249536512
243688

249536512
243688

249536512
243688

249536512
243688

249536512
243688

249536512
243688

249536512
243688

249536512
243688

249536512
243688

249536512
243688

249536512
243688

249536512
243688

249536512
243688

249536512
243688

249536512
243688

249536512
243688

249536512
243688

249536512
243688

249536512
243688

249536512
243688

249536512
243688

249536512
243688

249536512
243688

249536512
243688

249536512
243688

249536512
243688

249536512
243688

249536512
243688

249536512
243688

249536512
243688

249536512
243688

249536512
243688

249536512
243688

249536512
243688

249536512
243688

249536512
243688

249536512
243688

249536512
243688

249536512
243688

249536512
243688

249536512
243688

249536512
243688

249536512
243688

249536512
243688

249536512
243688

249536512
243688

249536512
243688

249536512
243688

249536512
243688

249536512
243688

249536512
243688

249536512
243688

249536512
243688

249536512
243688

249536512
243688

249536512
243688

249536512
243688

249536512
243688

249536512
243688

249536512
243688

249536512
243688

249536512
243688

249536512
243688

249536512
243688

249536512
243688

249536512
243688

249536512
243688

249536512
243688

249536512
243688

249536512
243688

249536512
243688

249536512
243688

249536512
243688

249536512
243688

249536512
243688

249536512
243688

249536512
243688

249536512
243688

249536512
243688

249536512
243688

249536512
243688

249536512
243688

249536512
243688

249536512
243688

249536512
243688

249536512
243688

249536512
243688

249536512
243688

249536512
243688

249536512
243688

249536512
243688

249536512
243688

249536512
243688

249536512
243688

249536512
243688

249536512
243688

249536512
243688

249536512
243688

249536512
243688

249536512
243688

253767680
247820

256167936
250164

256167936
250164

256167936
250164

256331776
250324

256331776
250324

256331776
250324

256331776
250324

256331776
250324

256331776
250324

256331776
250324

256331776
250324

256331776
250324

256331776
250324

256528384
250516

257183744
251156

257183744
251156

257183744
251156

257183744
251156

257417216
251384

257417216
251384

257417216
251384

257417216
251384

257417216
251384

257417216
251384

257417216
251384

257417216
251384

257417216
251384

257417216
251384

265281536
259064

265281536
259064

265281536
259064

265281536
259064

265281536
259064

265281536
259064

265281536
259064

265281536
259064

265281536
259064

265281536
259064

265281536
259064

265281536
259064

265281536
259064

265281536
259064

265281536
259064

265281536
259064

265281536
259064

265281536
259064

265281536
259064

265281536
259064

265281536
259064

265281536
259064

265281536
259064

265281536
259064

265281536
259064

265281536
259064

265281536
259064

265281536
259064

265281536
259064

265281536
259064

265281536
259064

265281536
259064

265281536
259064

265281536
259064

265281536
259064

265281536
259064

265281536
259064

265281536
259064

265281536
259064

265281536
259064

265281536
259064

265281536
259064

265281536
259064

265281536
259064

265281536
259064

265281536
259064

265281536
259064

265281536
259064

265281536
259064

265281536
259064

265281536
259064

265281536
259064

265281536
259064

265281536
259064

265281536
259064

265281536
259064

265281536
259064

265281536
259064

265281536
259064

265281536
259064

265281536
259064

265281536
259064

265281536
259064

265281536
259064

265281536
259064

265281536
259064

265281536
259064

265281536
259064

265281536
259064

265281536
259064

265281536
259064

265281536
259064

265281536
259064

265281536
259064

265281536
259064

265281536
259064

265281536
259064

265281536
259064

265281536
259064

265281536
259064

265281536
259064

265281536
259064

265281536
259064

265281536
259064

265281536
259064

265281536
259064

265281536
259064

265281536
259064

265281536
259064

265281536
259064

265281536
259064

265281536
259064

265281536
259064

265281536
259064

265281536
259064

265281536
259064

265281536
259064

265281536
259064

265281536
259064

265281536
259064

265281536
259064

265281536
259064

265281536
259064

265281536
259064

265281536
259064

265281536
259064

265281536
259064

265281536
259064

265281536
259064

265281536
259064

265281536
259064

265281536
259064

265281536
259064

265281536
259064

265281536
259064

265281536
259064

265281536
259064

265281536
259064

265281536
259064

265281536
259064

265281536
259064

265281536
259064

265281536
259064

265281536
259064

265281536
259064

265281536
259064

265281536
259064

265281536
259064

265281536
259064

265281536
259064

265281536
259064

265281536
259064

265281536
259064

265281536
259064

265281536
259064

265281536
259064

265281536
259064

265281536
259064

265281536
259064

265281536
259064

265281536
259064

265281536
259064

265281536
259064

265281536
259064

265281536
259064

265281536
259064

265281536
259064

265281536
259064

265281536
259064

265281536
259064

265281536
259064

265281536
259064

265281536
259064

265281536
259064

265281536
259064

265281536
259064

265281536
259064

265281536
259064

265281536
259064

265281536
259064

265281536
259064

265281536
259064

265281536
259064

265281536
259064

265281536
259064

265281536
259064

265281536
259064

265281536
259064

265281536
259064

265281536
259064

265281536
259064

265281536
259064

265281536
259064

265281536
259064

265281536
259064

265281536
259064

265281536
259064

265281536
259064

265281536
259064

265281536
259064

265281536
259064

265281536
259064

265281536
259064

265281536
259064

265281536
259064

265281536
259064

265281536
259064

265281536
259064

265281536
259064

265281536
259064

265281536
259064

265281536
259064

265281536
259064

265281536
259064

265281536
259064

265281536
259064

265281536
259064

269475840
263160

269475840
263160

269475840
263160

269475840
263160

269475840
263160

269475840
263160

269475840
263160

269475840
263160

269475840
263160

269475840
263160

269475840
263160

269475840
263160

269475840
263160

269475840
263160

269475840
263160

269475840
263160

269475840
263160

269475840
263160

269475840
263160

269475840
263160

269475840
263160

269475840
263160

269475840
263160

269475840
263160

269475840
263160

269475840
263160

269475840
263160

269475840
263160

269475840
263160

269475840
263160

269475840
263160

269475840
263160

269475840
263160

269475840
263160

269475840
263160

269475840
263160

269475840
263160

269475840
263160

269475840
263160

269475840
263160

269475840
263160

269475840
263160

269475840
263160

269475840
263160

269475840
263160

269475840
263160

269475840
263160

269475840
263160

269475840
263160

269475840
263160

269475840
263160

269475840
263160

269475840
263160

269475840
263160

269475840
263160

269475840
263160

269475840
263160

269475840
263160

269475840
263160

269475840
263160

269475840
263160

269475840
263160

269475840
263160

269475840
263160

269475840
263160

269475840
263160

269475840
263160

269475840
263160

269475840
263160

269475840
263160

269475840
263160

269475840
263160

269475840
263160

269475840
263160

269475840
263160

269475840
263160

269475840
263160

269475840
263160

269475840
263160

269475840
263160

269475840
263160

269475840
263160

269475840
263160

269475840
263160

269475840
263160

269475840
263160

269475840
263160

269475840
263160

269475840
263160

269475840
263160

269475840
263160

269475840
263160

269475840
263160

269475840
263160

269475840
263160

269475840
263160

269475840
263160

0

