0.021489,0.061744,1
0.009652,0.042559,1
0.0001,6.8E-05,0
0.000263,0.043489,1
0.000907,0.044322,1
0.001123,0.044524,1
0.001143,0.046712,1
0.001448,0.049044,1
0.001527,0.053398,1
0.001524,0.054438,1
0.00145,0.053228,1
0.001428,0.054771,1
0.001452,0.058373,1
0.001557,0.062255,1
0.001495,0.063932,1
0.001694,0.064508,1
0.00179,0.067787,1
0.001787,0.060357,1
0.002043,0.066612,1
0.001867,0.06594,1
0.001835,0.069683,1
0.023609,0.078211,1
0.002233,0.07563,1
0.00261,0.074885,1
0.002819,0.076964,1
0.002341,0.079311,1
0.002531,0.079117,1
0.002892,0.077689,1
0.002535,0.079302,1
0.002507,0.081447,1
0.002616,0.08,1
0.00261,0.080735,1
0.002467,0.084719,1
0.015392,0.080101,1
0.014772,0.111307,1
0.01466,0.08571,1
0.005812,0.089315,1
0.005115,0.092521,1
0.009453,0.096411,1
0.01024,0.093724,1
0.010365,0.095076,1
0.011397,0.102382,1
0.011521,0.10833,1
0.011077,0.104212,1
0.011884,0.108383,1
0.005826,0.111782,2
0.005425,0.107248,1
0.007956,0.107735,2
0.009279,0.12,1
0.007638,0.116245,1
0.007149,0.112569,1
0.01401,0.128648,2
0.008345,0.128901,1
0.009311,0.12175,1
0.013195,0.135003,2
0.0121,0.132165,1
0.018749,0.138998,1
0.012852,0.13639,1
0.014564,0.156951,1
0.014149,0.14245,1
0.017963,0.142144,1
0.01494,0.141696,1
0.014607,0.151027,1
0.014444,0.144767,1
0.014649,0.149186,1
0.015168,0.145815,1
0.014634,0.16835,1
0.012949,0.16492,1
0.016262,0.166857,1
0.016493,0.159776,1
0.017718,0.16469,1
0.015342,0.172068,1
0.014265,0.16354,1
0.012789,0.171046,1
0.013296,0.163256,1
0.012436,0.182975,1
0.014667,0.163529,1
0.013084,0.168415,1
0.013697,0.196753,1
0.016204,0.177217,1
0.016323,0.172994,1
0.013906,0.1728,1
0.013346,0.178536,1
0.002066,0.000214,0
0.011199,0.199418,1
0.017249,0.178746,1
0.016547,0.200187,1
0.019263,0.174252,1
0.014618,0.187943,1
0.012015,0.188058,1
0.015109,0.194625,1
0.013877,0.188561,1
0.012902,0.202194,1
0.012982,0.200621,3
0.016443,0.197928,1
0.012749,0.19934,1
0.013387,0.201575,1
0.013118,0.20597,1
0.017619,0.190948,1
0.013775,0.192085,1
0.013903,0.198117,2
0.01053,0.226058,2
0.018585,0.212033,2
0.014514,0.22285,2
0.017932,0.215613,1
0.013938,0.221531,1
0.014335,0.217087,1
0.014247,0.228485,2
0.011288,0.211701,1
0.014548,0.221892,1
0.015618,0.221172,1
0.016726,0.242673,1
0.017157,0.244799,1
0.016655,0.239918,1
0.016157,0.256665,1
0.016045,0.262068,1
0.014712,0.255062,1
0.013907,0.23593,1
0.015255,0.239976,1
0.013047,0.2379,2
0.018482,0.246964,1
0.028118,0.243526,1
0.023016,0.242249,1
0.02064,0.279068,1
0.024326,0.258795,1
0.005826,0.002333,0
0.009852,0.254054,1
0.014919,0.257645,1
0.020169,0.24867,1
0.015249,0.267638,1
0.027546,0.259776,1
0.011834,0.261772,1
0.01438,0.272266,1
0.01611,0.286991,1
0.018804,0.289674,1
0.013269,0.294216,2
0.013629,0.269005,2
0.012821,0.290414,1
0.015585,0.289311,1
0.018497,0.296626,1
0.013901,0.309821,1
0.013772,0.304395,1
0.015567,0.310081,1
0.016462,0.338518,1
0.021806,0.303786,1
0.017169,0.310907,1
0.013337,0.327217,3
0.018674,0.304612,1
0.012846,0.30431,1
0.016515,0.31729,1
0.015711,0.310905,1
0.01547,0.318046,1
0.012066,0.334313,1
0.013992,0.310538,1
0.014103,0.320673,1
0.015303,0.313879,1
0.015647,0.345363,1
0.005845,0.130044,1
0.007383,0.127213,2
0.008199,0.142911,1
0.007404,0.137948,2
0.009457,0.140293,1
0.007505,0.146445,1
0.007252,0.139856,1
0.009891,0.145433,2
0.007436,0.143705,1
0.008741,0.149614,1
0.013496,0.146294,2
0.012193,0.153779,1
0.015497,0.157334,1
0.012933,0.164891,1
0.012533,0.177005,1
0.013249,0.190436,1
0.015183,0.174413,1
0.014829,0.170982,1
0.012948,0.171349,1
0.012385,0.164592,1
0.014466,0.182779,1
0.01421,0.175565,1
0.014828,0.192618,1
0.014003,0.184946,1
0.013857,0.193806,1
0.012427,0.187256,1
0.019831,0.18823,1
0.012982,0.190357,1
0.01433,0.182584,1
0.013135,0.206551,1
0.013631,0.188086,1
0.012035,0.192386,1
0.013434,0.19851,1
0.01565,0.208801,1
0.013684,0.214779,1
0.013721,0.197329,1
0.013173,0.209929,1
0.015201,0.202406,1
0.015736,0.206654,1
0.012418,0.222206,1
0.01289,0.217864,1
0.015421,0.213104,1
0.01549,0.208715,1
0.014129,0.211881,1
0.014926,0.225494,1
0.013645,0.216282,1
0.014304,0.22208,1
0.015407,0.230379,1
0.013203,0.219968,3
0.012891,0.220401,1
0.014393,0.220713,1
0.017743,0.240564,1
0.013636,0.239987,1
0.014982,0.215895,1
0.01497,0.236727,1
0.01342,0.233441,2
0.013591,0.235795,2
0.018172,0.245612,2
0.013091,0.252788,2
0.01469,0.249962,1
0.016416,0.241342,1
0.016228,0.251083,1
0.016029,0.254294,2
0.014219,0.261179,1
0.017036,0.251924,1
0.016773,0.247803,1
0.016186,0.253433,1
0.015858,0.265337,1
0.018848,0.275534,1
0.019117,0.276756,1
0.014826,0.269332,1
0.014705,0.263565,1
0.014775,0.270049,1
0.015182,0.293736,1
0.015216,0.268912,2
0.019264,0.285696,1
0.028211,0.277437,1
0.020215,0.285226,1
0.02436,0.2971,1
0.024429,0.28527,1
0.019329,0.279123,1
0.015938,0.283842,1
0.027006,0.291902,1
0.014619,0.280508,1
0.025215,0.310895,1
0.016779,0.296716,1
0.017189,0.286516,1
0.015894,0.303972,1
0.024108,0.307137,1
0.020099,0.319033,2
0.019662,0.344243,2
0.01934,0.320838,1
0.014986,0.347523,1
0.021565,0.336534,1
0.018233,0.334219,1
0.017798,0.336885,1
0.01601,0.345115,1
0.019703,0.343808,1
0.023111,0.325304,1
0.017633,0.33617,1
0.013394,0.333636,3
0.021079,0.327354,1
0.016273,0.33577,1
0.017788,0.341639,1
0.013956,0.332016,1
0.017671,0.33627,1
0.016029,0.368439,1
0.015766,0.340796,1
0.014914,0.367644,1
0.015314,0.348233,1
0.015621,0.349659,1
0.010216,0.159675,1
0.010267,0.161088,1
0.009146,0.166075,2
0.01045,0.160661,1
0.009925,0.171692,2
0.011525,0.173973,1
0.010452,0.172436,1
0.010222,0.167497,1
0.012887,0.177947,2
0.010408,0.167313,1
0.011424,0.167084,1
0.0159,0.171474,2
0.017161,0.183579,1
0.020288,0.193844,1
0.017557,0.196328,1
0.016079,0.189715,1
0.016184,0.188102,1
0.018298,0.210876,1
0.017721,0.192899,1
0.017226,0.202219,1
0.015981,0.202069,1
0.038011,0.214559,1
0.017618,0.202051,1
0.016986,0.229491,1
0.018145,0.209351,1
0.018647,0.209819,1
0.015461,0.208425,1
0.019725,0.227072,1
0.017862,0.230919,1
0.017652,0.222404,1
0.01678,0.239022,1
0.024568,0.234105,1
0.018728,0.233543,1
0.018296,0.233377,1
0.016893,0.23032,1
0.016609,0.242257,1
0.017346,0.228724,1
0.017903,0.239324,1
0.017646,0.236676,1
0.016128,0.247128,1
0.020562,0.236958,1
0.01783,0.23235,1
0.017095,0.247061,1
0.01753,0.243473,1
0.017002,0.239234,1
0.017405,0.258518,1
0.018849,0.243546,1
0.018113,0.254793,1
0.015553,0.26123,1
0.017524,0.246157,3
0.016075,0.252847,1
0.017501,0.249938,1
0.018692,0.25527,1
0.016875,0.253798,1
0.017044,0.270264,1
0.01768,0.251008,1
0.017085,0.251371,2
0.017223,0.267837,2
0.01627,0.286655,2
0.018931,0.272865,2
0.018053,0.283194,1
0.017076,0.283751,1
0.018179,0.294633,1
0.017685,0.279759,2
0.020388,0.301518,1
0.020076,0.291049,1
0.017932,0.278044,1
0.019698,0.274767,1
0.019222,0.301259,1
0.019071,0.322145,1
0.02002,0.290626,1
0.018249,0.318669,1
0.019332,0.292172,1
0.018082,0.310167,1
0.023541,0.31807,1
0.019623,0.294691,2
0.023369,0.314384,1
0.023355,0.296324,1
0.020681,0.291687,1
0.023701,0.333427,1
0.022196,0.309251,1
0.017671,0.306624,1
0.019143,0.324064,1
0.019464,0.310901,1
0.018299,0.30568,1
0.024394,0.333608,1
0.019675,0.350305,1
0.019653,0.317148,1
0.017794,0.341298,1
0.021958,0.35601,1
0.02048,0.32286,2
0.018465,0.371047,2
0.018127,0.352237,1
0.02322,0.359804,1
0.024716,0.361777,1
0.020383,0.349884,1
0.018109,0.336593,1
0.017937,0.372178,1
0.02017,0.370349,1
0.02171,0.368033,1
0.020535,0.361219,1
0.01328,0.187136,1
0.014236,0.193156,2
0.01497,0.194907,1
0.01362,0.181436,2
0.014242,0.204494,1
0.01314,0.190363,1
0.012121,0.203436,1
0.015667,0.210874,2
0.013466,0.209776,1
0.015717,0.203851,1
0.021702,0.198515,2
0.02164,0.209202,1
0.022925,0.217288,1
0.018834,0.216015,1
0.019993,0.211312,1
0.02171,0.222468,1
0.027383,0.223144,1
0.020001,0.204564,1
0.01739,0.200511,1
0.016572,0.222153,1
0.018878,0.241357,1
0.02163,0.23198,1
0.022757,0.255264,1
0.018951,0.252565,1
0.021686,0.234834,1
0.021824,0.242412,1
0.022917,0.265571,1
0.021384,0.249452,1
0.022615,0.259909,1
0.022907,0.249414,1
0.021889,0.252458,1
0.02256,0.252376,1
0.019654,0.250403,1
0.020889,0.250394,1
0.023787,0.269132,1
0.021686,0.276784,1
0.023463,0.268656,1
0.02133,0.266801,1
0.023821,0.296972,1
0.020463,0.269349,1
0.022926,0.289337,1
0.018705,0.270058,1
0.02394,0.281018,1
0.024018,0.271223,1
0.022186,0.284631,1
0.021993,0.284949,1
0.023561,0.288637,1
0.020913,0.282886,1
0.021677,0.274827,3
0.022872,0.291776,1
0.020617,0.28974,1
0.021403,0.289221,1
0.022524,0.284264,1
0.020602,0.296079,1
0.022819,0.287677,1
0.022453,0.281884,2
0.021894,0.312167,2
0.022567,0.31776,2
0.022275,0.28781,2
0.022466,0.299826,1
0.024334,0.296288,1
0.023197,0.294246,1
0.022471,0.304884,2
0.024437,0.308505,1
0.022624,0.297746,1
0.026257,0.302742,1
0.026174,0.324843,1
0.015767,0.190843,1
0.015895,0.207353,2
0.014554,0.202949,1
0.016357,0.197376,2
0.015565,0.213889,1
0.016915,0.217442,1
0.016513,0.210831,1
0.014762,0.231454,2
0.014987,0.217158,1
0.01742,0.215345,1
0.022387,0.212869,2
0.024219,0.221573,1
0.02209,0.223107,1
0.02365,0.235648,1
0.028418,0.247927,1
0.02427,0.242957,1
0.024629,0.249452,1
0.023776,0.244585,1
0.023504,0.257132,1
0.022887,0.245979,1
0.023552,0.266223,1
0.022438,0.257179,1
0.025452,0.250086,1
0.024115,0.258564,1
0.023374,0.276078,1
0.026324,0.279345,1
0.026086,0.265136,1
0.02276,0.285012,1
0.025653,0.272526,1
0.024791,0.287724,1
0.023108,0.264814,1
0.023287,0.266913,1
0.0236,0.2949,1
0.025097,0.274934,1
0.023761,0.269849,1
0.024121,0.269067,1
0.024474,0.285339,1
0.021155,0.276027,1
0.026944,0.293719,1
0.024989,0.292403,1
0.02278,0.28816,1
0.026464,0.295091,1
0.02619,0.28137,1
0.025441,0.285205,1
0.021204,0.281171,1
0.022219,0.311185,1
0.026576,0.286588,1
0.023981,0.311059,1
0.024808,0.293354,3
0.026419,0.288402,1
0.023767,0.299401,1
0.023959,0.307358,1
0.022212,0.300848,1
0.026561,0.31992,1
0.025037,0.301176,1
0.024718,0.343882,2
0.022603,0.316606,2
0.023944,0.317142,2
0.024149,0.341482,2
0.023537,0.342494,1
0.023935,0.304302,1
0.025742,0.31823,1
0.022955,0.316257,2
0.018637,0.219373,1
0.01599,0.214718,2
0.016141,0.207352,1
0.01457,0.224376,2
0.019809,0.223666,1
0.015594,0.215303,1
0.015763,0.228729,1
0.014845,0.249416,2
0.015828,0.221007,1
0.016396,0.225893,1
0.026248,0.22581,2
0.028643,0.239957,1
0.029027,0.249835,1
0.024853,0.244395,1
0.025291,0.246548,1
0.025826,0.268556,1
0.023163,0.259753,1
0.026107,0.263619,1
0.026862,0.260098,1
0.025434,0.252781,1
0.026078,0.267176,1
0.026373,0.268053,1
0.024886,0.289348,1
0.025244,0.278966,1
0.024518,0.272717,1
0.025576,0.268,1
0.026788,0.280087,1
0.023326,0.287634,1
0.025154,0.275256,1
0.023414,0.277465,1
0.028128,0.304506,1
0.025682,0.292122,1
0.023528,0.284054,1
0.030421,0.280284,1
0.023286,0.314399,1
0.021847,0.282521,1
0.024291,0.289053,1
0.024152,0.278747,1
0.02683,0.306187,1
0.027328,0.304793,1
0.025165,0.319763,1
0.027258,0.288388,1
0.025369,0.329217,1
0.026903,0.32249,1
0.025598,0.317371,1
0.037763,0.341223,1
0.024015,0.308711,1
0.024615,0.319889,1
0.028857,0.311767,3
0.025903,0.324746,1
0.028761,0.312334,1
0.025254,0.322999,1
0.024378,0.311821,1
0.028708,0.348327,1
0.02671,0.315286,1
0.027462,0.323435,2
0.02726,0.339846,2
0.027146,0.326558,2
0.028352,0.341704,2
0.027044,0.339526,1
0.018253,0.230998,1
0.017512,0.22756,2
0.018734,0.235184,1
0.018927,0.247634,2
0.01868,0.245187,1
0.018334,0.239008,1
0.018441,0.240979,1
0.018038,0.256303,2
0.015847,0.246295,1
0.021327,0.254713,1
0.031274,0.260367,2
0.029342,0.256099,1
0.029682,0.276035,1
0.029479,0.292085,1
0.027249,0.27796,1
0.02619,0.258907,1
0.029416,0.278774,1
0.025842,0.268623,1
0.02535,0.28089,1
0.025527,0.289648,1
0.025545,0.273082,1
0.028387,0.283817,1
0.028027,0.302742,1
0.029387,0.275092,1
0.02775,0.306241,1
0.029142,0.288138,1
0.03097,0.300495,1
0.025495,0.301031,1
0.02973,0.293588,1
0.027251,0.298859,1
0.028227,0.322832,1
0.018642,0.007209,0
0.026935,0.33129,1
0.027267,0.294943,1
0.027988,0.30975,1
0.023833,0.323995,1
0.028398,0.296695,1
0.02873,0.298273,1
0.027446,0.307225,1
0.027178,0.311147,1
0.029066,0.314049,1
0.025691,0.321495,1
0.027468,0.33588,1
0.026487,0.303811,1
0.026573,0.311483,1
0.027746,0.33099,1
0.028568,0.322822,1
0.028671,0.332572,1
0.028147,0.335031,1
0.025342,0.316026,3
0.026529,0.324701,1
0.026391,0.315366,1
0.028089,0.330719,1
0.028377,0.317303,1
0.029001,0.34368,1
0.026421,0.336029,1
0.028457,0.329647,2
0.027947,0.329133,2
0.02789,0.335466,2
0.026681,0.368978,2
0.026669,0.326701,1
0.028617,0.356152,1
0.025385,0.339011,1
0.029288,0.361417,2
0.02739,0.34324,1
0.031917,0.371322,1
0.027922,0.357368,1
0.03093,0.357433,1
0.030494,0.37827,1
0.028865,0.388942,1
0.027958,0.373188,1
0.028387,0.380944,1
0.033233,0.362805,1
0.030803,0.383016,1
0.02896,0.39372,1
0.029341,0.369682,2
0.038041,0.382585,1
0.034614,0.368185,1
0.031065,0.349559,1
0.031666,0.406041,1
0.031673,0.385551,1
0.026503,0.404241,1
0.034835,0.384494,1
0.034162,0.382718,1
0.024585,0.390891,1
0.033908,0.409468,1
0.026077,0.406251,1
0.026159,0.440992,1
0.027284,0.405517,1
0.027271,0.437566,1
0.028251,0.437107,2
0.029697,0.444221,2
0.029662,0.436837,1
0.029318,0.401676,1
0.089178,0.415775,1
0.028736,0.437322,1
0.028335,0.450266,1
0.029765,0.446647,1
0.028965,0.451252,1
0.031348,0.446366,1
0.030061,0.452037,1
0.029352,0.44616,3
0.030162,0.472116,1
0.022288,0.026896,0
0.026125,0.455427,1
0.031387,0.471089,1
0.027174,0.467564,1
0.027147,0.451305,1
0.029218,0.458691,1
0.028279,0.448382,1
0.028544,0.485912,1
0.029543,0.507811,1
0.029844,0.488932,1
0.03309,0.467738,1
0.032334,0.466978,1
0.033213,0.469314,1
0.028353,0.479132,2
0.036369,0.470522,1
0.045212,0.478325,1
0.0463,0.481064,1
0.050419,0.483953,1
0.045808,0.502814,1
0.027382,0.035507,0
0.059842,0.502676,1
0.063527,0.510709,1
0.049739,0.491717,1
0.051209,0.506162,1
0.045528,0.520445,1
0.027744,0.51394,1
0.028573,0.51505,1
0.029296,0.489819,1
0.030934,0.619719,1
0.02947,0.501009,1
0.028372,0.489,1
0.033411,0.499876,1
0.031903,0.567092,1
0.029296,0.45402,1
0.027158,0.416151,1
0.027999,0.431213,1
0.043107,0.44508,1
0.031327,0.471977,2
0.031578,0.034357,0
0.029661,0.472464,2
0.029705,0.431672,1
0.029277,0.442351,1
0.031894,0.457254,1
0.031593,0.448369,1
0.031468,0.445015,1
0.02875,0.4614,1
0.029965,0.455098,1
0.030997,0.460778,1
0.027308,0.463736,1
0.031189,0.461972,3
0.030653,0.476014,1
0.028683,0.487505,1
0.034709,0.486877,1
0.031216,0.467485,1
0.0337,0.463205,1
0.030483,0.470335,1
0.032784,0.495636,1
0.032412,0.540131,1
0.031992,0.029556,0
0.037928,0.565703,1
0.036224,0.522774,1
0.032558,0.512976,1
0.035117,0.508988,1
0.036154,0.50302,1
0.028854,0.499428,2
0.035557,0.501811,1
0.052034,0.496537,1
0.061898,0.522652,1
0.063061,0.50391,1
0.051794,0.514491,1
0.05391,0.539414,1
0.056034,0.515275,1
0.058763,0.54217,1
0.031072,0.54596,1
0.030108,0.517074,1
0.030661,0.554664,1
0.033326,0.429947,1
0.031472,0.430005,1
0.027669,0.430024,1
0.033673,0.445693,1
0.037213,0.413413,1
0.032822,0.407688,1
0.02927,0.460735,1
0.033164,0.458985,1
0.03232,0.462034,1
0.044764,0.468102,1
0.035988,0.472923,1
0.036069,0.45442,2
0.034459,0.487502,2
0.036697,0.470204,1
0.030684,0.504224,1
0.034037,0.465745,1
0.035328,0.476185,1
0.034164,0.489831,1
0.033168,0.502271,1
0.031226,0.539903,1
0.03294,0.532249,1
0.036888,0.490998,1
0.030508,0.479399,3
0.032949,0.493231,1
0.032476,0.498662,1
0.034193,0.496425,1
0.037646,0.527347,1
0.033055,0.483628,1
0.035654,0.522713,1
0.033094,0.495518,1
0.03381,0.558614,1
0.032222,0.498944,1
0.034105,0.513349,1
0.037753,0.519027,1
0.034096,0.509288,1
0.029371,0.510706,1
0.034749,0.528605,2
0.0362,0.542947,1
0.056983,0.525639,1
0.060566,0.575056,1
0.065786,0.509724,1
0.063233,0.558458,1
0.054557,0.540377,1
0.060428,0.563322,1
0.058611,0.572877,1
0.035441,0.530672,1
0.031605,0.543581,1
0.033611,0.588218,1
0.032622,0.693528,1
0.037719,0.529733,1
0.03556,0.53404,1
0.034026,0.528587,1
0.034976,0.611744,1
0.035052,0.452937,1
0.031056,0.465535,1
0.031589,0.477238,1
0.033858,0.469696,1
0.032722,0.469687,2
0.03399,0.488746,2
0.03552,0.479874,1
0.033667,0.498392,1
0.035398,0.509466,1
0.035785,0.53153,1
0.036556,0.500313,1
0.034894,0.552508,1
0.033971,0.502874,1
0.034175,0.519884,1
0.037981,0.504951,1
0.03402,0.538171,3
0.034454,0.467072,1
0.035419,0.464215,1
0.038138,0.474141,1
0.034485,0.489465,1
0.035928,0.50089,1
0.035731,0.485051,2
0.035584,0.48725,2
0.038738,0.494668,1
0.034637,0.504021,1
0.040262,0.506557,1
0.035396,0.506975,1
0.036015,0.500759,1
0.036484,0.512128,1
0.033257,0.514228,1
0.034742,0.526289,1
0.035952,0.506964,1
0.032691,0.529712,3
0.036147,0.506307,1
0.038737,0.503522,1
0.03126,0.516589,1
0.035941,0.510496,1
0.037703,0.507827,1
0.036221,0.552575,1
0.033022,0.526301,1
0.035951,0.526095,1
0.036152,0.514348,1
0.034407,0.531931,1
0.03524,0.557288,1
0.034727,0.5146,1
0.034278,0.552089,1
0.036615,0.535452,2
0.040062,0.523045,1
0.055365,0.524223,1
0.068493,0.593396,1
0.064877,0.551463,1
0.059299,0.553435,1
0.061497,0.55365,1
0.065215,0.554635,1
0.064713,0.582859,1
0.039386,0.596618,1
0.037523,0.532765,1
0.036414,0.546809,1
0.03723,0.730136,1
0.036559,0.540471,1
0.036134,0.541952,1
0.03797,0.568706,1
0.036882,0.652368,1
0.041024,0.449199,2
0.043204,0.481403,2
0.04573,0.462501,2
0.043441,0.474239,2
0.043766,0.496982,2
0.045453,0.47588,2
0.039915,0.468885,2
0.048195,0.509178,2
0.039788,0.508704,2
0.037991,0.497074,2
0.040331,0.492971,2
0.045321,0.491277,2
0.044507,0.500549,2
0.042231,0.506035,2
0.056243,0.512809,2
0.054184,0.504284,2
0.056094,0.488979,1
0.053844,0.524039,1
0.054189,0.519942,1
0.049208,0.542736,1
0.051947,0.076785,0
0.071077,0.553898,2
0.057784,0.270676,0
0.047348,0.055473,0
0.000227,0.000158,0
0.035769,0.052471,0
0.032481,0.532607,1
0.035538,0.508967,1
0.035872,0.486877,1
0.031673,0.528356,1
0.036045,0.537945,1
0.03525,0.516733,1
0.033208,0.514081,1
0.031813,0.524675,1
0.035324,0.516518,1
0.033341,0.528728,1
0.034802,0.526494,1
0.031736,0.559739,1
0.03659,0.527557,1
0.044926,0.458432,1
0.040718,0.489761,1
0.042962,0.461703,1
0.035434,0.477327,1
0.033662,0.472307,1
0.037659,0.479446,1
0.035142,0.498801,2
0.033357,0.494628,2
0.036031,0.488939,1
0.036747,0.545807,1
0.033191,0.528903,1
0.035323,0.516279,1
0.039437,0.528267,1
0.036176,0.531385,1
0.03744,0.515203,1
0.03547,0.513228,1
0.041822,0.51177,1
0.037127,0.525266,3
0.038999,0.519753,1
0.039869,0.558556,1
0.036954,0.549761,1
0.035927,0.525019,1
0.034358,0.518304,1
0.039513,0.515101,1
0.040205,0.556258,1
0.039235,0.532438,1
0.037268,0.560675,1
0.033892,0.528056,1
0.038822,0.525413,1
0.03711,0.541118,1
0.037634,0.547873,1
0.037651,0.550374,2
0.045043,0.542412,1
0.057392,0.56294,1
0.0577,0.593075,1
0.071645,0.555614,1
0.069528,0.607884,1
0.058955,0.546072,1
0.06696,0.546993,1
0.06465,0.621322,1
0.037796,0.594973,1
0.037784,0.566889,1
0.035676,0.56695,1
0.035541,0.81192,1
0.033247,0.546823,1
0.038123,0.587287,1
0.037986,0.572229,1
0.045728,0.645257,1
0.035865,0.467575,1
0.034869,0.498273,1
0.034111,0.511873,1
0.038865,0.519788,1
0.036595,0.506095,2
0.036146,0.528464,2
0.036575,0.544517,1
0.034967,0.569169,1
0.036588,0.516818,1
0.035169,0.519088,1
0.038125,0.55456,1
0.03912,0.546977,1
0.037901,0.559651,1
0.039425,0.529516,1
0.038543,0.54885,1
0.034941,0.546942,3
0.039707,0.558123,1
0.036714,0.558713,1
0.037078,0.574758,1
0.035128,0.54584,1
0.037207,0.552831,1
0.036511,0.536391,1
0.039698,0.567929,1
0.038929,0.580797,1
0.036021,0.599376,1
0.038371,0.561222,1
0.036593,0.548657,1
0.041156,0.544972,1
0.038208,0.530071,1
0.034648,0.557363,2
0.043769,0.569897,1
0.055939,0.557372,1
0.071988,0.636978,1
0.064883,0.560394,1
0.059834,0.592503,1
0.06361,0.575229,1
0.061018,0.582157,1
0.057996,0.598217,1
0.038211,0.597002,1
0.038605,0.55487,1
0.038135,0.5713,1
0.036788,0.735948,1
0.039103,0.571061,1
0.038851,0.573488,1
0.042981,0.587403,1
0.038054,0.738559,2
0.044838,0.473824,3
0.03803,0.477391,3
0.048849,0.515492,2
0.048386,0.502261,2
0.042635,0.523276,2
0.044296,0.533764,2
0.044141,0.541526,2
0.044893,0.531477,2
0.045606,0.512587,2
0.046225,0.530754,2
0.045783,0.541725,2
0.044347,0.529132,2
0.043832,0.526107,2
0.049783,0.55238,2
0.061324,0.544004,2
0.052627,0.572992,2
0.039876,0.041502,0
0.095265,0.551498,1
0.078201,0.574033,1
0.07313,0.593573,1
0.075158,0.546149,1
0.07315,0.320762,0
0.000223,0.000127,0
0.000368,0.000145,0
0.03422,0.458684,1
0.041157,0.462844,3
0.047373,0.494489,3
0.045664,0.525898,3
0.045828,0.502552,2
0.04779,0.498796,2
0.04693,0.528571,2
0.046383,0.515545,2
0.045885,0.538849,2
0.04943,0.527199,2
0.043869,0.519317,2
0.044764,0.524812,2
0.043719,0.516054,2
0.044739,0.530851,2
0.040717,0.558802,2
0.05818,0.549829,2
0.056528,0.560375,2
0.086321,0.589354,1
0.074391,0.555645,1
0.06821,0.546922,1
0.079706,0.270387,0
0.000273,0.000129,0
0.000662,0.000142,0
0.050345,0.070835,0
0.0383,0.071196,0
0.035818,0.54819,2
0.040645,0.551849,1
0.053763,0.552368,1
0.06501,0.566743,1
0.065349,0.556383,1
0.062884,0.572624,1
0.062595,0.53656,1
0.063621,0.564808,1
0.061828,0.58734,1
0.038905,0.563334,1
0.035895,0.556373,1
0.033987,0.556589,1
0.038463,0.752168,1
0.036686,0.603627,1
0.036173,0.557733,1
0.038025,0.572941,1
0.038899,0.636477,2
0.046026,0.486052,3
0.042598,0.476419,3
0.044513,0.495305,2
0.046992,0.490424,2
0.050643,0.504207,2
0.048839,0.501912,2
0.04718,0.496885,2
0.044146,0.479148,2
0.042473,0.508816,2
0.046525,0.510837,2
0.044658,0.514637,2
0.043119,0.509677,2
0.045806,0.537961,2
0.046711,0.528879,2
0.053803,0.53539,2
0.06882,0.553188,2
0.08009,0.553111,1
0.072661,0.531882,1
0.065419,0.54968,1
0.074816,0.538193,1
0.0786,0.259284,0
0.00039,0.000135,0
0.042938,0.03831,0
0.044207,0.440608,1
0.04178,0.460612,3
0.048264,0.467746,3
0.048023,0.506204,3
0.043154,0.470882,2
0.047647,0.470057,2
0.047706,0.485946,2
0.04443,0.515719,2
0.04836,0.499471,2
0.047454,0.487514,2
0.04707,0.521213,2
0.047008,0.538634,2
0.046608,0.520008,2
0.042601,0.519816,2
0.042123,0.528798,2
0.036816,0.03398,0
0.052416,0.521139,2
0.056193,0.533023,2
0.077446,0.554883,1
0.074026,0.526995,1
0.076136,0.558467,1
0.071215,0.248897,0
0.034235,0.06779,0
0.032873,0.058623,0
0.034502,0.050077,0
0.030657,0.667124,1
0.03568,0.51546,1
0.030153,0.509951,1
0.03375,0.510083,1
0.031821,0.58186,1
0.035467,0.430646,1
0.031627,0.438246,1
0.031619,0.459975,1
0.033838,0.432226,1
0.036296,0.469277,1
0.035439,0.456084,1
0.033106,0.48707,1
0.033823,0.454825,1
0.033178,0.475089,1
0.033401,0.466913,1
0.037811,0.454103,2
0.027041,0.446102,2
0.033088,0.477167,1
0.048014,0.490799,1
0.037861,0.489189,1
0.03346,0.504387,1
0.033937,0.476385,1
0.035871,0.510558,1
0.032983,0.494013,1
0.033089,0.492598,1
0.031738,0.493576,1
0.034785,0.500284,3
0.034847,0.512455,1
0.039508,0.505144,1
0.034641,0.501079,1
0.037079,0.491127,1
0.037724,0.524373,1
0.033205,0.506,1
0.037433,0.498925,1
0.035645,0.577344,1
0.037661,0.523714,1
0.033457,0.537573,1
0.036248,0.537647,1
0.036406,0.559426,1
0.039,0.492264,1
0.039691,0.541488,2
0.039472,0.552706,1
0.059841,0.556582,1
0.056512,0.565851,1
0.067446,0.561724,1
0.063196,0.549662,1
0.061669,0.56174,1
0.079826,0.586146,1
0.063968,0.571771,1
0.039266,0.551669,1
0.038738,0.556381,1
0.040834,0.582446,1
0.037776,0.802734,1
0.035054,0.588002,1
0.038158,0.555426,1
0.036175,0.577953,1
0.036029,0.651281,1
0.036948,0.519352,1
0.038213,0.48395,1
0.037381,0.512387,1
0.039263,0.499707,1
0.040459,0.525476,2
0.039361,0.507997,2
0.035817,0.506753,1
0.035353,0.518303,1
0.041419,0.535165,1
0.035731,0.54208,1
0.055512,0.531867,1
0.036448,0.531415,1
0.034234,0.519349,1
0.037197,0.558777,1
0.036721,0.544365,1
0.037253,0.506141,3
0.038715,0.51925,1
0.037292,0.522215,1
0.036708,0.465545,1
0.039218,0.47938,1
0.036059,0.484324,1
0.036153,0.506473,1
0.040818,0.496881,1
0.036385,0.473175,2
0.037075,0.507857,2
0.042698,0.503407,1
0.041112,0.528066,1
0.043153,0.506282,1
0.041117,0.531022,1
0.035142,0.519677,1
0.034076,0.548313,1
0.044713,0.539487,1
0.035736,0.521488,1
0.036989,0.53545,1
0.040415,0.563289,3
0.039155,0.53463,1
0.032691,0.527166,1
0.040686,0.537575,1
0.035812,0.526549,1
0.039879,0.530563,1
0.038778,0.521635,1
0.038632,0.516496,1
0.035752,0.571698,1
0.036209,0.556391,1
0.037124,0.564604,1
0.036491,0.544906,1
0.03592,0.560367,1
0.03359,0.538547,1
0.035751,0.54108,2
0.040761,0.575471,1
0.057721,0.586568,1
0.063999,0.588867,1
0.075516,0.582887,1
0.074485,0.594843,1
0.063102,0.55218,1
0.062113,0.567668,1
0.060684,0.596871,1
0.03756,0.58957,1
0.039777,0.62349,1
0.040842,0.543246,1
0.040497,0.817982,1
0.036454,0.547043,1
0.039784,0.574735,1
0.035903,0.557259,1
0.03735,0.657753,2
0.046073,0.493288,3
0.04339,0.511432,3
0.039894,0.48029,2
0.045457,0.478461,2
0.047554,0.491269,2
0.048241,0.507133,2
0.042613,0.493437,2
0.047462,0.534443,2
0.051025,0.504065,2
0.050881,0.553285,2
0.047156,0.540128,2
0.043617,0.500635,2
0.052362,0.555758,2
0.059099,0.538666,2
0.055602,0.543896,2
0.049775,0.524405,2
0.036684,0.019354,0
0.078683,0.563095,1
0.08205,0.544666,1
0.075427,0.563103,1
0.081241,0.555487,1
0.078688,0.310041,0
0.037956,0.489308,1
0.048752,0.473674,3
0.047094,0.502261,3
0.045424,0.500464,2
0.044041,0.515396,2
0.042513,0.511112,2
0.043735,0.509454,2
0.047813,0.524191,2
0.049739,0.506464,2
0.047515,0.511601,2
0.047091,0.524514,2
0.040792,0.018763,0
0.048558,0.502141,2
0.044883,0.535119,2
0.045628,0.518896,2
0.04857,0.521797,2
0.048198,0.526124,2
0.051476,0.536592,2
0.084301,0.5567,1
0.078422,0.545277,1
0.082702,0.542035,1
0.073977,0.527275,1
0.076699,0.273932,0
0.000281,0.000124,0
0.038979,0.065048,0
0.040568,0.547149,1
0.032985,0.536449,1
0.038709,0.530413,1
0.033952,0.525695,1
0.037775,0.455081,1
0.035232,0.47319,1
0.03755,0.486422,1
0.038788,0.498944,1
0.039214,0.525441,1
0.035298,0.488957,1
0.041776,0.500041,2
0.037123,0.504982,2
0.037043,0.499533,1
0.038905,0.545435,1
0.037452,0.513811,1
0.041783,0.528007,1
0.035016,0.527211,1
0.037867,0.480337,1
0.032297,0.577006,1
0.040202,0.535651,1
0.039424,0.535661,1
0.035237,0.512041,3
0.034974,0.542459,1
0.039239,0.531589,1
0.043387,0.569314,1
0.039395,0.551161,1
0.038516,0.547651,1
0.040054,0.547144,1
0.041354,0.540758,1
0.039722,0.570077,1
0.039487,0.569118,1
0.041785,0.544197,1
0.040552,0.560609,1
0.035204,0.544825,1
0.037986,0.565811,1
0.034785,0.582494,2
0.042727,0.583119,1
0.064712,0.581689,1
0.068145,0.584994,1
0.072995,0.610391,1
0.064756,0.602908,1
0.061596,0.576379,1
0.073099,0.558014,1
0.066602,0.648392,1
0.040156,0.611696,1
0.03825,0.591569,1
0.037897,0.591211,1
0.038946,0.759542,1
0.040245,0.549884,1
0.037574,0.572474,1
0.042679,0.57656,1
0.039689,0.675903,1
0.041247,0.540754,1
0.038807,0.498932,1
0.034317,0.543091,1
0.041703,0.510113,1
0.040736,0.492803,2
0.038149,0.516342,2
0.03735,0.533796,1
0.037746,0.509713,1
0.0423,0.525746,1
0.040625,0.540886,1
0.042751,0.532279,1
0.04119,0.550881,1
0.035457,0.56942,1
0.0439,0.565493,1
0.039252,0.016202,0
0.035177,0.536099,1
0.035427,0.555755,3
0.042863,0.568836,1
0.036157,0.57816,1
0.041941,0.557549,1
0.037643,0.55063,1
0.043223,0.637767,1
0.040216,0.557921,1
0.042891,0.54874,1
0.037967,0.558059,1
0.033919,0.552903,1
0.042629,0.552707,1
0.041417,0.55254,1
0.037775,0.564201,1
0.040975,0.563602,1
0.045579,0.582032,2
0.038888,0.59331,1
0.06445,0.559248,1
0.072572,0.593966,1
0.071731,0.568662,1
0.067599,0.626322,1
0.065802,0.577877,1
0.069406,0.593022,1
0.069242,0.633582,1
0.037905,0.608021,1
0.040457,0.583412,1
0.03695,0.606349,1
0.037945,0.738605,1
0.039042,0.575606,1
0.039882,0.613757,1
0.036335,0.717862,2
0.048295,0.498198,3
0.053429,0.527374,3
0.04732,0.500476,2
0.05106,0.541244,2
0.04723,0.504565,2
0.047324,0.532627,2
0.045045,0.540345,2
0.04738,0.522245,2
0.044762,0.561509,2
0.052712,0.544075,2
0.05015,0.541164,2
0.048553,0.55381,2
0.050072,0.596794,2
0.047212,0.553361,2
0.062003,0.576456,2
0.059395,0.557022,2
0.082059,0.503652,1
0.097749,0.578284,1
0.081161,0.588377,1
0.080763,0.61575,1
0.078329,0.284929,0
0.042334,0.021129,0
0.035519,0.03238,0
0.040483,0.514659,1
0.061211,0.521193,3
0.043367,0.501878,3
0.053375,0.537693,3
0.049489,0.514993,2
0.048195,0.539947,2
0.044987,0.530224,2
0.039416,0.018789,0
0.052996,0.524521,2
0.046283,0.53898,2
0.051256,0.539179,2
0.052725,0.541464,2
0.050435,0.537152,2
0.046015,0.535609,2
0.045953,0.551477,2
0.048506,0.548739,2
0.05973,0.550613,2
0.057865,0.573607,2
0.090753,0.559397,1
0.08537,0.577519,1
0.080848,0.585578,1
0.076324,0.259186,0
0.000741,0.000117,0
0.031607,0.581766,1
0.042232,0.573884,1
0.066991,0.642106,1
0.03713,0.523035,1
0.042353,0.518715,1
0.03549,0.514235,1
0.035434,0.513653,1
0.042213,0.520989,1
0.03773,0.559556,2
0.044185,0.530277,2
0.036396,0.522433,1
0.034855,0.528752,1
0.034383,0.544002,1
0.040506,0.534706,1
0.043644,0.572054,1
0.041017,0.545254,1
0.036044,0.536482,1
0.038382,0.538307,1
0.042389,0.556439,1
0.038685,0.016653,0
0.034082,0.556157,3
0.039504,0.553835,1
0.042769,0.538337,1
0.038756,0.541655,1
0.039787,0.567789,1
0.038763,0.559665,1
0.042449,0.567011,1
0.042543,0.562887,1
0.040311,0.580957,1
0.042921,0.613214,1
0.034926,0.559096,1
0.040425,0.562651,1
0.039048,0.56099,1
0.038537,0.577925,1
0.042242,0.567157,2
0.044028,0.593188,1
0.060388,0.584543,1
0.075678,0.646829,1
0.06604,0.586361,1
0.06401,0.577645,1
0.064726,0.574839,1
0.069656,0.595114,1
0.06404,0.614208,1
0.041823,0.616878,1
0.039341,0.584385,1
0.042056,0.625353,1
0.035402,0.873004,1
0.044609,0.630926,1
0.041949,0.61085,1
0.039092,0.762913,2
0.042963,0.506493,3
0.051107,0.549658,3
0.053537,0.531327,2
0.046081,0.527929,2
0.042761,0.543512,2
0.058308,0.547669,2
0.048105,0.541878,2
0.048368,0.550268,2
0.043099,0.559701,2
0.046823,0.530786,2
0.047058,0.549123,2
0.046455,0.550595,2
0.046426,0.553627,2
0.048413,0.538758,2
0.04356,0.01897,0
0.059436,0.600338,2
0.054091,0.556161,2
0.085856,0.560839,1
0.084193,0.569142,1
0.080362,0.598215,1
0.077618,0.5661,1
0.079779,0.298344,0
0.03829,0.038082,0
0.000469,0.000119,0
0.067775,0.581036,1
0.081847,0.583114,1
0.061966,0.612774,1
0.065262,0.580622,1
0.068446,0.595976,1
0.067117,0.605981,1
0.036828,0.607998,1
0.039254,0.019048,0
0.041582,0.588724,1
0.037406,0.578553,1
0.038491,0.781032,1
0.039521,0.594076,1
0.035369,0.586422,1
0.038389,0.60509,1
0.036341,0.655273,2
0.049735,0.499955,3
0.046988,0.506055,3
0.045464,0.519499,2
0.047342,0.497432,2
0.04787,0.514686,2
0.047395,0.502707,2
0.044778,0.506922,2
0.051266,0.527582,2
0.040926,0.018065,0
0.043978,0.5419,2
0.053537,0.5395,2
0.043429,0.541448,2
0.045227,0.570727,2
0.044092,0.550149,2
0.050159,0.551507,2
0.061984,0.589866,2
0.054882,0.574934,2
0.082912,0.580498,1
0.075013,0.53072,1
0.076044,0.552544,1
0.076678,0.581257,1
0.072634,0.243686,0
0.000543,0.000111,0
0.037098,0.532638,1
0.036767,0.549926,1
0.040664,0.538505,1
0.037339,0.036092,0
0.039481,0.545931,1
0.033303,0.548922,1
0.034501,0.546071,1
0.034857,0.530232,1
0.034691,0.557066,2
0.041782,0.564412,1
0.054518,0.543994,1
0.059457,0.583426,1
0.07039,0.594787,1
0.064579,0.59094,1
0.062289,0.581837,1
0.061542,0.56866,1
0.061466,0.623744,1
0.037318,0.580321,1
0.040526,0.59023,1
0.03886,0.55889,1
0.041212,0.720572,1
0.039772,0.559881,1
0.038128,0.56111,1
0.038654,0.552524,1
0.038722,0.667802,2
0.04785,0.478692,3
0.056911,0.495771,3
0.045718,0.498633,2
0.046276,0.478501,2
0.050249,0.494885,2
0.047987,0.522923,2
0.04101,0.497771,2
0.044689,0.528489,2
0.048415,0.529972,2
0.046535,0.514511,2
0.051127,0.526916,2
0.049062,0.55834,2
0.044959,0.529331,2
0.05207,0.557847,2
0.053133,0.536252,2
0.061259,0.550192,2
0.086079,0.542184,1
0.086758,0.538581,1
0.077488,0.569507,1
0.068979,0.533236,1
0.077538,0.290915,0
0.000317,0.000131,0
0.038262,0.474201,1
0.043892,0.487613,3
0.047507,0.495269,3
0.049892,0.516271,3
0.042438,0.497186,2
0.051993,0.510058,2
0.05072,0.519704,2
0.045595,0.531522,2
0.047241,0.504831,2
0.044492,0.525573,2
0.05259,0.516736,2
0.04647,0.550643,2
0.043601,0.540247,2
0.045106,0.530548,2
0.043137,0.534312,2
0.053786,0.536714,2
0.059724,0.549223,2
0.089178,0.528412,1
0.036468,0.040054,0
0.076543,0.585693,1
0.080924,0.542279,1
0.084157,0.555226,1
0.080149,0.273167,0
0.000232,0.000119,0
0.034427,0.059116,0
0.000471,0.000116,0
0.035053,0.065794,0
0.031297,0.444254,1
0.043954,0.448655,2
0.040441,0.466591,2
0.038275,0.464348,2
0.037934,0.433869,2
0.046364,0.468452,2
0.041627,0.459842,2
0.044213,0.476234,2
0.041365,0.487974,2
0.040897,0.491437,2
0.045311,0.486973,2
0.037809,0.466271,2
0.044522,0.481513,2
0.04274,0.50879,2
0.047372,0.495708,2
0.055643,0.503654,2
0.050748,0.491417,2
0.065671,0.507588,2
0.074825,0.532269,2
0.066729,0.511152,2
0.062232,0.469113,0
0.000273,0.000129,0
0.000219,0.000137,0
0.00028,0.000121,0
0.028751,0.340296,1
0.024267,0.370251,1
0.027954,0.348334,2
0.030148,0.354829,1
0.036809,0.377634,1
0.028373,0.355275,1
0.034165,0.361128,1
0.026275,0.368307,1
0.027271,0.388264,1
0.039079,0.370477,1
0.028239,0.373466,1
0.029468,0.372995,1
0.026683,0.382064,1
0.031059,0.403005,1
0.034562,0.382909,2
0.03401,0.379976,1
0.041318,0.397259,1
0.038117,0.394553,1
0.032563,0.413723,1
0.034001,0.379218,1
0.030903,0.368494,1
0.029565,0.381722,1
0.02744,0.388824,1
0.027675,0.41276,1
0.038251,0.433631,1
0.031476,0.408441,1
0.032841,0.40217,1
0.030869,0.429106,1
0.034971,0.413743,1
0.029397,0.430115,2
0.031214,0.448754,2
0.031118,0.479096,1
0.031367,0.442917,1
0.036237,0.462574,1
0.025675,0.435948,1
0.02814,0.437115,1
0.030313,0.44084,1
0.024864,0.453242,1
0.029409,0.455334,1
0.031979,0.468012,1
0.032575,0.456492,3
0.02681,0.447432,1
0.026417,0.436634,1
0.029664,0.442072,1
0.031808,0.457493,1
0.028933,0.436799,1
0.030458,0.447178,1
0.028484,0.454022,1
0.030194,0.473339,1
0.022687,0.024984,0
0.024529,0.46815,1
0.02893,0.470769,1
0.028135,0.497315,1
0.028239,0.478094,1
0.030091,0.470241,1
0.028605,0.469845,2
0.033007,0.473114,1
0.04341,0.488489,1
0.042784,0.491622,1
0.047266,0.477581,1
0.052439,0.48325,1
0.053592,0.483227,1
0.048181,0.516886,1
0.053039,0.477527,1
0.049852,0.50098,1
0.05741,0.564775,1
0.032039,0.510344,1
0.029848,0.502678,1
0.025788,0.028359,0
0.027726,0.490809,1
0.031365,0.698278,1
0.032884,0.482457,1
0.028183,0.508526,1
0.030995,0.484542,1
0.030797,0.572971,1
0.030514,0.416409,1
0.02831,0.423935,1
0.028614,0.431496,1
0.032038,0.449667,1
0.030967,0.434408,2
0.03186,0.458675,2
0.033524,0.482211,1
0.030845,0.47208,1
0.030707,0.457462,1
0.032724,0.470045,1
0.031798,0.477465,1
0.029843,0.460541,1
0.030393,0.029576,0
0.028921,0.459447,1
0.030808,0.422113,1
0.028843,0.473887,1
0.031614,0.497042,3
0.02802,0.473854,1
0.032199,0.472222,1
0.031945,0.483375,1
0.030799,0.472756,1
0.029926,0.470191,1
0.033204,0.507322,1
0.029451,0.475806,1
0.030145,0.47488,1
0.030405,0.500795,1
0.027464,0.472236,1
0.03399,0.494237,1
0.032351,0.460601,1
0.029491,0.486986,1
0.034101,0.497195,2
0.032324,0.029208,0
0.037382,0.504546,1
0.047465,0.517224,1
0.057725,0.507385,1
0.063221,0.511537,1
0.059715,0.518027,1
0.055233,0.505387,1
0.054381,0.50067,1
0.050578,0.544945,1
0.030442,0.540542,1
0.030524,0.515475,1
0.031299,0.534735,1
0.03166,0.685331,1
0.028735,0.506887,1
0.029934,0.512584,1
0.029408,0.501578,1
0.031249,0.581602,1
0.033985,0.428662,1
0.035052,0.439378,1
0.031955,0.421106,1
0.034121,0.435331,1
0.041302,0.469986,1
0.033632,0.411463,1
0.037042,0.445131,1
0.030024,0.456624,1
0.033828,0.449579,1
0.032089,0.439837,1
0.038918,0.462866,1
0.035339,0.460775,2
0.033415,0.476704,2
0.03697,0.470157,1
0.031641,0.462376,1
0.037561,0.486553,1
0.031846,0.477427,1
0.033713,0.496789,1
0.031406,0.479882,1
0.035148,0.482212,1
0.034335,0.492289,1
0.034049,0.524623,1
0.036611,0.481265,3
0.041191,0.525228,1
0.03279,0.505313,1
0.031884,0.477635,1
0.036562,0.507623,1
0.03133,0.492583,1
0.032198,0.478131,1
0.031917,0.486879,1
0.03383,0.503036,1
0.033157,0.503411,1
0.034025,0.514095,1
0.035065,0.504003,1
0.034174,0.504225,1
0.035127,0.507702,1
0.034274,0.525277,2
0.039084,0.51781,1
0.054667,0.533593,1
0.060731,0.558763,1
0.073523,0.520204,1
0.065306,0.53644,1
0.060709,0.550847,1
0.058691,0.558647,1
0.060688,0.54974,1
0.033013,0.543017,1
0.034583,0.526681,1
0.03831,0.517077,1
