OK
799.786002
166
Boogie Dump Took : 2.130013
0.008944
30.458664
4.10863557831325
106.062852,0,76.8975890000002,4.821983,16983,93,0.00108,105.175118,15,4,9
66.783968,0,77.990163,4.229794,17471,117,0.001242,65.675983,16,4,9
173.702084,0,59.9694989999998,10.637388,13965,128,0.001335,172.803832,13,8,18
53.874426,0,74.2350410000003,10.803584,16491,159,0.00152,52.824065,15,7,14
120.08537,0,66.3070400000001,13.393624,15312,127,0.001258,119.239259,14,9,15
115.217183,0,70.2484789999999,7.304206,15768,209,0.001637,114.080568,14,9,12
100.546395,0,73.6150930000004,12.605518,16472,147,0.001411,99.352532,13,7,21
150.92243,0,61.010268,8.638819,14236,142,0.001397,149.684907,11,7,13
