OK
1753.824723
308
Boogie Dump Took : 1.182932
0.005321
34.018738
5.24576032792207
202.208001,0,58.1621650000002,17.069801,23117,244,0.002226,200.704775,13,30,10
260.565515,0,51.4567300000003,14.276948,21456,248,0.002122,259.381164,12,28,11
240.327236,0,50.986027,14.196825,21895,214,0.001896,238.412564,15,24,13
201.265783,0,48.0548930000004,20.159525,19606,327,0.002715,199.542623,10,32,9
168.830835,0,45.2330200000003,11.766341,18479,224,0.001874,167.375913,12,21,11
217.321279,0,51.1963560000001,15.103218,22329,287,0.002497,215.802622,12,30,16
294.199044,0,34.4182679999999,22.926945,14987,292,0.002583,292.627426,8,28,14
226.721323,0,48.67115,10.994569,20333,214,0.001974,225.674928,11,22,9
