OK
2651.196114
416
Boogie Dump Took : 1.241315
0.005144
62.427897
6.19823675480769
259.760901,0,97.2892440000003,20.063556,36499,243,0.002188,258.01931,20,25,20
209.629106,0,89.5923410000001,25.842849,33346,288,0.00266399999999999,207.860607,16,32,15
184.58663,0,79.9650539999998,28.581622,29759,353,0.00306199999999999,183.101938,15,44,16
282.846888,0,81.0416780000003,21.757858,30407,287,0.00254299999999999,281.282061,18,37,17
193.178775,0,81.2907679999991,22.265494,30851,290,0.00263599999999999,191.622654,21,33,19
183.66194,0,111.342425,24.709641,40819,364,0.00315899999999999,182.014611,22,47,18
205.047407,0,70.3146820000001,31.256673,25448,337,0.00327899999999999,203.014998,12,36,19
200.732122,0,70.6808550000002,15.895515,26537,214,0.002017,199.402502,13,25,13
