OK
2948.679685
639
Boogie Dump Took : 1.186522
0.000596
54.206024
4.55706042879499
105.977919,0,47.3736250000003,24.90608,19164,419,0.003153,103.772309,18,56,17
114.287662,0,39.256509,34.203454,16719,394,0.00301999999999999,112.169612,15,69,16
117.513779,0,53.3633869999999,40.575685,20126,438,0.00342099999999999,115.142665,19,74,21
124.150692,0,46.5633670000001,25.715403,19067,383,0.00293599999999999,121.960478,19,60,16
90.689841,0,44.8003370000003,39.494428,18899,391,0.00311099999999999,87.976581,15,67,19
121.672785,0,54.6467599999999,24.622222,21568,300,0.002421,119.675728,20,50,13
128.582529,0,53.4441749999997,29.280836,21099,360,0.002795,126.196915,20,61,16
106.571433,0,37.0985200000002,39.323772,14937,354,0.00675499999999999,104.324971,14,62,22
