OK
961.081079
221
Boogie Dump Took : 3.71726
0.003721
29.127128
4.20653457918552
240.744732,0,67.181227,14.629093,21600,436,0.00336599999999998,238.777049,14,15,17
253.653587,0,62.1808310000001,13.469494,21181,424,0.003208,251.602832,15,12,18
241.561251,0,70.6465340000001,13.485981,23862,365,0.00282300000000001,239.46368,18,14,15
233.219752,0,77.8231490000005,12.24527,25898,278,0.002202,231.124528,19,7,20
258.143351,0,69.7223330000005,13.816902,24246,332,0.00259,256.41049,16,11,15
250.800081,0,67.9993519999999,10.779613,22864,377,0.005089,248.558438,17,9,13
259.913308,0,70.1125690000001,19.837515,22595,358,0.002678,258.299008,15,11,20
248.654827,0,83.0541340000001,14.740914,26614,285,0.00229,246.970409,20,8,16
