OK
812.117938
134
Boogie Dump Took : 3.280981
0.012296
58.144047
5.77560292537313
148.629867,0,135.646882,10.414586,20165,128,0.001185,147.491453,18,2,16
120.990364,0,132.576404,11.969489,21669,207,0.001712,119.893028,17,0,22
160.346391,0,136.807853,5.335003,21726,129,0.001219,159.406044,15,0,17
124.818899,0,132.143696,6.952684,20049,129,0.001234,123.594131,19,0,12
132.65942,0,118.883144,10.127413,18793,184,0.001724,131.5635,14,1,17
139.764575,0,132.241082000001,9.062958,19637,138,0.001402,138.674577,14,1,15
145.368373,0,131.580112,10.384002,20632,139,0.001339,144.59241,16,1,15
138.739255,0,136.179143,8.82582,20312,153,0.001627,137.815045,15,1,14
