OK
2449.825473
292
Boogie Dump Took : 1.865758
0.012882
55.504614
8.17376447945206
724.206693,0,143.217052,11.924184,35386,220,0.001816,723.028889,27,8,23
742.248645,0,148.333063,13.200042,35896,219,0.001663,740.569028,28,9,26
649.334104,0,218.768995999999,15.998709,34106,211,0.001842,641.986162,27,11,28
631.192167,0,251.974111,15.551954,32725,214,0.001754,623.037386,25,11,26
697.642449,0,149.047492999999,13.006047,36016,292,0.00250099999999999,695.853196,27,8,28
592.472699,0,431.669429000001,11.843289,31273,213,0.001801,573.654476,25,13,18
723.518177,0,200.558481,18.575824,34990,242,0.001962,720.147068,27,13,29
760.04879,0,147.373011000001,14.155082,35037,216,0.001903,758.310286,25,8,33
