OK
109.9952
86
Boogie Dump Took : 1.665997
0.017503
7.780586
1.21957029069767
25.222272,0,4.809433,0.357065,843,96,0.001211,24.790457,5,3,11
31.324658,0,7.20860900000001,0.427111,1201,76,0.001051,30.935105,9,2,9
39.127846,0,8.02640000000001,0.346531,1345,78,0.001207,38.725375,8,4,7
30.882422,0,6.22107100000001,0.355161,855,78,0.001152,30.501242,6,2,8
38.135722,0,8.202253,0.396297,1269,80,0.001212,37.651117,10,3,7
36.651502,0,10.474811,0.306077,1686,56,0.000981,36.277936,10,2,6
30.985729,0,8.056283,0.289335,1190,68,0.000972,30.58445,10,1,7
35.770162,0,9.322375,0.401019,1415,86,0.001214,35.354744,9,2,12
