OK
161.364716
90
Boogie Dump Took : 1.682611
0.023566
12.273439
1.63543347777778
90.964789,0,15.770569,0.555042,3263,62,0.000864,90.546781,9,1,9
94.144234,0,17.44798,0.478501,3574,62,0.00079,93.710901,12,1,9
85.290219,0,17.04279,0.588793,3503,84,0.00089,84.879584,11,1,13
85.215838,0,18.6574570000001,0.698001,3768,68,0.000966,84.779781,13,0,18
86.058993,0,16.903491,0.597779,3379,76,0.000841,85.665326,10,0,14
90.393139,0,17.167108,0.541015,3361,64,0.000748,89.94651,10,1,11
85.330526,0,18.665334,0.33476,3678,58,0.000811,84.779889,10,0,6
91.698401,0,17.552256,0.380562,3565,48,0.000721,91.305936,10,1,5
