OK
3274.720507
387
Boogie Dump Took : 1.273241
0.014516
78.945511
8.28751388113695
510.687046,0,106.866931,25.837246,36125,363,0.00430499999999999,508.862312,18,39,18
549.585305,0,71.4530130000004,22.483607,25356,281,0.00311999999999999,547.584606,13,27,16
557.983539,0,95.5044060000003,26.767712,34663,405,0.00338299999999999,555.808785,18,46,14
558.1336,0,63.6758619999998,30.204665,23587,303,0.00331699999999999,556.309953,14,34,12
594.403059,0,65.3889470000003,32.010258,23162,379,0.04232,592.053109,12,40,14
563.9553,0,72.4232079999996,24.108984,27068,359,0.00313099999999999,562.117517,15,32,19
497.284208,0,79.6248840000006,30.280955,29826,327,0.00291599999999999,494.817301,14,31,12
542.93154,0,60.0293590000002,14.104375,23274,233,0.00231199999999999,541.58907,11,23,10
