OK
369.868453
277
Boogie Dump Took : 1.296769
0.000459
8.970867
1.30347218772563
85.717076,0,35.484072,1.654593,9332,306,0.003652,84.9544,35,7,22
59.334806,0,19.139359,2.454346,5473,338,0.00403499999999999,58.728825,18,3,34
74.475692,0,29.03247,3.396504,7724,400,0.00531999999999999,73.84267,24,3,35
76.553608,0,28.7112829999999,2.326075,7850,416,0.004716,75.862765,29,10,29
80.648964,0,28.26022,2.035705,7982,280,0.003208,79.999724,26,7,32
82.624387,0,37.9398060000001,2.297593,10201,382,0.00444399999999999,81.917638,34,6,23
80.633384,0,30.8910779999999,1.994968,8311,306,0.003557,80.013215,28,7,24
72.030557,0,30.353233,2.152222,8416,336,0.003672,71.311175,33,7,28
