OK
655.04164
398
Boogie Dump Took : 3.315792
0.000507
15.749637
1.59811832914573
105.888542,0,35.8449139999998,6.431356,8927,602,0.00608599999999998,105.198044,19,31,15
111.518087,0,25.670068,11.26539,6292,650,0.00559299999999997,110.750141,14,32,21
95.385569,0,29.822277,8.463344,7471,656,0.00615799999999998,94.68723,14,35,14
114.660055,0,32.817085,6.14075,8308,608,0.00544999999999997,113.926992,16,31,19
109.482244,0,28.612132,8.14566,7316,638,0.00549199999999998,108.768924,15,34,17
111.002115,0,25.7712809999999,10.74458,5979,734,0.00688699999999997,110.212343,9,39,10
99.465273,0,37.4987680000001,6.59324700000001,9384,674,0.00581199999999998,98.743374,19,36,11
118.239495,0,23.288364,7.54199000000001,5767,702,0.00632499999999997,117.505415,14,40,13
