OK
88.822643
66
Boogie Dump Took : 3.177408
0.000258
8.750984
1.1953721969697
50.182081,0,8.573954,0.456461,2049,54,0.000748,49.782682,7,1,5
48.990637,0,7.024483,0.420781,1409,50,0.00063,48.623705,5,2,4
40.591608,0,8.47923499999999,0.900552,1871,112,0.001173,40.18406,4,0,19
45.894829,0,10.087789,0.463859,2352,40,0.000633,45.479451,9,0,10
49.481927,0,11.534511,0.391748,2443,38,0.000675,49.093919,9,2,3
44.780202,0,10.198312,0.429392,2193,52,0.000821,44.426866,8,1,6
47.403665,0,9.90043499999999,0.475005,2099,36,0.000623,47.026181,8,0,6
47.167717,0,12.40324,0.408057,2597,36,0.000648,46.797176,10,0,7
