OK
68.179146
69
Boogie Dump Took : 2.888694
0.001854
9.875162
0.89130347826087
8.541471,0.409599,1.35105,3.02971,585,382,0.00877,8.146686,2,0,31
22.541022,16.030319,7.309719,0.602309,3732,202,0.00705800000000001,22.101582,11,2,10
24.762293,14.289286,6.543036,0.622204,2892,198,0.010119,24.282519,9,1,5
27.745904,16.939619,7.937313,0.534882,3375,156,0.021119,27.273735,13,3,5
26.343609,19.779139,8.90467600000004,0.222126,3966,170,0.009797,25.852961,14,2,3
23.007287,16.847082,7.24913700000001,0.651354,3513,170,0.001102,22.51852,10,2,5
