OK
334.848931
130
Boogie Dump Took : 1.426761
0.003804
12.549781
2.46983901538462
117.634325,96.432468,30.728332,1.307251,9124,134,0.001029,117.141603,18,5,12
115.03583,103.947458,31.0774299999999,1.370944,9586,140,0.013449,114.632651,18,5,16
102.259517,81.206923,29.5554830000001,2.073938,7574,202,0.001236,101.802782,13,3,31
118.580697,106.723282,33.1168340000001,1.534557,9844,134,0.000957999999999999,118.046454,20,2,18
117.032182,93.658372,31.286614,1.214886,8794,132,0.000775999999999999,116.65121,17,5,13
125.946951,94.496289,28.422174,1.39761,8448,150,0.000899,125.525689,18,6,14
