OK
84.217833
78
Boogie Dump Took : 1.158465
0.000547
9.387159
1.02369523076923
38.412397,23.083914,10.376043,0.285535,3463,122,0.016651,38.114449,12,2,7
37.525492,19.260136,9.57134800000001,0.518061,3553,110,0.000743,37.208051,14,1,11
29.056976,19.541406,8.82778600000001,0.765498,2962,202,0.001122,28.737152,9,0,23
39.296357,19.140746,9.67960199999999,0.438849,3122,128,0.000839,38.982345,13,2,13
38.73843,19.695695,8.63464799999999,0.294545,3217,118,0.000739,38.483252,11,1,7
31.522767,17.768494,9.31417400000001,0.612048,2992,176,0.011536,31.215174,11,2,9
