OK
226.712341
89
Boogie Dump Took : 0.898755
0.000978
9.868987
2.43970719101124
101.753466,84.253394,24.3022579999999,1.147454,9590,174,0.0532290000000001,101.420393,15,2,10
94.085772,76.133288,21.8543939999999,1.878317,8997,256,0.0833220000000006,93.715714,15,3,12
94.249265,58.96543,17.149696,3.045131,7393,318,0.035436,93.882149,10,1,16
98.39936,53.668752,15.859367,4.990232,6633,384,0.107335000000001,98.042575,8,2,18
93.126599,75.044302,20.073049,1.336733,8565,164,0.008485,92.725206,12,5,8
101.75764,66.876608,18.649918,1.400113,7666,256,0.030643,101.397048,12,4,8
