OK
136.392431
48
Boogie Dump Took : 2.559736
0.006648
11.915006
2.57619570833333
82.434103,39.822356,10.6066,0.404449,3410,38,0.000737,82.148773,7,1,4
67.492311,46.216626,12.149482,0.849257,4118,84,0.010047,67.154831,8,1,9
73.1326,46.183121,12.088806,0.733803,3916,54,0.000409,72.81533,7,1,6
60.208935,44.438346,11.307324,0.739158,4078,144,0.018946,59.935449,5,0,14
68.915335,53.238932,13.518258,0.624113,4500,48,0.004299,68.657,10,1,5
69.628461,48.175636,12.031482,0.521455,3953,34,0.000303,69.326485,7,0,6
