OK
69.316337
52
Boogie Dump Took : 2.885738
0.037236
10.053141
1.18031805769231
21.298408,26.989633,13.35659,0.422416,3423,98,0.016212,21.013118,8,1,5
17.185559,12.88683,7.192046,1.266593,2191,148,0.00716500000000001,16.908802,7,0,17
25.558284,26.36671,12.412196,0.547736,3246,76,0.000505,25.269459,8,2,5
19.846814,22.452754,11.620316,0.712546,3115,182,0.000976,19.519488,6,1,11
27.831171,29.457286,13.8027,0.327538,3641,54,0.010447,27.515121,9,1,5
25.975915,29.081601,13.855866,0.424779,3613,60,0.010716,25.707618,8,1,3
