OK
120.393265
84
Boogie Dump Took : 1.191753
0.003078
8.516734
1.36491717857143
28.819554,31.745879,12.450974,0.992706,4070,198,0.019013,28.510551,14,4,7
22.371921,22.905556,9.416268,1.229514,3075,244,0.041982,22.029783,10,4,11
29.956507,32.503252,12.41555,0.76938,4176,182,0.044324,29.623503,13,1,14
16.095035,19.74406,7.46685300000001,1.490229,2591,362,0.054717,15.790057,5,3,16
24.177214,24.850657,11.175145,1.365686,3743,210,0.039184,23.787182,12,4,10
26.303375,36.811515,11.901898,0.878528,4279,198,0.016753,25.9889,11,3,7
