OK
1506.026017
812
Boogie Dump Took : 1.470215
0.000705
10.308334
1.83424769704434
44.468981,0,35.7964189999999,41.391103,15012,781,0.01463,42.845345,16,79,17
43.815764,0,24.518365,37.934903,10497,814,0.0414569999999999,42.399494,11,89,7
52.70133,0,23.010216,37.717119,9640,877,0.0233720000000001,51.343872,10,91,17
46.707645,0,17.23354,59.29095,7770,762,0.0217960000000002,45.286363,7,81,23
50.840726,0,24.701414,77.006846,10129,1086,0.0421119999999997,49.192078,12,98,11
51.10456,0,17.839294,60.071375,7343,1220,0.0189660000000001,49.545506,9,103,11
59.840938,0,43.4157569999999,46.496472,17518,796,0.02105,58.434938,19,87,5
39.010435,0,27.5426019999999,33.886741,11344,707,0.0398569999999999,37.697754,13,87,6
