NOK
8.597064
141
Boogie Dump Took : 0.913533
0.000191
0.56354
0.0526400425531915
0,0,0,0,0,0,0,2.463578,4,0,2
0,0,0,0,0,0,0,2.070538,3,0,2
0,0,0,0,0,0,0,1.577932,1,0,3
0,0,0,0,0,0,0,1.950788,2,0,3
0,0,0,0,0,0,0,2.919247,4,0,5
0,0,0,0,0,0,0,2.876612,5,0,3
0,0,0,0,0,0,0,2.504275,4,0,3
0,0,0,0,0,0,0,1.650652,6,1,7
0,0,0,0,0,0,0,2.334919,5,0,2
0,0,0,0,0,0,0,2.011234,3,0,3
0,0,0,0,0,0,0,2.35645,4,0,4
0,0,0,0,0,0,0,1.659046,2,1,4
0,0,0,0,0,0,0,2.675439,4,0,3
0,0,0,0,0,0,0,2.067595,4,0,5
0,0,0,0,0,0,0,1.916633,4,0,5
0,0,0,0,0,0,0,2.606455,5,0,3
0,0,0,0,0,0,0,1.91374,3,0,5
0,0,0,0,0,0,0,2.211049,6,0,3
0,0,0,0,0,0,0,1.740152,5,0,6
0,0,0,0,0,0,0,2.190948,4,0,3
0,0,0,0,0,0,0,2.382308,4,0,3
0,0,0,0,0,0,0,1.705349,4,1,6
0,0,0,0,0,0,0,2.671894,4,0,4
0,0,0,0,0,0,0,3.14267,4,0,2
0,0,0,0,0,0,0,1.909524,4,0,6
0,0,0,0,0,0,0,2.508571,3,0,3
0,0,0,0,0,0,0,3.076016,4,0,2
0,0,0,0,0,0,0,2.862456,3,0,2
0,0,0,0,0,0,0,2.525363,5,0,5
0,0,0,0,0,0,0,1.915852,6,0,7
0,0,0,0,0,0,0,2.836471,5,0,3
0,0,0,0,0,0,0,2.413212,4,0,4
#ALGO Details#
Best Algo splitMode:10
SplitMode:totalANDSplits
100:10
10:21
10:15
10:18
30:19
30:16
30:14
0:20