NOK
7.706448
151
Boogie Dump Took : 1.039841
0.000297
0.582351
0.0426278940397351
0,0,0,0,0,0,0,1.56582,1,0,4
0,0,0,0,0,0,0,2.271262,4,0,3
0,0,0,0,0,0,0,2.082089,2,0,2
0,0,0,0,0,0,0,2.375771,3,0,1
0,0,0,0,0,0,0,2.363616,4,0,4
0,0,0,0,0,0,0,2.141753,5,0,4
0,0,0,0,0,0,0,2.740922,5,0,3
0,0,0,0,0,0,0,1.769822,3,0,5
0,0,0,0,0,0,0,2.760275,7,0,4
0,0,0,0,0,0,0,1.826794,4,0,7
0,0,0,0,0,0,0,2.083944,5,0,4
0,0,0,0,0,0,0,2.494806,4,0,4
0,0,0,0,0,0,0,1.948843,5,0,8
0,0,0,0,0,0,0,2.383016,5,0,6
0,0,0,0,0,0,0,2.477904,7,0,4
0,0,0,0,0,0,0,2.647893,6,0,4
0,0,0,0,0,0,0,2.113212,5,0,4
0,0,0,0,0,0,0,1.621176,3,0,6
0,0,0,0,0,0,0,2.359992,4,0,4
0,0,0,0,0,0,0,2.726956,6,0,3
0,0,0,0,0,0,0,2.379534,4,0,3
0,0,0,0,0,0,0,2.441164,5,0,3
0,0,0,0,0,0,0,1.680171,2,0,5
0,0,0,0,0,0,0,2.346036,3,0,2
0,0,0,0,0,0,0,2.16537,4,0,4
0,0,0,0,0,0,0,2.313096,6,0,2
0,0,0,0,0,0,0,2.581064,4,0,3
0,0,0,0,0,0,0,1.688211,2,0,6
0,0,0,0,0,0,0,1.589068,5,0,7
0,0,0,0,0,0,0,2.09877,6,0,5
0,0,0,0,0,0,0,2.253688,5,0,5
0,0,0,0,0,0,0,2.591991,6,0,4
#ALGO Details#
Best Algo splitMode:100
SplitMode:totalANDSplits
100:10
10:18
10:20
10:23
30:18
30:15
30:16
0:23