ReachedBound
100.611124
664
Boogie Dump Took : 1.25592
0.000256
59.037089
2.71732171987952
48.933258,25.07381,6.532049,0.727551,3132,104,0.000934999999999999,48.086877,8,2,5
35.204503,40.65611,9.099251,0.454793,4133,94,0.000707,34.398813,10,2,4
33.1683,20.918527,5.28213799999999,0.955039,2411,176,0.001195,32.275604,4,1,7
37.513231,15.956162,4.791109,1.638364,2429,198,0.001158,36.395484,4,0,10
142.20164,307.869295,41.5877379999999,6.389009,20698,214,0.001106,140.454857,21,5,13
132.357109,226.014336,31.342353,14.31391,15868,243,0.001325,130.044238,13,6,22
147.830541,275.70841,35.371251,8.526036,16592,166,0.003027,146.14067,15,3,16
176.784894,236.515583,33.8549640000001,6.219653,17113,229,0.002122,174.776155,16,5,13
499.608831,672.068107,78.2533640000006,21.191828,41072,264,0.001317,496.662184,28,6,34
454.543906,776.093514,90.834321,16.852235,44652,222,0.001141,451.776129,35,5,28
493.866048,710.265155,84.9482839999997,14.92939,42616,243,0.001226,491.461141,32,3,29
540.484093,607.053287,72.0400360000006,18.747954,38016,254,0.001325,537.643779,28,5,31
267.657399,236.632983,38.8054730000003,8.028339,19832,224,0.00118,265.606496,17,5,15
227.567971,263.953132,43.460634,8.223731,22259,221,0.001157,225.747987,21,3,15
238.914254,235.70962,35.447868,11.02883,19628,238,0.001294,236.557168,14,5,18
223.062358,253.818044,38.1394390000001,11.11486,20175,232,0.001332,220.756225,14,6,17
117.609692,167.619954,28.383842,4.570666,12240,144,0.000945999999999999,116.284384,10,1,11
105.221586,182.477561,35.8689270000001,4.644336,12995,120,0.000754,104.182541,13,2,11
106.981365,166.827409,27.4743949999999,7.698194,12211,177,0.00113,105.257244,10,2,16
122.086698,174.108423,33.5242790000001,3.887128,13911,132,0.000834999999999999,121.206658,14,1,8
134.265616,155.156683,21.798212,7.111504,10345,162,0.001101,132.736736,11,2,15
127.624452,190.191891,32.697689,3.236142,14982,130,0.004704,126.534025,17,1,11
144.504342,122.222864,20.8165500000001,8.48787,9880,203,0.001093,143.286718,10,5,18
127.579909,171.102735,27.061101,3.896884,12596,135,0.00239,126.475767,16,4,9
66.272215,86.321296,15.729259,5.848034,8087,154,0.000991999999999999,65.017187,8,1,14
29.933646,113.544099,19.646573,4.915791,9439,163,0.000927999999999999,28.710217,9,3,13
59.418093,136.241044,25.4265600000001,2.637608,11512,129,0.000838,58.499511,14,2,8
46.721991,104.939387,20.2657540000001,3.628284,9520,138,0.000931999999999999,45.621446,12,3,7
0,0,0,0,0,0,0,168.552673,28,16,21
0,0,0,0,0,0,0,253.375134,18,9,26
0,0,0,0,0,0,0,207.357435,22,16,24
0,0,0,0,0,0,0,195.694935,23,18,19
#ALGO Details#
Best Algo splitMode:100
SplitMode:totalANDSplits
100:31
10:83
10:141
10:84
30:52
30:65
30:51
0:149