ReachedBound
58.24382
579
Boogie Dump Took : 1.991142
0.000717
81.079691
6.17885552504318
23.881326,6.349965,5.702476,0.427646,805,62,0.012436,23.228155,7,1,5
20.153223,4.797952,3.849261,0.598301,598,82,0.000868,19.270169,4,1,8
6.760229,3.918355,4.73564,0.425703,826,38,0.002098,6.258683,4,0,4
24.87803,6.163966,5.47288200000001,0.428616,832,56,0.012032,24.26482,7,1,5
0,0,0,0,0,0,0,9.160219,6,15,9
0,0,0,0,0,0,0,3.898193,8,12,9
0,0,0,0,0,0,0,10.257821,5,17,6
0,0,0,0,0,0,0,10.168439,9,17,3
0,0,0,0,0,0,0,9.068165,13,11,13
0,0,0,0,0,0,0,10.044425,16,11,9
0,0,0,0,0,0,0,3.650413,12,16,12
0,0,0,0,0,0,0,3.2954,8,17,14
0,0,0,0,0,0,0,228.279698,14,14,16
0,0,0,0,0,0,0,480.62519,14,14,20
0,0,0,0,0,0,0,29.304998,17,5,6
0,0,0,0,0,0,0,363.056411,11,12,13
39.580011,89.29767,29.2010130000001,1.648119,5703,59,0.038768,38.779569,8,2,7
87.748606,72.094214,29.2892660000001,3.291383,6642,54,0.003826,86.889136,12,2,10
79.595295,64.285598,23.6512270000001,1.532887,4748,52,0.005285,78.822097,9,1,8
67.216678,55.412161,21.6714129999999,2.489389,4471,73,0.029977,66.425599,6,0,9
185.106716,116.233613,33.6342720000001,2.359711,7870,59,0.002147,183.82351,13,2,7
130.164223,163.94221,33.9782430000001,3.204637,9513,80,0.016513,129.295354,8,1,12
197.056412,94.206048,26.6951889999999,5.766374,7178,79,0.010213,196.169388,8,3,13
158.654715,188.967428,44.1339199999999,4.379123,10900,55,0.00334,157.544026,12,2,8
22.812605,3.089386,6.850237,1.242091,1200,62,0.013392,22.047308,5,2,4
16.063686,26.501952,16.062712,0.697061,3284,50,0.007515,15.483459,8,0,8
21.088853,11.695848,10.061358,1.421421,2237,57,0.025023,20.09699,5,1,7
18.691013,19.485077,13.333045,0.950477,2559,49,0.035849,18.086231,8,0,6
0,0,0,0,0,0,0,12.207282,10,24,10
0,0,0,0,0,0,0,12.530408,9,25,10
0,0,0,0,0,0,0,3.809428,10,22,8
0,0,0,0,0,0,0,3.726615,7,13,7
#ALGO Details#
Best Algo splitMode:100
SplitMode:totalANDSplits
100:25
10:92
10:106
10:100
30:39
30:48
30:28
0:133