OK
5.560452
18
Boogie Dump Took : 4.020994
0.001486
0.418385
0.0737383333333333
0,0,0,0,0,0,0,0,0,0,1
0,0,0,0,0,0,0,0.813836,1,0,0
0,0,0,0,0,0,0,0,0,0,0
0,0,0,0,0,0,0,0,0,0,0
0,0,0,0,0,0,0,0.524435,1,0,1
0,0,0,0,0,0,0,0.074323,1,0,1
0,0,0,0,0,0,0,0.885862,1,0,0
0,0,0,0,0,0,0,0,0,0,0
0,0,0,0,0,0,0,0.000155,1,0,1
0,0,0,0,0,0,0,0.441752,1,0,1
0,0,0,0,0,0,0,0.820456,1,0,0
0,0,0,0,0,0,0,0,0,0,0
0,0,0,0,0,0,0,0.000192,1,0,1
0,0,0,0,0,0,0,0.355601,1,0,1
0,0,0,0,0,0,0,0.726733,1,0,0
0,0,0,0,0,0,0,0,0,0,0
0,0,0,0,0,0,0,0.000276,1,0,1
0,0,0,0,0,0,0,0.867616,1,0,0
0,0,0,0,0,0,0,0,0,0,0
0,0,0,0,0,0,0,0,0,0,0
0,0,0,0,0,0,0,0.000301,1,0,1
0,0,0,0,0,0,0,0.718564,1,0,0
0,0,0,0,0,0,0,0,0,0,0
0,0,0,0,0,0,0,0,0,0,0
0,0,0,0,0,0,0,0.0002,1,0,0
0,0,0,0,0,0,0,0,0,0,0
0,0,0,0,0,0,0,0,0,0,0
0,0,0,0,0,0,0,0,0,0,0
0,0,0,0,0,0,0,0.000175,1,0,1
0,0,0,0,0,0,0,0.386631,1,0,0
0,0,0,0,0,0,0,0,0,0,0
0,0,0,0,0,0,0,0,0,0,0
#ALGO Details#
Best Algo splitMode:100
SplitMode:totalANDSplits
100:1
10:2
10:2
10:2
30:1
30:1
30:0
0:1