ReachedBound
814.577429
1237
Boogie Dump Took : 1.593473
0.000295
52.774162
2.90020861519806
200.736451,319.985642,53.189689,6.54914999999999,15286,604,0.0946520000000001,195.464718,24,10,21
137.58181,267.368537,43.3869990000001,6.094712,12279,476,0.179058000000001,133.368631,16,10,18
207.313212,310.264838,56.8652140000003,13.915383,14133,470,0.323326999999999,198.878659,23,18,14
156.353112,313.955537,53.3153439999999,14.338553,15100,710,0.538362999999999,148.861732,17,12,27
0,0,0,0,0,0,0,398.499878,15,22,14
0,0,0,0,0,0,0,492.598275,15,32,14
0,0,0,0,0,0,0,730.780361,11,30,20
0,0,0,0,0,0,0,479.469709,18,29,10
192.744451,438.758705,61.3959970000004,91.00659,21218,274,0.281013999999999,188.448489,10,25,9
184.602404,216.573715,44.2651059999997,108.113921,16604,411,0.218770000000001,179.102168,7,33,10
269.945475,268.851862,51.1982960000004,113.522003,18191,388,0.308846999999998,265.393797,10,36,8
22.170289,379.701676,58.981699,88.033115,20763,363,0.163440000000001,16.907572,9,36,8
0,0,0,0,0,0,0,386.853245,14,27,11
0,0,0,0,0,0,0,642.986304,15,28,12
0,0,0,0,0,0,0,408.68591,12,38,11
0,0,0,0,0,0,0,411.478603,10,32,16
247.977953,456.568095,62.755804,18.536068,19342,217,0.305832,242.549267,10,13,9
286.107164,404.426087,53.5230749999998,22.629584,17792,306,0.183287000000001,281.141772,9,18,8
344.341305,254.552952,49.528491,42.898256,15789,355,0.214880000000001,337.077173,10,20,15
384.660923,457.082158,63.6404889999998,11.568925,19594,215,0.153815,381.593979,12,9,8
0,0,0,0,0,0,0,1085.076516,16,17,10
0,0,0,0,0,0,0,1481.000232,14,14,14
0,0,0,0,0,0,0,1459.082896,13,12,19
0,0,0,0,0,0,0,1007.484232,15,19,14
0,0,0,0,0,0,0,1067.579105,20,15,14
0,0,0,0,0,0,0,871.999384,17,13,23
0,0,0,0,0,0,0,1095.1721,20,17,16
0,0,0,0,0,0,0,921.510619,17,18,20
0,0,0,0,0,0,0,1.877605,8,41,6
0,0,0,0,0,0,0,1.437889,8,46,8
0,0,0,0,0,0,0,1.79894,6,39,12
0,0,0,0,0,0,0,1.472848,8,69,3
#ALGO Details#
Best Algo splitMode:100
SplitMode:totalANDSplits
100:130
10:171
10:165
10:176
30:100
30:119
30:136
0:232