ReachedBound
146.30328
492
Boogie Dump Took : 4.399966
0.000184
25.965344
1.08110914227642
106.528436,73.792165,26.9862789999999,1.268422,4870,70,0.014537,105.521723,10,1,7
111.029794,78.314638,27.404528,0.768357,4648,42,0.001656,110.322283,10,1,4
99.289474,70.446877,25.787974,1.900263,4231,66,0.009105,98.537417,9,2,6
86.663859,58.39384,21.383183,2.685508,3770,154,0.057655,85.554955,5,1,17
63.256835,107.60224,49.3373669999999,4.668737,8650,170,0.263032,61.632423,15,4,11
56.843171,44.25933,26.597208,4.277442,4499,148,0.091627,55.420151,11,3,10
45.685808,103.156682,42.5636449999999,2.963173,8148,107,0.025621,44.638104,13,3,10
36.027998,76.201427,36.5336050000001,6.026825,6945,187,0.0481339999999999,34.408653,11,3,18
152.574291,161.043192,67.5000670000003,4.985359,15170,107,0.030029,151.361325,16,3,12
162.383259,166.261728,71.310445,6.041916,15511,115,0.042498,161.0415,17,3,14
150.352822,212.121019,89.6547020000004,5.926603,18826,134,0.11068,148.881997,19,2,14
145.198021,136.387178,59.8525939999998,10.109697,14026,153,0.0734920000000002,143.36577,13,2,24
125.342554,143.912335,57.2448800000001,6.093806,11378,143,0.0477389999999999,123.739136,23,3,24
111.040544,153.141778,57.266068,5.990393,11755,167,0.109817,109.03906,25,3,20
108.923708,153.82889,60.302917,4.766855,12446,155,0.0961790000000002,107.272195,24,2,21
107.528415,123.896193,50.0161270000001,8.58130899999999,10848,176,0.0307620000000001,105.590251,20,4,26
48.787005,59.347577,29.923903,3.518035,4858,83,0.046607,47.928334,11,1,10
24.669387,84.900059,36.4119900000001,2.735783,5194,89,0.015826,23.453312,7,1,11
49.237995,87.549822,39.926952,2.020772,5550,72,0.00465,48.351273,9,1,6
31.887542,77.958482,37.5338999999999,2.28452,5366,91,0.012664,30.808465,8,1,7
107.624589,150.988285,50.6720050000001,1.652145,8670,53,0.00438,106.624115,9,1,4
104.679735,95.134013,37.1640209999999,5.830418,6585,103,0.009271,103.449407,8,2,8
83.014466,98.693464,37.6209159999999,6.62188,7061,115,0.0592629999999999,81.989368,6,1,15
117.957583,119.302232,43.6113760000002,2.214699,7896,58,0.001579,117.029154,11,0,6
34.416669,68.63892,31.096823,0.997175,5302,61,0.013442,33.6247,11,0,4
21.609043,54.089879,26.6540929999999,2.948817,4768,92,0.08001,20.624037,9,1,11
35.308203,18.92549,14.414584,3.458177,2437,121,0.032119,34.198476,3,3,9
35.985899,63.424766,28.487755,1.316785,4342,79,0.030267,35.101034,6,2,4
0,0,0,0,0,0,0,142.269983,29,1,19
0,0,0,0,0,0,0,117.044191,22,3,21
0,0,0,0,0,0,0,86.801566,23,2,22
0,0,0,0,0,0,0,110.500094,18,0,29
#ALGO Details#
Best Algo splitMode:30
SplitMode:totalANDSplits
100:39
10:62
10:74
10:103
30:38
30:37
30:34
0:97