ReachedBound
168.525171
482
Boogie Dump Took : 0.996732
0.000134
117.315246
3.23756874273859
34.796556,24.153673,12.224771,2.60578,3129,218,0.018305,32.195684,13,4,8
25.301226,20.926897,10.418686,1.668144,2772,264,0.102594,23.651307,9,4,14
32.672782,21.281952,11.461919,1.35529,2614,274,0.039824,30.621698,9,5,8
25.421651,18.950337,10.27057,1.624883,2336,242,0.025045,23.927914,9,5,10
187.999741,19.691827,8.865537,2.683417,3928,118,0.024303,186.840666,8,3,13
22.345487,37.703895,14.429428,2.757178,6668,140,0.016208,20.724919,11,5,12
152.949158,32.694828,14.434576,2.386766,5419,113,0.042774,151.797231,13,4,8
179.177385,49.335757,17.729652,2.531238,8082,114,0.000828999999999999,177.939752,13,4,11
38.453925,37.153656,15.56244,2.705581,5188,121,0.00984500000000001,36.488929,10,4,9
18.201908,36.168263,13.899252,4.151211,6018,155,0.0287170000000001,16.314044,10,6,14
20.678376,22.007651,9.67322600000003,2.274088,3325,118,0.047539,19.387155,7,4,9
68.961967,50.667231,19.584337,2.588271,7271,119,0.020115,67.213718,13,4,7
95.451234,67.302176,20.004606,3.165465,8963,105,0.0688170000000001,94.243038,15,4,10
101.395904,57.931467,16.674277,4.339884,7563,127,0.03133,99.84483,10,4,14
43.375249,55.088244,16.855921,3.324571,7599,127,0.034457,42.059879,11,4,13
128.08841,85.115146,27.124248,4.545443,12169,179,0.020359,126.492358,16,9,14
177.885036,79.687954,23.581294,4.531545,7978,119,0.014399,176.452316,11,3,16
150.636541,104.421725,29.473664,4.066368,10930,133,0.022445,148.817919,14,3,14
148.358995,109.734813,34.419795,3.438227,11910,123,0.040912,146.562608,17,4,11
148.942398,84.681719,25.363237,4.090144,9616,159,0.021073,146.568905,10,5,10
144.43191,53.522735,17.390368,2.39462,6261,115,0.006163,143.025111,11,3,9
133.520636,47.94951,15.467708,2.345105,5258,140,0.047383,132.025872,9,4,10
166.589073,37.478559,14.5638860000001,2.695888,4690,120,0.031429,165.322182,11,3,9
148.553355,33.748181,11.816142,2.442185,3806,96,0.032006,147.541953,8,4,10
134.170873,52.51892,18.753795,2.073891,6556,123,0.010799,132.869597,13,3,6
130.522567,47.800811,16.422771,3.241475,5660,104,0.064259,129.374946,8,4,11
81.68771,62.091669,19.074994,2.611956,6913,97,0.004815,80.352457,10,3,12
119.491748,58.817915,19.265138,3.962043,7160,163,0.0397619999999999,117.668052,10,5,11
0,0,0,0,0,0,0,28.825098,10,3,8
0,0,0,0,0,0,0,15.728382,10,4,10
0,0,0,0,0,0,0,40.016481,11,4,11
0,0,0,0,0,0,0,56.917856,10,3,11
#ALGO Details#
Best Algo splitMode:100
SplitMode:totalANDSplits
100:58
10:60
10:57
10:72
30:66
30:52
30:55
0:54