OK
784.818364
409
Boogie Dump Took : 1.107667
0.000198
75.825206
1.78769919804401
22.795489,17.596131,10.900542,0.868544,2639,138,0.018892,21.675749,16,2,13
21.418512,13.172788,8.35364900000001,1.419602,1975,240,0.019513,20.231386,10,2,22
37.373913,13.930758,9.056422,0.537315,2129,96,0.024519,36.635552,16,1,10
32.764353,17.323789,10.293622,0.57724,2525,130,0.00475799999999999,31.83553,15,0,12
132.642155,132.190886,28.642218,6.223806,9975,60,0.000592,131.38907,9,1,11
190.906709,114.673637,26.336362,2.569067,8495,38,0.001302,190.203059,12,0,8
147.303193,135.296501,28.6337749999999,5.38045,8609,58,0.025617,146.377434,10,1,11
160.129109,142.953026,28.966121,4.617296,9961,45,0.000521,159.163322,11,0,11
0,0,0,0,0,0,0,55.95295,11,2,13
0,0,0,0,0,0,0,2.687603,6,0,4
0,0,0,0,0,0,0,47.016181,10,0,14
0,0,0,0,0,0,0,16.473268,12,1,7
102.667029,262.663657,38.1975799999998,13.90143,11492,74,0.014274,101.178835,14,3,17
188.247508,253.480976,42.3587039999999,6.102474,14336,53,0.00047,187.082909,17,0,12
183.992172,281.741305,40.9751280000001,4.394585,14177,58,0.006841,182.998858,14,0,12
159.229125,224.40714,35.632577,11.83017,12620,82,0.007716,157.396774,10,3,13
26.062962,29.421639,11.797145,0.950014,4144,58,0.005209,25.304708,9,0,11
29.053149,35.146338,13.833576,0.863336,4315,44,0.000672,28.290863,12,0,11
34.74157,26.85735,12.180911,0.835596,3937,65,0.000655,33.832278,11,0,9
29.791491,32.815506,12.840878,1.322706,4453,51,0.020728,28.871947,11,0,11
26.159445,26.429303,13.729366,1.366141,4029,62,0.012988,24.93123,15,0,12
24.031922,33.372397,16.423447,0.799087,4979,58,0.00908600000000001,23.129755,15,0,11
16.326943,17.686153,10.871965,1.618005,3389,106,0.00848,15.361759,8,0,17
27.445532,24.221846,11.88324,0.853980000000001,3688,58,0.029649,26.571921,13,0,10
6.661048,5.019018,4.709881,0.628118,1533,44,0.000425,6.002501,8,0,7
8.829222,1.761495,2.774498,0.550351,927,53,0.00748099999999999,8.139759,6,1,6
6.680266,7.721901,5.199523,0.655421,1738,42,0.000442,6.010623,6,0,8
12.106134,10.492963,6.43951,0.521618,1939,25,0.002203,11.493134,8,0,6
0,0,0,0,0,0,0,85.168618,18,1,17
0,0,0,0,0,0,0,168.260424,15,1,23
0,0,0,0,0,0,0,202.019325,20,2,15
0,0,0,0,0,0,0,175.588629,18,1,15
#ALGO Details#
Best Algo splitMode:0
SplitMode:totalANDSplits
100:62
10:43
10:41
10:60
30:42
30:50
30:28
0:75