NOK
33.97104
211
Boogie Dump Took : 2.299405
0.000246
1.594756
0.148886142180095
0,0,0,0,0,0,0,2.054928,2,0,2
0,0,0,0,0,0,0,2.229287,2,2,2
0,0,0,0,0,0,0,2.073657,1,3,0
0,0,0,0,0,0,0,1.674637,2,3,3
0,0,0,0,0,0,0,3.172765,7,1,6
0,0,0,0,0,0,0,2.937105,5,1,5
0,0,0,0,0,0,0,3.2311,7,2,4
0,0,0,0,0,0,0,2.481916,5,0,8
0,0,0,0,0,0,0,2.293103,4,2,5
0,0,0,0,0,0,0,2.862646,3,1,4
0,0,0,0,0,0,0,3.393226,4,1,3
0,0,0,0,0,0,0,3.095489,5,2,3
0,0,0,0,0,0,0,3.187148,7,2,5
0,0,0,0,0,0,0,3.072445,6,1,6
0,0,0,0,0,0,0,2.354639,5,2,8
0,0,0,0,0,0,0,3.331213,7,2,5
0,0,0,0,0,0,0,2.640923,5,1,3
0,0,0,0,0,0,0,2.419527,3,0,4
0,0,0,0,0,0,0,2.02984,4,2,4
0,0,0,0,0,0,0,2.504069,2,1,2
0,0,0,0,0,0,0,3.141681,7,1,5
0,0,0,0,0,0,0,3.188541,6,2,4
0,0,0,0,0,0,0,2.779835,5,1,5
0,0,0,0,0,0,0,2.255527,4,2,7
0,0,0,0,0,0,0,2.320421,3,2,3
0,0,0,0,0,0,0,2.525726,2,1,2
0,0,0,0,0,0,0,2.596217,3,2,1
0,0,0,0,0,0,0,2.128511,2,1,3
0,0,0,0,0,0,0,3.131149,7,1,8
0,0,0,0,0,0,0,2.4968,6,2,9
0,0,0,0,0,0,0,3.125939,8,2,6
0,0,0,0,0,0,0,3.256528,8,0,5
#ALGO Details#
Best Algo splitMode:100
SplitMode:totalANDSplits
100:18
10:30
10:22
10:32
30:20
30:28
30:17
0:36