ReachedBound
71.170955
540
Boogie Dump Took : 1.263527
0.000164
70.458832
2.3449182037037
27.768978,18.500188,8.379439,0.471797,2123,70,0.000818,27.140044,10,1,7
25.817556,18.970665,8.59092300000002,0.485015,1918,62,0.000565,25.356721,6,0,8
31.578409,18.443381,7.588147,0.508471,1744,80,0.000719,31.058205,6,0,10
28.218846,17.577274,8.89639999999998,0.351805,2009,66,0.000553,27.783446,9,1,6
78.715624,139.353456,31.268276,3.731306,10360,149,0.000998,76.476816,21,4,16
74.515208,116.668787,25.923534,4.75767,8562,159,0.000922999999999999,73.278265,16,4,24
49.888709,185.795161,39.844547,3.135752,12726,133,0.000775999999999999,48.428835,22,2,20
49.690564,159.159169,34.8163559999999,2.080069,10773,152,0.000947999999999999,47.487896,18,3,16
53.883297,86.352956,23.1508139999999,2.202084,7816,130,0.000774999999999999,52.761976,15,2,11
35.220088,75.218822,21.720854,2.417771,7003,108,0.00073,34.290834,10,3,16
56.446106,58.282485,16.40505,1.694725,5964,125,0.000732999999999999,55.450126,13,3,12
68.435251,65.966323,19.748269,1.737464,6880,127,0.000801999999999999,67.02314,13,3,11
0,0,0,0,0,0,0,306.984042,22,3,18
0,0,0,0,0,0,0,263.421871,20,1,26
0,0,0,0,0,0,0,343.664692,23,1,22
0,0,0,0,0,0,0,339.82925,22,4,20
132.990607,123.149785,31.1594429999998,2.06804,9699,104,0.000708,132.077432,12,1,18
94.731519,127.774171,33.2107169999998,2.480271,10656,101,0.000682999999999999,93.516693,15,2,12
87.423506,134.876286,32.8049549999999,2.220221,10678,95,0.000636,86.566544,15,0,13
92.829441,140.306881,34.691528,2.12974,11162,112,0.000843,91.557035,14,0,12
43.437239,52.848012,19.102388,1.596374,5731,98,0.000705,42.268901,13,0,10
30.207908,71.735038,22.655626,1.756586,6927,118,0.000764999999999999,29.247613,12,1,12
20.402176,86.78519,26.83723,1.455547,7579,65,0.000609,18.58629,15,0,12
53.801106,63.476733,20.450576,1.20813,6111,94,0.000717,53.075942,9,1,14
131.734165,247.827219,51.2037320000004,4.073258,14781,149,0.001034,130.368189,18,3,25
168.972217,210.992743,47.6903360000001,3.03456,12805,122,0.00095,167.663163,19,0,18
109.262085,240.17497,49.7554920000001,2.612726,14698,103,0.000807,106.7909,23,0,15
162.824233,190.94463,42.5035619999999,2.812719,11485,109,0.000796,160.740735,15,2,16
28.482799,86.652711,21.731152,4.180283,6327,212,0.016158,25.933326,14,1,16
24.746159,119.59077,28.235854,3.663826,7852,152,0.001064,23.26593,15,4,12
39.447473,136.675389,29.452641,2.859975,8968,174,0.001005,37.42155,14,2,16
52.497556,111.531259,29.1174659999999,3.771397,8058,142,0.001706,51.248993,14,4,12
#ALGO Details#
Best Algo splitMode:100
SplitMode:totalANDSplits
100:33
10:89
10:61
10:95
30:58
30:50
30:79
0:67