OK
111.045559
92
Boogie Dump Took : 1.777545
0.024004
7.338256
1.13234394565217
49.551127,0,11.503683,0.457928,2505,74,0.001138,49.124105,11,1,12
55.964216,0,10.873456,0.406803,2434,68,0.001072,55.385418,12,1,10
47.287086,0,9.54744399999998,0.528305,2005,92,0.001251,46.809247,10,2,13
53.619117,0,12.331099,0.410832,2711,62,0.000997,53.143833,13,0,9
51.30155,0,9.96131399999998,0.415794,2101,72,0.001094,50.850135,10,0,11
55.456701,0,9.39333799999998,0.727101,2018,66,0.00103,54.78022,10,1,11
49.497967,0,9.30933399999998,0.672079,1976,74,0.001028,48.86188,9,0,12
49.84989,0,10.057232,0.375503,2259,72,0.001052,49.427473,10,2,7
