OK
2484.269692
1097
Boogie Dump Took : 1.113935
0.001703
21.020998
2.24824085961714
114.278453,0,27.6537139999999,22.780774,8834,1672,0.282730999999999,111.491545,14,115,25
81.669108,0,35.151798,30.757119,11489,1774,0.0217280000000002,78.790573,18,128,18
101.897352,0,26.4934140000001,29.9233,8947,1640,0.0209730000000002,98.826225,13,110,24
116.40426,0,35.964563,18.882228,11519,1626,0.0204810000000002,113.605004,19,114,20
108.527159,0,56.3361780000001,16.614758,17193,1502,0.0177450000000001,105.07413,30,113,13
101.789026,0,35.574549,25.352566,11775,1690,0.0217920000000002,98.65044,19,120,19
100.813044,0,39.0350269999998,22.267486,12631,1958,0.0244230000000003,97.366293,20,134,8
113.62434,0,20.388946,24.508373,6895,1624,0.0203710000000001,111.025117,9,121,15
