OK
238.141677
154
Boogie Dump Took : 1.170963
0.012136
14.667802
1.4463815
50.918088,0,22.9473710000001,2.466245,9167,212,0.002081,50.259179,14,4,19
56.494435,0,25.4743410000001,2.117609,9558,186,0.001808,55.880298,16,4,11
42.576884,0,24.7831479999998,4.3695,9679,260,0.002451,41.385765,17,8,18
44.697917,0,19.284921,4.024397,7334,368,0.003166,43.920559,9,3,24
55.737275,0,23.368391,1.613019,9436,216,0.001878,55.127026,16,3,12
56.139835,0,22.812982,2.367626,8703,232,0.002198,55.46678,16,5,11
59.247241,0,19.874595,2.588787,7879,290,0.002534,58.638125,14,9,7
67.431687,0,23.257662,2.443237,9032,182,0.001738,66.699111,14,2,14
