OK
285.633282
137
Boogie Dump Took : 1.151122
0.003079
9.217723
1.97945956934306
125.274734,0,29.8157160000001,1.89452,9447,148,0.001483,124.524451,15,1,16
133.67325,0,23.677516,2.109413,7436,242,0.002146,133.055123,13,4,13
122.596027,0,27.166358,1.909409,8809,184,0.001718,121.950644,16,5,11
110.641509,0,27.361843,3.053497,8403,318,0.002618,109.701262,12,2,21
133.474753,0,26.8527989999999,1.943851,8439,244,0.002256,132.810679,14,2,13
136.088991,0,26.212429,1.759232,8033,190,0.001789,135.39679,15,3,12
131.722735,0,25.0997339999998,1.986698,7935,218,0.001983,131.087161,14,3,18
125.593757,0,29.0877300000001,1.312704,9407,124,0.001368,125.001687,16,2,11
