OK
1094.392728
669
Boogie Dump Took : 3.305854
0.00273
19.982735
1.60659560538117
76.978736,0,40.930577,12.515152,9818,1262,0.010371,74.988582,18,60,23
60.480973,0,45.1057539999999,18.825324,10522,1234,0.010981,58.079636,19,69,14
65.17416,0,40.8523649999998,14.490806,9553,1186,0.010784,63.308567,19,64,19
72.997297,0,37.62475,21.775107,9460,1182,0.00993099999999996,71.181304,18,63,19
74.313391,0,36.5652850000001,21.85584,8966,1328,0.011195,72.419986,14,74,11
72.871894,0,40.7821509999999,13.332612,9445,1270,0.011373,71.391147,15,64,19
69.86534,0,37.973065,22.862236,8632,1406,0.013062,67.824417,14,71,11
58.405515,0,40.9763240000001,17.888305,9507,1416,0.01265,56.230382,15,72,16
