OK
54.803667
61
Boogie Dump Took : 3.242697
0.001213
7.090875
0.775645672131148
18.038377,0,5.43975200000001,0.538019,1257,76,0.00092,17.613821,6,1,10
11.210198,0,8.96804700000001,0.490039,2111,74,0.000868,10.814809,9,1,8
21.75727,0,9.50406200000001,0.363663,2342,36,0.000588,21.376862,8,2,2
18.707743,0,5.487083,0.449836,1353,92,0.001005,18.326962,4,0,12
19.666849,0,8.519401,0.43239,2035,48,0.000772,19.23603,8,0,7
17.280128,0,6.768608,0.764052,1478,62,0.000825,16.687234,5,2,6
17.653696,0,6.26570200000001,0.253692,1488,40,0.000668,17.279477,6,1,2
16.280985,0,7.60406099999999,0.422377,1802,60,0.000808,15.896731,6,2,5
