37744640
36860

42872832
41868

48205824
47076

58646528
57272

59756544
58356

61829120
60380

67317760
65740

69730304
68096

74321920
72580

76652544
74856

78180352
76348

80863232
78968

82477056
80544

88264704
86196

94846976
92624

99680256
97344

102653952
100248

105631744
103156

110325760
107740

120340480
117520

123080704
120196

126414848
123452

132026368
128932

134705152
131548

138244096
135004

143089664
139736

146640896
143204

151912448
148352

153640960
150040

156852224
153176

159010816
155284

162344960
158540

165625856
161744

168062976
164124

169873408
165892

174153728
170072

177627136
173464

179298304
175096

181325824
177076

184479744
180156

185688064
181336

192315392
187808

192315392
187808

193626112
189088

196272128
191672

197734400
193100

199225344
194556

200933376
196224

203804672
199028

204996608
200192

207650816
202784

209563648
204652

211591168
206632

223756288
218512

225480704
220196

227033088
221712

229056512
223688

230281216
224884

234287104
228796

236597248
231052

237895680
232320

240869376
235224

242573312
236888

244473856
238744

247025664
241236

248598528
242772

255062016
249084

258379776
252324

258904064
252836

260644864
254536

262774784
256616

263397376
257224

265261056
259044

266911744
260656

268656640
262360

269312000
263000

272343040
265960

274419712
267988

278482944
271956

287404032
280668

287404032
280668

287404032
280668

288321536
281564

289665024
282876

291627008
284792

292806656
285944

293609472
286728

295051264
288136

296951808
289992

297390080
290420

298700800
291700

300732416
293684

302870528
295772

304246784
297116

306012160
298840

308850688
301612

310423552
303148

312598528
305272

313847808
306492

315052032
307668

317050880
309620

322293760
314740

322818048
315252

323624960
316040

326041600
318400

327106560
319440

327974912
320288

329732096
322004

332279808
324492

334114816
326284

338833408
330892

338833408
330892

339357696
331404

340930560
332940

341979136
333964

343027712
334988

344330240
336260

345505792
337408

347095040
338960

348143616
339984

350707712
342488

354336768
346032

358072320
349680

358072320
349680

358072320
349680

358072320
349680

366366720
357780

366366720
357780

366366720
357780

366366720
357780

366366720
357780

367415296
358804

367697920
359080

369205248
360552

369991680
361320

370667520
361980

371191808
362492

371924992
363208

375349248
366552

375349248
366552

375349248
366552

375873536
367064

376397824
367576

377225216
368384

378003456
369144

379052032
370168

379469824
370576

382001152
373048

383709184
374716

396308480
387020

396308480
387020

396308480
387020

396308480
387020

396308480
387020

396308480
387020

396832768
387532

418746368
408932

419856384
410016

420962304
411096

422232064
412336

422232064
412336

423395328
413472

424112128
414172

425177088
415212

427266048
417252

428314624
418276

428838912
418788

429359104
419296

430301184
420216

431226880
421120

433696768
423532

434782208
424592

436355072
426128

437059584
426816

439681024
429376

440270848
429952

440795136
430464

443342848
432952

444071936
433664

445177856
434744

449794048
439252

449794048
439252

450842624
440276

451080192
440508

452128768
441532

453099520
442480

456392704
445696

456392704
445696

457289728
446572

458637312
447888

464457728
453572

464457728
453572

464982016
454084

466653184
455716

467963904
456996

468295680
457320

468758528
457772

469643264
458636

470966272
459928

471228416
460184

472190976
461124

472580096
461504

473681920
462580

474206208
463092

479178752
467948

479178752
467948

479703040
468460

481882112
470588

483115008
471792

484163584
472816

485212160
473840

485617664
474236

486559744
475156

488165376
476724

488992768
477532

489517056
478044

490156032
478668

491180032
479668

491925504
480396

493580288
482012

494366720
482780

495087616
483484

497319936
485664

498454528
486772

499724288
488012

500772864
489036

501878784
490116

502927360
491140

503975936
492164

504659968
492832

505475072
493628

506523648
494652

513515520
501480

513515520
501480

513515520
501480

520163328
507972

520163328
507972

527626240
515260

527626240
515260

527626240
515260

527626240
515260

527626240
515260

527626240
515260

535093248
522552

535093248
522552

540336128
527672

540336128
527672

0

