0.076163,1
0.11042,5
0.081355,2
0.092753,3
0.093617,1
0.096414,1
0.100602,2
0.093769,1
0.101376,1
0.104566,6
0.109426,6
0.137211,5
0.128572,4
0.123773,6
0.137743,3
0.143796,2
0.146157,3
0.151502,3
0.150486,2
0.156548,3
0.154522,2
0.157676,2
0.165893,2
0.153186,5
0.147383,2
0.164599,1
0.161355,1
0.15616,1
0.158495,1
0.168467,2
0.160842,2
0.174518,2
0.162864,2
0.134615,11
0.128638,6
0.127761,2
0.11967,2
0.132708,1
0.13458,1
0.20519,9
0.128512,6
0.159474,3
0.158182,2
0.150552,2
0.158218,2
0.162404,3
0.164596,8
0.174293,5
0.20084,13
0.180738,5
0.234523,6
0.204746,3
0.218533,2
0.212897,2
0.227491,3
0.228624,3
0.229125,3
0.247317,3
0.238649,2
0.251472,2
0.244659,5
0.234955,2
0.237773,1
0.249129,1
0.250569,1
0.236488,1
0.24036,2
0.250125,2
0.272067,2
0.264767,2
0.23738,5
0.225334,2
0.236908,1
0.226127,1
0.22791,1
0.233605,1
0.244008,2
0.246436,2
0.245671,2
0.248182,2
0.303211,3
0.377611,5
0.221539,3
0.269721,3
0.195979,4
0.197994,3
0.231455,11
0.182729,3
0.164661,11
0.180837,3
0.168206,11
0.183173,3
0.168787,11
0.188284,3
0.241281,13
0.198526,4
0.233602,11
0.213912,3
0.235345,11
0.227255,3
0.230364,11
0.235224,3
0.252548,11
0.242391,3
0.252586,11
0.250956,3
0.253937,11
0.256386,3
0.260019,11
0.27137,3
0.284994,11
0.263659,3
0.277386,11
0.258242,3
0.273076,11
0.262194,3
0.282013,11
0.326094,3
0.280772,11
0.25864,3
0.276609,2
0.265534,11
0.263908,3
0.286865,2
0.290379,11
0.295978,3
0.309505,2
0.281716,11
0.290445,3
0.290616,2
0.28477,11
0.288367,3
0.491961,12
0.248008,3
0.271536,11
0.261542,3
0.313612,11
0.265541,3
0.315759,5
0.177482,3
0.179019,5
0.187124,4
0.195739,7
0.197028,5
0.198215,9
0.202653,2
0.192438,1
0.189655,1
0.195096,1
0.206515,3
0.222307,7
0.221031,3
0.22647,3
0.222034,7
0.248448,3
0.269639,1
0.259856,1
0.273675,1
0.267855,1
0.286002,2
0.291976,2
0.28155,2
0.287522,2
0.31754,3
0.240656,7
0.269149,3
0.28965,3
0.265881,7
0.27431,3
0.263273,1
0.282896,1
0.289955,1
0.281591,1
0.273767,2
0.290583,2
0.291473,2
0.280838,2
0.330897,3
0.243541,7
0.278829,3
0.267172,3
0.250815,7
0.254812,3
0.252277,1
0.264868,1
0.261098,1
0.259016,1
0.266117,2
0.294069,2
0.289292,2
0.273424,2
0.320927,3
0.253559,7
0.271787,3
0.270907,3
0.281323,7
0.286408,3
0.280288,1
0.284364,1
0.289461,1
0.297528,1
0.278305,2
0.304812,2
0.293285,2
0.301522,2
0.41865,8
0.251683,3
0.239211,2
0.280855,8
0.265704,7
0.26955,3
0.307043,1
0.323721,1
0.272322,1
0.271097,1
0.279504,2
0.300114,11
0.309242,3
0.317659,2
0.297352,11
0.302924,3
0.307449,2
0.311546,11
0.295505,3
0.296884,2
0.305931,11
0.309365,3
0.277614,1
0.267991,6
0.253944,4
0.276171,7
0.285096,6
0.303366,6
0.286964,6
0.295886,4
0.305393,6
0.31775,3
0.321652,2
0.333373,3
0.338913,3
0.319842,2
0.341188,3
0.36429,2
0.343352,2
0.363846,2
0.324959,5
0.340286,2
0.338065,1
0.342779,1
0.326447,1
0.329718,1
0.361615,2
0.341098,2
0.344869,2
0.358343,2
0.322254,3
0.311619,4
0.299958,3
0.319048,5
0.328849,2
0.329658,1
0.333227,1
0.337369,1
0.347623,1
0.333111,2
0.331257,2
0.352579,2
0.345321,2
0.318629,5
0.31952,2
0.326347,1
0.332945,1
0.331717,1
0.330509,1
0.340949,2
0.349628,2
0.355631,2
0.331694,2
0.90109,16
0.358262,4
0.371325,11
0.354973,3
0.335316,11
0.337049,3
0.371295,11
0.370678,3
0.360945,11
0.344322,3
0.341402,11
0.347305,3
0.361673,11
0.371958,3
0.361039,11
0.346704,3
0.353138,11
0.377163,3
0.357193,11
0.374767,3
0.376817,11
0.362066,3
0.352394,11
0.345237,3
0.382011,11
0.363241,3
0.380073,11
0.35957,3
0.39367,11
0.376764,3
0.370433,11
0.375553,3
0.373802,2
0.31255,4
0.307136,3
0.321104,5
0.325516,2
0.339231,1
0.331351,1
0.326871,1
0.330615,1
0.345445,2
0.352914,11
0.35629,3
0.355518,2
0.346698,11
0.374618,3
0.34578,2
0.343726,11
0.365907,3
0.367598,2
0.365886,11
0.363959,3
0.344473,5
0.326958,2
0.354019,1
0.345105,1
0.352632,1
0.332765,1
0.380134,2
0.34837,11
0.355919,3
0.378354,2
0.366863,11
0.371949,3
0.334752,2
0.349823,11
0.403164,3
0.3511,2
0.358633,11
0.385755,3
0.381924,1
0.36196,8
0.364669,3
0.360959,9
0.368337,13
0.35805,7
0.362336,13
0.37271,5
0.397134,6
0.386559,3
0.395084,2
0.393883,2
0.434373,3
0.400849,3
0.399434,3
0.40204,3
0.401241,2
0.425196,2
0.40825,5
0.398783,2
0.428412,1
0.424201,1
0.425516,1
0.397947,1
0.41842,2
0.425163,2
0.437755,2
0.437671,2
0.398836,5
0.416826,2
0.41631,1
0.432896,1
0.406688,1
0.412259,1
0.395511,2
0.42222,2
0.43389,2
0.428566,2
0.439642,4
0.404625,9
0.40125,3
0.429086,5
0.422632,2
0.449802,1
0.413994,1
0.418029,1
0.40052,1
0.432043,2
0.419776,2
0.43278,2
0.444761,2
0.418858,5
0.425137,2
0.428168,1
0.432967,1
0.423871,1
0.432839,1
0.434827,2
0.425593,2
0.429937,2
0.449107,2
0.436832,5
0.411498,2
0.436588,1
0.419109,1
0.427278,1
0.424162,1
0.432236,2
0.42398,2
0.450672,2
0.451249,2
0.931927,18
0.475653,4
0.438901,11
0.453153,3
0.44713,11
0.437455,3
0.449785,11
0.454471,3
0.467171,11
0.450064,3
0.48412,11
0.459145,3
0.490246,11
0.459943,3
0.462348,11
0.462611,3
0.485103,11
0.459634,3
0.471841,11
0.468792,3
0.48013,11
0.450799,3
0.461041,11
0.53641,3
0.511981,11
0.44594,3
0.49718,11
0.490894,3
0.551206,11
0.50546,3
0.511684,11
0.468034,3
0.661395,11
0.531198,3
0.538359,11
0.479709,3
0.51514,11
0.514738,3
0.541155,11
0.527282,3
0.507651,11
0.523374,3
0.524431,11
0.542192,3
0.556869,11
0.494663,3
0.536611,11
0.540828,3
0.494138,1
0.463541,4
0.48237,9
0.468089,3
0.459248,5
0.453497,2
0.469513,1
0.446155,1
0.485098,1
0.473345,1
0.460213,2
0.490704,11
0.522033,3
0.461632,2
0.499834,11
0.490244,3
0.500016,2
0.484337,11
0.489086,3
0.519231,2
0.4987,11
0.474396,3
0.52157,5
0.468396,2
0.47848,1
0.479992,1
0.488171,1
0.462531,1
0.490048,2
0.495553,11
0.545553,3
0.538044,2
0.521491,11
0.53752,3
0.541246,2
0.537899,11
0.566163,3
0.539785,2
0.5242,11
0.546924,3
0.486029,5
0.441059,2
0.470926,1
0.49313,1
0.451585,1
0.456893,1
0.480975,2
0.477496,11
0.537836,3
0.504098,2
0.523096,11
0.516696,3
0.568655,2
0.479252,11
0.519565,3
0.536461,2
0.536727,11
0.571233,3
0.512054,1
0.082739,