42909696
41904

49360896
48204

52633600
51400

58863616
57484

68825088
67212

78786560
76940

84586496
82604

88985600
86900

92504064
90336

94007296
91804

98152448
95852

101007360
98640

103223296
100804

108494848
105952

109969408
107392

113172480
110520

121069568
118232

124268544
121356

126570496
123604

127414272
124428

132505600
129400

137949184
134716

139259904
135996

141750272
138428

143912960
140540

146784256
143344

148807680
145320

151617536
148064

153407488
149812

156573696
152904

161443840
157660

167575552
163648

170409984
166416

174809088
170712

178126848
173952

182423552
178148

184332288
180012

186298368
181932

189419520
184980

192360448
187852

199008256
194344

199008256
194344

199626752
194948

203083776
198324

206163968
201332

208064512
203188

211582976
206624

215019520
209980

227602432
222268

229306368
223932

231784448
226352

234123264
228636

235728896
230204

237604864
232036

242102272
236428

246226944
240456

248950784
243116

253640704
247696

255971328
249972

257413120
251380

258592768
252532

259989504
253896

264937472
258728

266510336
260264

268410880
262120

268918784
262616

271155200
264800

272859136
266464

273584128
267172

275243008
268792

281800704
275196

286375936
279664

286760960
280040

287129600
280400

288288768
281532

297209856
290244

297209856
290244

297209856
290244

299032576
292024

304459776
297324

304459776
297324

305840128
298672

307355648
300152

308649984
301416

310222848
302952

311271424
303976

313573376
306224

315367424
307976

325632000
318000

325632000
318000

325632000
318000

326156288
318512

327016448
319352

328327168
320632

330244096
322504

332226560
324440

334684160
326840

339222528
331272

342003712
333988

345116672
337028

349151232
340968

350134272
341928

355069952
346748

355069952
346748

356380672
348028

356380672
348028

357167104
348796

357953536
349564

363192320
354680

363192320
354680

363192320
354680

363454464
354936

364220416
355684

367091712
358488

368222208
359592

369561600
360900

370085888
361412

376627200
367800

376627200
367800

376627200
367800

377675776
368824

378511360
369640

379297792
370408

380272640
371360

381132800
372200

382304256
373344

388460544
379356

390656000
381500

392310784
383116

393969664
384736

394682368
385432

396394496
387104

397541376
388224

398311424
388976

399282176
389924

399978496
390604

400891904
391496

402157568
392732

418099200
408300

421556224
411676

435204096
425004

435204096
425004

435204096
425004

456175616
445484

456175616
445484

456175616
445484

456175616
445484

456642560
445940

457748480
447020

458797056
448044

460038144
449256

461312000
450500

462454784
451616

463081472
452228

464740352
453848

465788928
454872

466837504
455896

473128960
462040

473128960
462040

473391104
462296

474701824
463576

475750400
464600

476667904
465496

477945856
466744

478994432
467768

479518720
468280

481128448
469852

482893824
471576

483680256
472344

489185280
477720

489185280
477720

490102784
478616

491114496
479604

494112768
482532

494112768
482532

494112768
482532

496267264
484636

497655808
485992

498434048
486752

499613696
487904

500625408
488892

502071296
490304

0

