39018496
38104

59453440
58060

60530688
59112

66023424
64476

70651904
68996

75542528
73772

84766720
82780

88576000
86500

92233728
90072

95412224
93176

106917888
104412

111034368
108432

116088832
113368

117776384
115016

126889984
123916

129753088
126712

135127040
131960

138928128
135672

142364672
139028

145018880
141620

148545536
145064

151830528
148272

152879104
149296

158232576
154524

163954688
160112

167235584
163316

173932544
169856

179027968
174832

181014528
176772

194527232
189968

198729728
194072

200294400
195600

204660736
199864

207998976
203124

209756160
204840

212496384
207516

215875584
210816

217817088
212712

218386432
213268

221376512
216188

221900800
216700

222486528
217272

231489536
226064

233820160
228340

234606592
229108

238419968
232832

245293056
239544

246624256
240844

247672832
241868

248721408
242892

258482176
252424

260968448
254852

266149888
259912

272154624
265776

272154624
265776

273072128
266672

275021824
268576

275546112
269088

275742720
269280

276733952
270248

281726976
275124

281726976
275124

287240192
280508

294535168
287632

299659264
292636

303853568
296732

303853568
296732

305422336
298264

307064832
299868

313053184
305716

322523136
314964

322523136
314964

324665344
317056

327286784
319616

329797632
322068

330502144
322756

335622144
327756

339423232
331468

346001408
337892

346914816
338784

347537408
339392

348053504
339896

348569600
340400

354635776
346324

355700736
347364

358981632
350568

362577920
354080

363266048
354752

365555712
356988

388890624
379776

392929280
383720

399532032
390168

402096128
392672

415219712
405488

418951168
409132

418951168
409132

418951168
409132

421539840
411660

425631744
415656

432959488
422812

432959488
422812

438251520
427980

438775808
428492

440377344
430056

441819136
431464

443707392
433308

445227008
434792

445227008
434792

445648896
435204

447352832
436868

450445312
439888

450445312
439888

451084288
440512

455307264
444636

460869632
450068

461918208
451092

463589376
452724

465772544
454856

465772544
454856

466821120
455880

467869696
456904

473112576
462024

474161152
463048

474685440
463560

475996160
464840

479633408
468392

480899072
469628

482222080
470920

485367808
473992

486203392
474808

486727680
475320

486924288
475512

487448576
476024

487731200
476300

489291776
477824

492032000
480500

501235712
489488

501235712
489488

503447552
491648

503447552
491648

504496128
492672

505544704
493696

507641856
495744

507641856
495744

510496768
498532

513216512
501188

524218368
511932

524218368
511932

524218368
511932

527511552
515148

531558400
519100

534573056
522044

537972736
525364

545542144
532756

546590720
533780

547377152
534548

551198720
538280

551198720
538280

553410560
540440

553934848
540952

554983424
541976

554983424
541976

555126784
542116

557223936
544164

558804992
545708

561553408
548392

563126272
549928

565370880
552120

567197696
553904

568897536
555564

570920960
557540

589819904
575996

589819904
575996

589819904
575996

589819904
575996

599150592
585108

599150592
585108

599150592
585108

599150592
585108

601280512
587188

602443776
588324

604307456
590144

606113792
591908

621445120
606880

621445120
606880

621445120
606880

621445120
606880

622493696
607904

624066560
609440

626860032
612168

629981184
615216

629981184
615216

630943744
616156

630943744
616156

630943744
616156

632516608
617692

632516608
617692

633565184
618716

636784640
621860

639090688
624112

640069632
625068

640069632
625068

640909312
625888

650870784
635616

653471744
638156

655474688
640112

656523264
641136

657571840
642160

658620416
643184

658620416
643184

658620416
643184

659693568
644232

661000192
645508

661000192
645508

662282240
646760

670171136
654464

670171136
654464

670171136
654464

671219712
655488

673710080
657920

673710080
657920

674758656
658944

675807232
659968

676593664
660736

676593664
660736

677363712
661488

677888000
662000

678178816
662284

678178816
662284

679227392
663308

679460864
663536

680800256
664844

682110976
666124

683130880
667120

684441600
668400

684441600
668400

686354432
670268

687681536
671564

689139712
672988

690188288
674012

691646464
675436

691646464
675436

692695040
676460

693743616
677484

694792192
678508

694792192
678508

695840768
679532

697352192
681008

700276736
683864

700276736
683864

701730816
685284

702570496
686104

703737856
687244

705601536
689064

705601536
689064

707317760
690740

708993024
692376

710012928
693372

710012928
693372

711139328
694472

713936896
697204

757743616
739984

757743616
739984

759267328
741472

759791616
741984

760840192
743008

760840192
743008

760840192
743008

761364480
743520

761364480
743520

761700352
743848

762982400
745100

764555264
746636

764555264
746636

766799872
748828

768380928
750372

768380928
750372

770121728
752072

772120576
754024

776642560
758440

776642560
758440

793419776
774824

793419776
774824

804618240
785760

804618240
785760

804618240
785760

804618240
785760

804618240
785760

804618240
785760

804618240
785760

804618240
785760

804618240
785760

804618240
785760

805666816
786784

806715392
787808

806715392
787808

807006208
788092

809250816
790284

809250816
790284

811249664
792236

811761664
792736

812306432
793268

813334528
794272

825135104
805796

825135104
805796

825135104
805796

825135104
805796

825135104
805796

825135104
805796

825135104
805796

825135104
805796

825135104
805796

827232256
807844

831262720
811780

832864256
813344

832864256
813344

832864256
813344

832864256
813344

833912832
814368

833912832
814368

841252864
821536

844312576
824524

844312576
824524

845889536
826064

847319040
827460

847847424
827976

847847424
827976

848138240
828260

849215488
829312

849215488
829312

849563648
829652

850558976
830624

851333120
831380

852537344
832556

854016000
834000

882302976
861624

882302976
861624

882302976
861624

882302976
861624

882302976
861624

882302976
861624

882302976
861624

882302976
861624

882302976
861624

890703872
869828

890703872
869828

890703872
869828

890703872
869828

890703872
869828

890703872
869828

890703872
869828

890703872
869828

890703872
869828

890703872
869828

890703872
869828

890703872
869828

890703872
869828

890703872
869828

890703872
869828

893747200
872800

897478656
876444

898465792
877408

899919872
878828

900653056
879544

901533696
880404

904458240
883260

904458240
883260

915570688
894112

915570688
894112

915570688
894112

926056448
904352

926056448
904352

926056448
904352

926056448
904352

926056448
904352

926056448
904352

927105024
905376

928153600
906400

929202176
907424

931889152
910048

932679680
910820

933302272
911428

935251968
913332

935411712
913488

936460288
914512

939171840
917160

939171840
917160

941379584
919316

943452160
921340

943452160
921340

944484352
922348

944644096
922504

946831360
924640

949977088
927712

949977088
927712

949977088
927712

949977088
927712

950411264
928136

950411264
928136

950411264
928136

951558144
929256

951558144
929256

953270272
930928

954150912
931788

954966016
932584

955158528
932772

960552960
938040

960552960
938040

961642496
939104

962588672
940028

962588672
940028

964788224
942176

966995968
944332

967221248
944552

969138176
946424

969138176
946424

971055104
948296

971997184
949216

971997184
949216

973312000
950500

974024704
951196

974024704
951196

977555456
954644

988811264
965636

988811264
965636

988811264
965636

988811264
965636

988811264
965636

989466624
966276

992542720
969280

993591296
970304

995688448
972352

995688448
972352

997785600
974400

997785600
974400

999882752
976448

999882752
976448

1000697856
977244

1003847680
980320

1004023808
980492

1005744128
982172

1006120960
982540

1007169536
983564

1008218112
984588

1008218112
984588

1008218112
984588

1008218112
984588

1008218112
984588

1012695040
988960

1013133312
989388

1014181888
990412

1014181888
990412

1014181888
990412

1014181888
990412

1014706176
990924

1015521280
991720

1015521280
991720

1018155008
994292

1020776448
996852

1020776448
996852

1023426560
999440

1025204224
1001176

1025519616
1001484

1025777664
1001736

1025777664
1001736

1026056192
1002008

1027653632
1003568

1027653632
1003568

1027653632
1003568

1029009408
1004892

1039343616
1014984

1039343616
1014984

1039343616
1014984

1039343616
1014984

1039343616
1014984

1041440768
1017032

1041440768
1017032

1043537920
1019080

1043537920
1019080

1044017152
1019548

1044017152
1019548

1045274624
1020776

1046323200
1021800

1047023616
1022484

1052475392
1027808

1052475392
1027808

1054748672
1030028

1054748672
1030028

1055268864
1030536

1056841728
1032072

1057005568
1032232

1057005568
1032232

1057005568
1032232

1057660928
1032872

1057796096
1033004

1057796096
1033004

1059000320
1034180

1061105664
1036236

1061105664
1036236

1065291776
1040324

1065590784
1040616

1067163648
1042152

1069260800
1044200

1069260800
1044200

1072754688
1047612

1073324032
1048168

1075011584
1049816

1075011584
1049816

1076875264
1051636

1078476800
1053200

1078476800
1053200

1082294272
1056928

1082294272
1056928

1084596224
1059176

1084596224
1059176

1085833216
1060384

1089761280
1064220

1089761280
1064220

1090809856
1065244

1090809856
1065244

1092075520
1066480

1093955584
1068316

1095004160
1069340

1096052736
1070364

1096052736
1070364

1098149888
1072412

1098149888
1072412

1099722752
1073948

1099722752
1073948

1102897152
1077048

1103273984
1077416

1105063936
1079164

1105371136
1079464

1107144704
1081196

1107468288
1081512

1109250048
1083252

1111842816
1085784

1111842816
1085784

1113935872
1087828

1113935872
1087828

1117106176
1090924

1118154752
1091948

1119203328
1092972

1119928320
1093680

1120251904
1093996

1120251904
1093996

1120985088
1094712

1120985088
1094712

1120985088
1094712

1121300480
1095020

1121300480
1095020

1121591296
1095304

1123397632
1097068

1123397632
1097068

1125515264
1099136

1126563840
1100160

1127612416
1101184

1137057792
1110408

1137057792
1110408

1137057792
1110408

1137057792
1110408

1138106368
1111432

1138106368
1111432

1161551872
1134328

1161551872
1134328

1161551872
1134328

1161551872
1134328

1161551872
1134328

1161551872
1134328

1161551872
1134328

1161551872
1134328

1161551872
1134328

1161551872
1134328

1195110400
1167100

1195110400
1167100

1195110400
1167100

1195110400
1167100

1195110400
1167100

1195110400
1167100

1195110400
1167100

1195438080
1167420

1195438080
1167420

1195438080
1167420

1195438080
1167420

1195438080
1167420

1195438080
1167420

1195438080
1167420

1195438080
1167420

1196158976
1168124

1213984768
1185532

1215033344
1186556

1215033344
1186556

1215033344
1186556

1215033344
1186556

1215033344
1186556

1215033344
1186556

1215033344
1186556

1216409600
1187900

1216409600
1187900

1219555328
1190972

1220026368
1191432

1220276224
1191676

1222762496
1194104

1223028736
1194364

1223356416
1194684

1223356416
1194684

1241288704
1212196

1241288704
1212196

1241288704
1212196

1241288704
1212196

1241288704
1212196

1241288704
1212196

1241288704
1212196

1241288704
1212196

1241288704
1212196

1241288704
1212196

1241288704
1212196

1241288704
1212196

1241288704
1212196

1242861568
1213732

1243209728
1214072

1245851648
1216652

1246519296
1217304

1248616448
1219352

1248616448
1219352

1250381824
1221076

1250381824
1221076

1250643968
1221332

1250643968
1221332

1252483072
1223128

1253789696
1224404

1253789696
1224404

1253789696
1224404

1253789696
1224404

1255886848
1226452

1255886848
1226452

1255886848
1226452

1257914368
1228432

1258242048
1228752

1260011520
1230480

1260339200
1230800

1260339200
1230800

1260339200
1230800

1261682688
1232112

1261682688
1232112

1275813888
1245912

1276141568
1246232

1276141568
1246232

1276141568
1246232

1276141568
1246232

1276141568
1246232

1276141568
1246232

1276141568
1246232

1277911040
1247960

1278238720
1248280

1278238720
1248280

1280008192
1250008

1280008192
1250008

1280008192
1250008

1280008192
1250008

1280008192
1250008

1280008192
1250008

1280008192
1250008

1280008192
1250008

1280008192
1250008

1280008192
1250008

1280008192
1250008

1280294912
1250288

1282392064
1252336

1282392064
1252336

1284489216
1254384

1327009792
1295908

1327009792
1295908

1327009792
1295908

1327009792
1295908

1327009792
1295908

1327009792
1295908

1327009792
1295908

1327009792
1295908

1327009792
1295908

1327009792
1295908

1327009792
1295908

1327009792
1295908

1327337472
1296228

1327337472
1296228

1327337472
1296228

1327337472
1296228

1327337472
1296228

1327337472
1296228

1327337472
1296228

1327337472
1296228

1339609088
1308212

1339609088
1308212

1339609088
1308212

1339609088
1308212

1339609088
1308212

1339609088
1308212

1339609088
1308212

1339609088
1308212

1339609088
1308212

1339609088
1308212

1339609088
1308212

1339609088
1308212

1339609088
1308212

1339609088
1308212

1339609088
1308212

1339609088
1308212

1339609088
1308212

1339936768
1308532

1339936768
1308532

1339936768
1308532

1339936768
1308532

1339936768
1308532

1339936768
1308532

1339936768
1308532

1339936768
1308532

1341706240
1310260

1341706240
1310260

1341706240
1310260

1342029824
1310576

1342029824
1310576

1343082496
1311604

1343082496
1311604

1343082496
1311604

1343082496
1311604

1343082496
1311604

1343737856
1312244

1343737856
1312244

1344983040
1313460

1344983040
1313460

1344983040
1313460

1344983040
1313460

1346555904
1314996

1346555904
1314996

1348653056
1317044

1348653056
1317044

1348653056
1317044

1348653056
1317044

1367011328
1334972

1367011328
1334972

1367011328
1334972

1367011328
1334972

1367011328
1334972

1367011328
1334972

1367011328
1334972

1367011328
1334972

1367011328
1334972

1367011328
1334972

1367011328
1334972

1367011328
1334972

1367011328
1334972

1367011328
1334972

1367339008
1335292

1367339008
1335292

1367339008
1335292

1367339008
1335292

1367339008
1335292

1369108480
1337020

1369108480
1337020

1369108480
1337020

1369108480
1337020

1369108480
1337020

1371205632
1339068

1371205632
1339068

1371205632
1339068

1371205632
1339068

1371971584
1339816

1372856320
1340680

1374068736
1341864

1374068736
1341864

1376165888
1343912

1376493568
1344232

1378263040
1345960

1378590720
1346280

1378590720
1346280

1378590720
1346280

1378590720
1346280

1380237312
1347888

1380564992
1348208

1382334464
1349936

1382662144
1350256

1382662144
1350256

1382662144
1350256

1382662144
1350256

1385017344
1352556

1385017344
1352556

1386065920
1353580

1386065920
1353580

1386065920
1353580

1386065920
1353580

1386065920
1353580

1388163072
1355628

1388163072
1355628

1388163072
1355628

1394470912
1361788

0

