OK
1388.58463
853
Boogie Dump Took : 3.313067
0.00205
20.329444
1.59512191793669
53.698373,0,52.6039279999998,32.353011,11114,1098,0.0219100000000001,51.998598,18,83,26
65.212055,0,48.6992530000001,24.651693,9754,1238,0.014343,63.606093,17,90,18
77.665773,0,46.0875700000002,31.890205,9228,1286,0.0176090000000001,76.256128,16,93,15
65.858333,0,65.9790630000004,27.706958,13463,1268,0.0329180000000001,64.251637,23,83,20
98.484262,0,47.6540500000001,28.230208,9565,1116,0.0304910000000002,96.781501,17,93,10
67.149431,0,53.5232910000001,30.348883,11222,1146,0.012209,65.592794,18,85,22
54.867707,0,51.5250599999998,34.719845,10981,1220,0.140117000000002,53.465572,20,91,11
79.799421,0,47.33334,29.856761,9505,1286,0.0246380000000001,78.442994,15,91,22
