OK
1859.439586
896
Boogie Dump Took : 2.199638
0.004983
50.362356
2.01600743861607
199.26508,0,54.3133909999999,46.296213,15787,952,0.0217890000000002,197.39928,14,94,23
156.244096,0,61.6757070000004,60.229102,17388,897,0.0206660000000001,153.894982,18,92,18
164.757811,0,71.8876239999998,51.811754,19576,968,0.0284500000000003,162.788516,22,88,29
193.27494,0,68.6451650000001,56.521033,19291,1102,0.0156530000000001,191.292833,16,102,9
187.979678,0,74.4968880000003,71.518568,20860,1038,0.034247,186.134347,22,96,10
163.05099,0,59.952235,54.952047,17194,870,0.0184160000000002,161.400605,15,87,33
212.110553,0,61.8799370000002,51.44725,17102,926,0.011291,209.940255,21,96,9
182.745414,0,61.612599,63.071943,17431,906,0.0211490000000001,180.802632,17,96,14
