OK
57.369124
85
Boogie Dump Took : 1.274551
0.003097
3.8786
0.610240976470588
24.329053,0,10.138542,0.889516,4034,43,0.000438,23.586831,12,0,11
26.958851,0,8.10129300000001,0.623238,3078,54,0.000515,26.458463,10,0,12
23.108419,0,8.65135699999999,0.730403,3272,57,0.000568,22.624256,11,0,14
24.384032,0,7.43606700000001,0.756697,2680,62,0.000589,23.903139,8,1,11
24.34575,0,9.135175,0.366999,3426,57,0.000553,23.919273,10,1,6
28.992587,0,8.55439199999999,0.565859,3492,54,0.000491,28.543362,11,0,16
25.648628,0,7.88215500000002,0.539958,3033,50,0.000533,25.207907,10,0,9
25.835377,0,9.63065500000003,0.343046,3579,32,0.000402,25.407458,11,0,4
