OK
1522.975293
223
Boogie Dump Took : 1.340865
0.00777
52.144109
6.58700389237668
339.608461,0,73.4423900000005,16.021261,33997,303,0.002215,338.015715,20,7,18
318.572286,0,74.1804669999993,17.248715,35185,298,0.002068,317.003699,21,6,26
349.994267,0,73.9987010000005,18.071886,35051,357,0.002552,348.261785,19,8,23
335.215974,0,60.0127399999997,16.002232,31793,253,0.001731,333.889392,18,9,21
288.995588,0,80.8241970000004,17.752247,40858,303,0.002466,287.452169,22,6,20
306.49394,0,70.5244930000007,13.94435,35747,336,0.002448,305.122223,21,8,20
353.998668,0,68.1387680000007,17.527823,36564,322,0.002216,352.413388,22,10,17
312.884724,0,78.9816309999999,13.961907,37466,266,0.001848,311.362164,19,7,17
