OK
113.594328
103
Boogie Dump Took : 1.29286
0.002079
5.569301
1.03374075728155
20.530785,0,11.865744,1.65363,6255,82,0.000688,19.997881,11,1,13
17.226521,0,14.208581,1.721522,7368,84,0.00068,16.183818,14,1,11
22.617061,0,11.687423,1.069437,5884,109,0.000887,21.997887,11,1,12
18.599934,0,10.294946,1.394402,5113,82,0.000726,17.697147,9,0,11
17.987336,0,14.554901,1.319097,7441,121,0.000860999999999999,17.445888,13,2,14
18.537749,0,14.454634,1.301134,6595,83,0.000688,18.058208,12,0,15
21.967982,0,14.5721309999999,1.291539,7748,114,0.000983999999999999,21.458381,12,0,11
26.419024,0,15.116801,1.28276,7699,89,0.000768,25.790891,15,1,10
