OK
750.192947
127
Boogie Dump Took : 0.80729
0.00061
26.858094
4.29555884251969
298.566532,0,23.552848,2.746638,13105,145,0.001247,297.598499,13,4,12
329.16276,0,30.5112700000001,3.763043,17022,120,0.000911,328.10111,15,1,21
59.280799,0,26.6659560000001,1.840748,14888,98,0.000939,58.478837,18,0,11
281.981196,0,27.8688369999998,2.139563,15568,119,0.001111,281.082659,13,2,10
278.467889,0,27.7606300000001,3.091991,16057,157,0.001209,277.692234,14,4,16
59.911135,0,20.084508,2.016112,11292,149,0.001159,59.309393,10,3,15
290.624045,0,27.090558,1.845463,15032,113,0.000924,289.933408,12,2,11
312.380441,0,34.7920110000001,2.529218,18413,148,0.001371,311.637873,15,1,14
