OK
1630.528029
188
Boogie Dump Took : 0.805453
0.039536
122.81452
7.80294279255319
314.416606,0,40.8141730000002,16.110287,16918,237,0.001938,313.515974,10,20,8
336.605843,0,50.0021049999998,7.355076,20069,223,0.001929,335.729853,11,13,9
366.242959,0,38.9638220000001,8.643055,14398,195,0.00158,365.347655,8,8,15
311.441672,0,40.4180759999999,17.975497,16684,177,0.001454,310.493908,8,17,10
358.742553,0,54.6485220000002,5.275907,23361,236,0.001815,357.839511,12,13,6
205.560911,0,22.1497340000001,10.881811,9530,179,0.001495,204.492842,4,12,14
386.404804,0,48.7763379999999,6.541094,17392,205,0.001673,385.332371,8,18,8
382.363773,0,56.8308180000004,5.813298,23140,192,0.001507,381.511147,14,12,5
