OK
232.03353
100
Boogie Dump Took : 0.851676
0.037475
22.943558
2.2109345
101.093339,0,14.726907,0.707947,5135,97,0.000814,100.562179,9,1,11
95.667488,0,19.449649,0.760059,7429,101,0.000839,95.149947,14,2,8
96.986763,0,20.485051,0.803994,7245,101,0.000931,96.452004,14,2,9
81.832508,0,17.601195,0.749161,6898,105,0.000876999999999999,81.300844,11,2,10
58.677113,0,16.415652,1.537071,5973,106,0.000937,57.992128,11,1,17
84.192931,0,14.889141,1.261348,5223,92,0.000971,83.671555,10,1,16
90.619145,0,17.488346,0.560647,6552,82,0.000789,90.066883,10,1,7
90.714349,0,13.100089,0.815145,5068,84,0.000725,90.201512,10,1,11
