OK
305.138589
148
Boogie Dump Took : 0.82945
0.007158
12.769277
1.9555574527027
102.573479,0,35.9294390000002,3.27523,18290,164,0.001053,101.478762,18,1,17
119.255238,0,31.298914,2.690499,16124,146,0.000915999999999999,118.49422,18,2,15
106.136658,0,33.6079570000001,3.41949,16957,159,0.001098,105.184442,19,1,18
116.109009,0,34.487827,2.821242,17093,140,0.001028,115.300831,19,0,16
105.602509,0,36.2869750000002,3.204082,17014,147,0.001039,104.622912,18,1,17
114.624339,0,29.68215,4.916726,14044,214,0.001345,113.594214,12,1,21
104.473632,0,35.0325919999998,2.863395,17429,179,0.001203,103.555835,18,1,16
85.846943,0,37.1492089999999,3.990687,16645,169,0.001248,84.724189,18,1,20
