NOK
717.668944
681
Boogie Dump Took : 3.2215
0.000326
16.675225
1.04712042437592
0,0,0,0,0,0,0,10.879653,21,3,21
0,0,0,0,0,0,0,10.325789,18,4,10
0,0,0,0,0,0,0,6.748108,16,4,21
0,0,0,0,0,0,0,8.800735,19,7,15
0,0,0,0,0,0,0,13.224908,15,5,17
0,0,0,0,0,0,0,9.279715,14,9,26
0,0,0,0,0,0,0,12.696833,15,4,15
0,0,0,0,0,0,0,12.185087,16,4,19
0,0,0,0,0,0,0,11.372953,16,6,27
0,0,0,0,0,0,0,11.043955,14,4,17
0,0,0,0,0,0,0,8.699225,18,1,13
0,0,0,0,0,0,0,8.874059,14,5,21
0,0,0,0,0,0,0,9.607632,13,9,11
0,0,0,0,0,0,0,11.716926,16,6,22
0,0,0,0,0,0,0,10.248379,15,8,19
0,0,0,0,0,0,0,7.93294,20,2,11
0,0,0,0,0,0,0,9.706491,20,6,20
0,0,0,0,0,0,0,14.933479,15,7,19
0,0,0,0,0,0,0,7.611303,12,6,23
0,0,0,0,0,0,0,11.025887,14,0,9
0,0,0,0,0,0,0,9.702138,21,0,15
0,0,0,0,0,0,0,11.179972,18,4,18
0,0,0,0,0,0,0,11.526579,13,8,15
0,0,0,0,0,0,0,7.247167,16,3,13
0,0,0,0,0,0,0,12.774607,15,6,15
0,0,0,0,0,0,0,8.67582,21,4,8
0,0,0,0,0,0,0,11.341329,18,4,18
0,0,0,0,0,0,0,9.236459,15,7,13
0,0,0,0,0,0,0,8.612294,12,2,7
0,0,0,0,0,0,0,9.79631,15,7,15
0,0,0,0,0,0,0,13.000794,15,7,10
0,0,0,0,0,0,0,7.987591,17,4,14
