OK
2006.567647
270
Boogie Dump Took : 3.367872
0.006306
123.686014
6.99375737777778
785.204187,0,135.58227,13.842017,30468,145,0.001283,783.546019,13,18,12
723.191398,0,136.397596,14.034741,31599,161,0.001351,721.130923,12,20,13
739.695495,0,158.095468,12.78317,34529,169,0.001405,737.685576,15,18,14
734.674335,0,150.221404000001,13.100807,33287,167,0.001577,732.730659,14,19,14
642.128772,0,157.136123000001,14.959988,36025,201,0.014564,640.304329,12,20,18
775.13212,0,149.796030000001,12.638036,33190,191,0.00212,773.123742,15,21,11
639.727403,0,167.724413,16.013241,38110,233,0.00179,637.660097,15,28,14
602.453903,0,145.820315,14.240505,34085,173,0.001537,600.81377,11,19,11
