OK
868.131832
344
Boogie Dump Took : 0.820694
0.000279
12.633969
2.25876898255814
53.877949,0,19.3306609999999,64.131456,7934,992,0.284166000000002,52.98213,11,46,6
43.679675,0,20.0384,57.316013,8251,1031,0.224166000000002,42.696473,10,47,12
16.496426,0,18.235164,83.801856,7668,1176,0.216316000000002,15.52116,10,51,7
4.12840799999999,0,21.4208980000001,56.789199,8916,1049,0.255790000000002,3.178051,12,48,6
68.431649,0,17.1623940000001,83.580964,6935,1096,0.156167000000002,67.281469,8,48,8
75.666115,0,13.147784,77.8860900000001,5685,1211,0.179849000000002,74.155909,9,44,21
