OK
514.535234
78
Boogie Dump Took : 1.451015
0.025904
47.083603
6.05569651282051
192.43214,0,28.6584670000001,1.082382,9639,89,0.015043,192.078639,10,5,4
229.593767,0,26.066741,1.491888,8614,111,0.000664,229.160672,11,5,6
253.704202,0,25.122785,0.937123,7332,119,0.000993,253.366417,8,2,10
213.133395,0,17.5143690000001,5.399978,6360,258,0.015476,212.52393,5,1,25
216.173758,0,28.82039,1.737085,8091,118,0.000871999999999999,215.818794,9,6,5
214.74995,0,29.326424,1.625492,9492,84,0.035138,214.357829,12,4,5
