OK
473.165544
221
Boogie Dump Took : 1.494995
0.011895
11.563037
2.09299688687783
36.718322,0,15.032572,4.153929,4957,392,0.028554,36.311527,7,27,9
43.669423,0,16.886363,4.416135,4547,428,0.0379840000000001,43.212645,7,23,11
34.129185,0,18.393464,7.322962,5711,574,0.048575,33.662142,7,29,12
24.023852,0,23.3608300000001,3.421026,5168,516,0.029719,23.572063,8,30,11
36.88947,0,18.9376260000001,5.239942,5289,442,0.028338,36.434599,10,27,9
43.990241,0,28.3413430000001,2.633676,7574,438,0.033493,43.577859,16,30,3
