OK
497.000366
214
Boogie Dump Took : 1.366755
0.000359
20.029575
2.26524203271028
48.075668,0,44.4232829999999,5.815405,10076,457,0.034729,47.42311,14,18,11
34.916884,0,34.7538790000001,8.0973,8477,612,0.0328539999999999,34.344176,13,27,14
34.828675,0,38.792008,6.213575,8912,530,0.00952800000000003,34.346827,10,19,24
57.718457,0,35.5793300000001,7.46315,8324,449,0.040445,57.195233,12,20,21
41.211934,0,44.6647360000001,6.455789,10371,467,0.0471440000000001,40.730126,17,25,4
50.618356,0,49.1065379999999,4.337384,11057,477,0.100339000000001,50.104548,16,23,8
