OK
190.421944
102
Boogie Dump Took : 1.756679
0.011196
9.794726
1.79527070588235
24.983965,0,14.867415,2.350745,4725,241,0.001592,24.536866,8,8,6
28.714696,0,10.948314,2.676227,3586,271,0.00892600000000001,28.29554,7,9,14
20.049771,0,14.390229,2.528397,4967,255,0.023448,19.63542,10,8,11
25.593636,0,12.301687,2.475695,4361,329,0.017093,25.175548,7,9,11
25.30276,0,17.5957059999999,2.528049,5708,220,0.026291,24.903828,10,8,4
27.002025,0,14.154059,2.258616,4640,257,0.0466379999999999,26.613832,8,10,4
