OK
530.58026
159
Boogie Dump Took : 1.167976
0.000696
23.751549
3.16593130188679
119.996464,0,37.422909,5.295695,14856,456,0.0943430000000005,119.520449,19,10,16
137.991396,0,35.65301,4.345216,13478,347,0.031065,137.554259,18,5,17
135.926455,0,29.917092,5.389321,11412,477,0.117075000000001,135.468652,14,9,19
141.852496,0,35.1875809999999,4.484282,12680,469,0.0468369999999999,141.374237,16,11,18
155.247494,0,33.599848,4.709382,12710,452,0.0750200000000004,154.741044,21,14,15
154.234593,0,29.428507,7.105691,11786,422,0.125844,153.805886,14,8,17
