OK
240.495239
144
Boogie Dump Took : 0.76103
0.002278
9.432583
1.63621915972222
20.337814,0,10.966275,1.452685,3244,261,0.002795,19.953231,11,10,16
21.017558,0,12.0232130000001,2.6482,3846,478,0.02134,19.688557,11,9,13
25.976272,0,14.315708,2.002294,4257,448,0.0190270000000001,25.381779,16,14,10
14.664021,0,15.063209,1.517273,4685,423,0.0455610000000001,14.207469,14,14,12
24.018128,0,11.873796,1.441918,3973,330,0.0363109999999999,23.63676,10,11,10
14.792383,0,10.974135,1.835462,3808,377,0.0486040000000001,14.327565,9,15,10
