OK
422.090346
188
Boogie Dump Took : 0.822408
0.016718
10.299761
2.19927292021277
53.006049,0,14.985091,6.078015,8844,659,0.130477,52.196461,15,17,14
48.601219,0,9.04789999999998,7.608068,5830,755,0.142866,48.154451,10,22,17
56.953196,0,13.035189,15.059011,7530,661,0.126850000000001,56.531497,11,10,22
57.241523,0,17.5167679999999,7.119737,9848,578,0.156513,56.743579,18,12,15
54.938856,0,10.563378,7.048128,6580,650,0.0888490000000006,54.464089,14,22,10
62.640808,0,15.056102,5.37924,8993,596,0.0862950000000001,62.141999,19,18,9
