OK
533.85847
148
Boogie Dump Took : 1.400786
0.000152
30.961845
3.42761288513513
110.907806,0,35.4824369999999,3.833081,13995,278,0.021364,110.293605,14,10,14
128.257508,0,34.8685100000001,3.150814,13942,241,0.019111,127.793287,15,8,13
143.620956,0,34.431626,3.199842,13916,234,0.022953,143.084723,16,8,18
111.300496,0,39.7174100000003,2.86229,15341,210,0.024271,110.808026,20,9,9
109.403355,0,31.879644,4.988071,13728,392,0.0800610000000003,108.856647,12,10,23
103.831876,0,34.768164,3.902261,14182,280,0.048147,103.163605,14,12,14
