OK
147.572577
96
Boogie Dump Took : 1.777392
0.000761
10.127305
1.47984577083333
19.956313,0,6.79152399999999,1.744868,2225,279,0.013928,19.530818,6,8,11
23.728962,0,7.59036099999999,1.924491,2646,265,0.020858,23.387496,8,9,8
19.064865,0,8.79964199999999,1.281067,3065,273,0.010945,18.730675,8,10,6
23.124277,0,7.361116,2.146018,2630,314,0.0630440000000002,22.766024,5,8,9
16.949379,0,9.39581100000001,1.720838,3372,253,0.025848,16.506662,9,8,8
18.684304,0,9.99831599999999,2.00907,3545,240,0.012172,18.250739,8,9,2
