OK
2619.480793
1585
Boogie Dump Took : 1.151362
0.000435
18.531139
1.63985766750789
90.772643,0,39.510927,81.407964,19782,1120,0.00834800000000003,88.281569,16,173,20
86.622922,0,28.2754510000001,113.44178,13896,1055,0.00813399999999997,83.709293,12,179,24
103.783911,0,47.1520410000001,96.8369330000001,23396,1219,0.00946600000000001,100.755416,19,191,5
109.60373,0,27.5651959999999,88.267167,13424,1046,0.00843500000000003,106.812472,11,181,17
105.719344,0,28.380935,92.5652590000001,14347,1222,0.00970400000000003,103.565497,12,195,9
100.361473,0,40.3074260000003,83.314826,19650,1022,0.00818800000000004,98.399318,19,177,11
110.752157,0,26.8294850000001,97.621675,13720,1160,0.00911700000000003,108.547008,11,180,21
109.158241,0,30.4328359999998,72.808222,15142,1169,0.010334,105.777677,18,191,11
