27758592
27108

35762176
34924

43528192
42508

47128576
46024

53575680
52320

58298368
56932

63266816
61784

76189696
74404

78274560
76440

86388736
84364

90673152
88548

96985088
94712

98656256
96344

106418176
103924

107507712
104988

112013312
109388

116109312
113388

121708544
118856

125079552
122148

125681664
122736

129064960
126040

130686976
127624

145485824
142076

149929984
146416

155967488
152312

156614656
152944

167145472
163228

167424000
163500

170254336
166264

173764608
169692

176930816
172784

191492096
187004

200097792
195408

201932800
197200

203264000
198500

204562432
199768

208359424
203476

223850496
218604

226476032
221168

227188736
221864

227188736
221864

227450880
222120

230207488
224812

233660416
228184

235511808
229992

239083520
233480

244060160
238340

245174272
239428

246800384
241016

253177856
247244

256909312
250888

259006464
252936

260055040
253960

264613888
258412

265662464
259436

266776576
260524

269922304
263596

270475264
264136

272486400
266100

276217856
269744

276217856
269744

288817152
282048

288817152
282048

288817152
282048

288817152
282048

288817152
282048

309788672
302528

313520128
306172

314044416
306684

316141568
308732

316940288
309512

317399040
309960

319643648
312152

325935104
318296

325935104
318296

329080832
321368

329605120
321880

331702272
323928

332935168
325132

334135296
326304

334135296
326304

334135296
326304

336232448
328352

346447872
338328

346447872
338328

346447872
338328

346447872
338328

350154752
341948

355381248
347052

355381248
347052

355381248
347052

358879232
350468

366342144
357756

366342144
357756

366342144
357756

366342144
357756

367390720
358780

367652864
359036

379707392
370808

379707392
370808

386355200
377300

392318976
383124

394502144
385256

394502144
385256

396181504
386896

397230080
387920

398307328
388972

407777280
398220

407777280
398220

408563712
398988

409776128
400172

416391168
406632

421122048
411252

421773312
411888

425664512
415688

426713088
416712

434212864
424036

434212864
424036

435261440
425060

435261440
425060

453111808
442492

453111808
442492

453111808
442492

453111808
442492

453111808
442492

453111808
442492

453111808
442492

453111808
442492

453111808
442492

453111808
442492

453111808
442492

453111808
442492

453111808
442492

453111808
442492

458711040
447960

458711040
447960

458711040
447960

458711040
447960

461365248
450552

466518016
455584

480538624
469276

482373632
471068

482373632
471068

483139584
471816

483139584
471816

484532224
473176

484532224
473176

485568512
474188

485568512
474188

490762240
479260

492335104
480796

494366720
482780

495939584
484316

496988160
485340

500523008
488792

500523008
488792

502095872
490328

503472128
491672

503472128
491672

503472128
491672

505077760
493240

505602048
493752

505896960
494040

507342848
495452

507895808
495992

509288448
497352

511795200
499800

513892352
501848

514940928
502872

514940928
502872

514940928
502872

514940928
502872

514940928
502872

514940928
502872

514940928
502872

514940928
502872

515137536
503064

515137536
503064

515137536
503064

515137536
503064

515137536
503064

515137536
503064

515371008
503292

515371008
503292

515371008
503292

515371008
503292

515371008
503292

517799936
505664

517799936
505664

517799936
505664

517799936
505664

517799936
505664

517799936
505664

517799936
505664

517799936
505664

517799936
505664

517799936
505664

517799936
505664

517799936
505664

517799936
505664

517799936
505664

517799936
505664

518848512
506688

518848512
506688

518848512
506688

519897088
507712

520740864
508536

520740864
508536

520740864
508536

520740864
508536

521457664
509236

521789440
509560

521789440
509560

522768384
510516

522768384
510516

532901888
520412

532901888
520412

532901888
520412

532901888
520412

532901888
520412

532901888
520412

532901888
520412

532901888
520412

0

