38174720
37280

46055424
44976

55705600
54400

59129856
57744

62267392
60808

73478144
71756

79323136
77464

84160512
82188

88440832
86368

90931200
88800

95109120
92880

97845248
95552

103481344
101056

104366080
101920

110051328
107472

117633024
114876

120602624
117776

120602624
117776

125734912
122788

140693504
137396

145121280
141720

147742720
144280

152633344
149056

159883264
156136

159883264
156136

162373632
158568

162635776
158824

164048896
160204

166416384
162516

169639936
165664

178036736
173864

178036736
173864

185245696
180904

186183680
181820

193347584
188816

200019968
195332

212615168
207632

213794816
208784

214441984
209416

220409856
215244

223907840
218660

234389504
228896

238317568
232732

238317568
232732

238841856
233244

250126336
244264

250126336
244264

250126336
244264

254099456
248144

254099456
248144

254099456
248144

254099456
248144

254099456
248144

259153920
253080

260202496
254104

261124096
255004

262332416
256184

264822784
258616

269398016
263084

269398016
263084

269398016
263084

281997312
275388

281997312
275388

302968832
295868

303493120
296380

311549952
304248

316665856
309244

326176768
318532

328175616
320484

336236544
328356

336236544
328356

336236544
328356

337895424
329976

338812928
330872

340017152
332048

340725760
332740

342368256
334344

344530944
336456

344834048
336752

347504640
339360

348028928
339872

350846976
342624

354582528
346272

355893248
347552

357072896
348704

358645760
350240

366637056
358044

366637056
358044

366637056
358044

366637056
358044

366637056
358044

366637056
358044

366637056
358044

367685632
359068

378294272
369428

378294272
369428

378294272
369428

378294272
369428

384942080
375920

384942080
375920

384942080
375920

384942080
375920

384942080
375920

386318336
377264

387366912
378288

389414912
380288

397803520
388480

397803520
388480

397803520
388480

397803520
388480

398852096
389504

398852096
389504

399900672
390528

400502784
391116

402993152
393548

404045824
394576

409477120
399880

409477120
399880

409477120
399880

410525696
400904

429424640
419360

429424640
419360

429424640
419360

429424640
419360

429424640
419360

429424640
419360

429424640
419360

429424640
419360

429424640
419360

429424640
419360

435023872
424828

435023872
424828

435023872
424828

435023872
424828

436334592
426108

436334592
426108

439906304
429596

450379776
439824

451428352
440848

452931584
442316

453980160
443340

455057408
444392

456630272
445928

456630272
445928

457113600
446400

458162176
447424

459210752
448448

461832192
451008

463106048
452252

464416768
453532

470368256
459344

470368256
459344

473333760
462240

475168768
464032

476610560
465440

477790208
466592

478838784
467616

478838784
467616

480468992
469208

483090432
471768

484704256
473344

485711872
474328

485711872
474328

487821312
476388

490020864
478536

491069440
479560

491069440
479560

491761664
480236

492204032
480668

493252608
481692

493252608
481692

493486080
481920

493486080
481920

493666304
482096

494321664
482736

494321664
482736

494321664
482736

495226880
483620

495861760
484240

495861760
484240

495861760
484240

495861760
484240

498561024
486876

498561024
486876

498561024
486876

498561024
486876

498561024
486876

498561024
486876

499609600
487900

499609600
487900

499609600
487900

499609600
487900

499609600
487900

499609600
487900

499871744
488156

500920320
489180

501706752
489948

501706752
489948

501706752
489948

501706752
489948

501968896
490204

501968896
490204

501968896
490204

502222848
490452

502222848
490452

502845440
491060

502845440
491060

503918592
492108

503918592
492108

503918592
492108

503918592
492108

504340480
492520

504340480
492520

504602624
492776

504602624
492776

504893440
493060

505942016
494084

505942016
494084

0

