0.020201,0.058667,1
0.051107,19
0.102742,14
0.129695,3
0.102233,1
0.105538,1
0.096762,1
0.102519,2
0.113334,1
0.111841,1
0.116852,5
0.119136,6
0.134794,3
0.133786,3
0.145145,9
0.161688,18
0.207963,31
0.262156,16
0.314726,15
0.262372,5
0.242481,5
0.262892,1
0.257607,1
0.271915,1
0.283019,11
0.296663,9
0.342486,7
0.334676,19
0.370814,10
0.523134,11
0.03248,0.30714,9
0.000117,0.338637,7
0.380034,19
0.384177,10
0.500942,1
0.316045,1
0.313339,1
0.319679,1
0.316918,1
0.038404,0.306209,1
0.324606,11
0.036176,0.341129,9
0.390572,7
0.377626,19
0.424213,10
0.532041,11
0.379041,9
0.369518,7
0.37503,19
0.42326,10
0.037176,0.541425,1
0.351344,11
0.370958,9
0.384205,7
0.419294,19
0.426714,10
0.001148,0.552976,11
0.390241,9
0.409753,7
0.03997,0.40404,19
0.445367,10
0.558623,11
0.432196,9
0.038994,0.407548,7
0.426778,19
0.043466,115
0.045219,0.464711,13
0.699113,11
0.427899,9
0.468382,7
0.480946,19
0.533082,10
0.668879,1
0.044635,0.397787,1
0.043321,0.428949,1
0.462154,11
0.016876,0.474471,9
0.49655,7
0.045517,128
0.060471,0.511475,18
0.558254,10
0.747348,10
0.510258,9
0.509719,7
0.529961,19
0.620473,10
0.721334,11
0.55936,9
0.554586,7
0.567676,19
0.588525,10
0.815603,9
0.584346,9
0.031775,0.392172,4
0.391609,4
0.379396,3
0.368045,3
0.407938,9
0.428199,18
0.497898,31
0.51943,16
0.652535,15
0.521621,5
0.550517,5
0.530806,1
0.538881,1
0.533142,1
0.5529,11
0.060487,0.557311,9
0.642482,7
0.615899,19
0.677634,10
0.915049,11
0.64235,9
0.645596,7
0.701741,19
0.694449,10
1.12678,1
0.640448,1
0.636544,1
0.634979,1
0.68515,1
0.654247,1
0.663303,11
0.683014,9
0.713513,7
0.066305,0.726122,19
0.808857,10
0.99288,11
0.680971,9
0.065422,0.663526,7
0.73635,19
0.784133,10
1.060952,1
0.666505,11
0.695714,9
0.691124,7
0.720944,19
0.065623,90
0.075967,0.855874,13
1.116877,10
0.658913,9
0.69923,7
0.71911,19
0.078497,0.731416,10
1.046471,10
0.694872,9
0.687937,7
0.072125,0.725707,19
0.790495,10
1.063749,11
0.712543,9
0.731559,7
0.086898,160
0.095033,0.783943,18
0.836163,10
1.109106,1
0.73711,11
0.741942,9
0.774932,7
0.80833,19
0.874957,10
1.024079,11
0.658556,5
0.641738,3
0.083454,0.623265,3
0.077901,0.627649,9
0.650229,18
0.77543,31
0.753535,16
0.860261,15
0.764011,5
0.748932,5
0.777237,1
0.761142,1
0.738709,1
0.778127,11
0.804925,9
0.856949,7
0.870271,19
0.886915,10
1.092549,11
0.808336,9
0.848941,7
0.87143,19
0.900556,10
1.028223,1
0.770034,1
0.798115,1
0.817782,1
0.817837,1
0.804879,1
0.116506,108
0.32774,0.858163,10
0.87834,9
0.865557,7
0.949761,19
0.960194,10
1.053733,10
0.916377,9
0.915382,7
0.941247,19
0.964031,10
1.08861,11
0.889199,9
0.913089,7
0.958403,19
0.986547,10
1.099693,10
0.912659,9
0.928548,7
0.974512,19
1.039485,10
1.126655,10
0.956632,9
0.952338,7
1.012635,19
1.004735,10
1.188306,11
1.008661,9
0.949757,7
0.984324,19
1.047965,10
1.17433,1
0.909435,1
0.357427,157
0.44385,0.965472,11
1.053136,9
1.07987,7
1.077395,19
1.127677,10
1.149742,10
1.023462,9
1.072065,7
1.07138,19
1.162632,10
1.244476,11
1.109737,9
1.032228,3
0.3016,0.870488,3
0.29999,0.907108,3
0.900078,9
0.90283,18
0.986287,31
1.063237,16
1.095567,15
1.096625,5
1.113455,5
1.040557,1
1.064187,1
1.120531,1
1.05064,11
0.325505,1.085653,9
1.113505,7
1.157549,19
0.34034,1.133912,10
1.413197,11
1.127736,9
1.15505,7
1.165283,19
1.242555,10
1.489658,1
1.080522,1
1.048537,1
1.139279,1
1.138443,1
1.133877,1
1.11059,11
1.157944,9
1.172457,7
1.201364,19
1.316563,10
1.540304,11
1.206848,9
1.426682,7
1.237781,19
1.335819,10
1.561466,1
1.151767,11
1.219787,9
1.263682,7
1.273735,19
1.348624,10
1.648468,11
1.282532,9
1.231123,7
1.285699,19
1.37673,10
1.624641,11
1.206756,3
1.107713,3
1.052505,3
1.082,9
1.080122,18
1.116769,31
1.339854,16
1.323538,15
1.254867,5
1.246816,5
1.212194,1
1.245983,1
1.239309,1
1.30745,11
1.347212,9
1.28597,7
1.348995,19
1.36744,10
1.645091,11
1.348437,9
1.355909,7
1.35915,19
1.414383,10
1.798535,1
0.334963,1.269975,1
1.307757,1
1.302162,1
1.314971,1
1.301183,1
1.309626,11
0.343934,1.376035,9
1.307916,3
1.155701,3
1.098314,3
1.207916,9
0.225267,52
0.257331,1.177379,24
1.331442,27
0.251157,1.330066,17
1.330486,4
1.146391,3
0.190622,1.209505,9
1.175431,18
1.296205,31
1.424351,16
1.408785,15
1.390145,5
0.035021,1.317896,5
1.325856,1
1.371079,1
1.359853,1
1.345174,11
1.44685,9
1.467761,7
1.583388,19
1.539212,10
1.823208,11
1.464709,9
1.44782,7
1.465248,19
1.524106,10
2.030382,1
1.420449,1
1.449036,1
1.433955,1
1.411996,1
1.435597,1
1.457326,11
1.506621,9
0.208139,1.363161,7
1.391658,19
1.492087,10
1.718017,11
0.19369,61
0.194719,1.358468,8
0.123276,1.438321,7
1.463361,19
1.532137,10
1.688292,11
1.368082,9
1.477879,7
0.191364,1.397785,19
0.101831,1.561755,10
1.755451,10
1.409486,9
1.490701,7
1.427582,19
1.557544,10
1.783117,10
0.128412,1.463568,9
1.498007,7
1.544387,19
1.563863,10
1.929326,11
1.493802,9
0.120939,1.503202,7
1.644214,19
1.589523,10
1.779293,1
1.38626,1
1.404412,1
1.464348,11
1.53084,9
1.606317,7
0.199413,1.551726,19
1.633399,10
1.794867,11
1.572979,9
1.546551,7
1.593745,19
1.671381,10
1.88415,1
1.424856,11
1.513434,9
1.609685,7
1.605145,19
1.670601,10
2.143082,10
1.626665,9
1.619697,7
1.650127,19
1.665836,10
2.137855,3
0.197456,1.523314,10
1.780863,0.00047,0.000417,0.209115,1.487982,4
1.554439,10
0.194715,2.155814,0.000541,0.007752,0.0004,0.000397,1.373317,11
1.438597,5
1.368272,5
1.312058,1
1.29405,1
1.311028,1
1.369177,11
1.315172,9
1.385922,7
1.307336,19
1.387537,10
0.181761,1.67416,11
0.180477,1.343351,9
1.432846,7
1.431277,19
1.406596,10
1.539342,1
1.381219,1
1.354359,1
1.335371,1
1.385915,1
1.3638,1
1.398369,11
1.449346,9
1.425273,7
1.419731,19
1.504834,10
1.590419,11
1.377353,9
1.406477,7
1.387522,19
1.442087,10
1.545954,1
1.397092,11
1.414293,9
0.205889,1.422454,7
1.415163,19
0.224344,75
0.212749,1.468345,13
1.732663,10
0.131913,1.469407,9
1.502461,7
1.499955,19
1.587669,10
1.708437,10
1.506306,9
1.469138,7
0.108569,1.508374,19
1.555018,10
1.707946,11
1.529092,9
1.578255,7
1.55391,19
0.113098,1.556088,10
1.72033,1
1.51697,1
1.462924,1
1.578146,11
1.49701,9
1.516463,7
0.120105,1.639234,19
1.629271,10
1.729038,11
1.526227,9
1.497331,7
1.548939,19
1.642956,10
1.794327,1
1.539495,11
1.693436,9
1.652287,7
1.673134,19
1.685121,10
0.204639,1.835645,10
1.668273,9
0.239561,1.5564,7
1.541158,19
1.582011,10
1.953194,3
1.619951,10
2.697508,0.000484,0.000422,1.62186,4
1.538796,10
3.964203,0.022553,0.000471,0.000456,0.000455,0.001456,1.384086,7
1.329922,19
1.458642,10
1.627627,11
0.196416,65
0.204974,1.341,8
1.313541,7
0.185626,1.3752,19
1.522306,10
0.183419,1.714606,11
1.426367,9
1.412229,7
1.428252,19
1.428555,10
1.687735,10
0.126849,1.402657,9
1.426972,7
1.452597,19
1.49725,10
1.831419,10
1.417793,9
1.432811,7
0.110157,1.448396,19
1.558973,10
0.195796,1.808164,11
1.400644,9
1.455408,7
1.439844,19
0.112366,1.573022,10
1.90942,1
1.41806,1
1.380364,1
1.411735,11
1.485084,9
0.202109,105
0.180091,20
0.227226,14
0.205481,0.122742,1.502366,13
1.517398,15
1.590639,11
1.738957,10
1.469643,9
1.476308,7
1.534586,19
1.677313,10
1.999001,11
0.222313,1.499044,9
1.48364,7
1.452263,19
1.637748,10
2.107145,9
1.536286,9
1.459418,7
1.513231,19
1.669485,10
2.150384,8
1.560867,10
1.939612,0.16524,0.000711,1.552893,8
1.517351,10
2.664044,0.027252,0.00066,0.040298,0.400518,0.028054,1.199041,9
1.242957,7
1.250037,19
1.353292,10
1.631718,1
1.177551,1
1.140132,1
1.146848,1
1.210246,1
1.205779,1
1.201433,11
1.289189,9
1.247981,7
1.253534,19
1.318709,10
1.545666,11
1.270824,9
1.279534,7
1.300597,19
0.171273,1.358778,10
1.561821,1
1.220332,11
1.281725,9
0.164671,1.269335,7
0.114859,1.303841,19
0.166442,1.362891,10
1.645155,11
1.349354,9
1.351679,7
1.353076,19
1.428213,10
0.099456,1.892533,11
0.176964,1.35318,9
1.371596,7
1.373115,19
1.441567,10
1.888163,4
0.099028,1.309874,10
3.861851,0.00168,0.000451,0.001277,0.029843,0.028579,0.025672,0.028107,0.446981,1.079518,7
1.099738,19
1.099629,10
1.351747,9
1.117802,9
1.150418,7
1.138348,19
1.110174,10
1.499761,8
0.174228,71
0.197355,1.11212,9
6.903674,0.001851,0.026274,0.020779,0.020088,0.020031,0.03071,0.341437,0.805909,9
0.873193,7
0.864818,19
0.932426,10
0.108854,1.06955,11
0.842429,9
0.822826,7
0.858999,19
0.941594,10
1.242926,9
0.88245,9
0.856611,7
0.085708,0.879607,19
0.94216,10
1.302887,8
0.862079,10
4.227228,0.074945,0.545862,0.525855,0.364007,0.077639,0.567926,7
0.214047,0.609891,19
0.617258,10
0.94976,8
0.584922,10
5.59464,