OK
373.759025
73
Boogie Dump Took : 0.898797
0.000926
24.459728
2.65792347945205
244.940681,0,2.778893,0.49762,1597,77,0.000615,244.548956,3,2,6
41.888934,0,6.58781099999997,0.521854,3647,74,0.000576,41.448053,10,1,8
238.493243,0,6.29038200000001,0.371779,3440,53,0.000483,238.039199,12,0,6
227.271491,0,4.56615999999999,0.661577,2606,79,0.000635,226.843179,8,1,10
36.180562,0,3.96606500000001,0.456813,2274,84,0.000719,35.800924,7,0,11
221.105329,0,6.243329,0.42742,3431,82,0.000651,220.676052,9,1,8
204.409941,0,9.102492,0.559696,5193,69,0.00068,203.88672,12,0,8
209.678629,0,4.50328399999999,0.761904,2510,98,0.000826,209.241964,6,1,10
