OK
2375.44628
267
Boogie Dump Took : 0.814634
0.003268
73.165019
7.92788213857678
391.947723,0,56.457861,15.433405,24288,298,0.002236,390.69879,11,21,16
400.058635,0,74.0748990000003,13.159554,26972,297,0.002597,398.630894,15,20,15
371.166093,0,85.7753530000006,13.017364,34388,289,0.002229,369.625326,16,16,18
433.822963,0,65.7507280000002,14.683834,24701,261,0.002059,432.531198,15,22,16
372.80754,0,46.5159860000001,24.264361,19857,269,0.00217,371.531695,9,20,17
344.706976,0,83.6143799999997,13.585733,33337,235,0.001803,343.186212,16,20,13
244.59374,0,84.1340040000005,10.560682,33836,245,0.001739,243.502362,17,10,13
299.519697,0,76.2288789999998,10.980626,29429,283,0.002189,298.207208,17,22,8
