OK
430.354655
135
Boogie Dump Took : 1.045193
0.002871
24.900439
2.99065385185185
161.984852,0,33.562632,4.504694,12478,193,0.001319,160.896032,14,2,19
146.555063,0,38.32627,3.292305,14705,171,0.00105,145.739426,16,1,17
171.634545,0,32.805421,3.532752,12122,211,0.00148,171.020133,13,1,17
152.953904,0,37.23455,3.806806,14098,190,0.001212,152.277538,16,2,18
173.575135,0,43.0883890000001,1.941922,15484,89,0.000669,172.892803,21,0,11
151.909322,0,35.5149440000002,2.863273,13320,208,0.001312,151.261082,15,1,13
159.370595,0,34.6788970000001,3.803948,12379,184,0.001197,158.604876,16,2,20
152.880235,0,35.1283479999999,1.649534,13233,181,0.001082,152.303051,13,2,9
