ReachedBound
183.475934
246
Boogie Dump Took : 0.948893
0.000366
20.206368
0.706334845528455
0,0,0,0,0,0,0,4.245234,5,1,5
0,0,0,0,0,0,0,4.303163,5,1,4
0,0,0,0,0,0,0,4.644102,6,1,4
0,0,0,0,0,0,0,4.121589,4,2,5
0,0,0,0,0,0,0,4.143715,4,1,7
0,0,0,0,0,0,0,4.55557,7,1,3
0,0,0,0,0,0,0,4.072315,3,2,6
0,0,0,0,0,0,0,3.915033,4,1,4
0,0,0,0,0,0,0,62.248366,8,1,4
0,0,0,0,0,0,0,4.92455,6,2,4
0,0,0,0,0,0,0,7.347045,4,2,3
0,0,0,0,0,0,0,8.820897,7,1,7
0,0,0,0,0,0,0,51.469805,6,1,9
0,0,0,0,0,0,0,5.481654,6,1,6
0,0,0,0,0,0,0,42.816457,6,1,7
0,0,0,0,0,0,0,62.504213,6,0,8
0,0,0,0,0,0,0,36.957518,10,1,12
0,0,0,0,0,0,0,26.670774,10,1,9
0,0,0,0,0,0,0,34.288224,11,1,10
0,0,0,0,0,0,0,23.773747,11,0,9
0,0,0,0,0,0,0,16.216024,10,0,11
0,0,0,0,0,0,0,16.706751,8,0,7
0,0,0,0,0,0,0,42.697803,8,1,11
0,0,0,0,0,0,0,7.262214,5,0,3
0,0,0,0,0,0,0,11.209492,7,1,6
0,0,0,0,0,0,0,21.221162,7,0,6
0,0,0,0,0,0,0,48.232776,8,0,10
0,0,0,0,0,0,0,51.923533,8,1,10
0,0,0,0,0,0,0,45.133794,7,1,3
0,0,0,0,0,0,0,43.079483,5,1,8
0,0,0,0,0,0,0,15.692059,7,1,6
0,0,0,0,0,0,0,14.959839,8,1,7
#ALGO Details#
Best Algo splitMode:100
SplitMode:totalANDSplits
100:48
50:57
50:76
50:62