OK
54.944411
296
Boogie Dump Took : 0.941646
0.000334
1.362381
0.180335945945946
0,0,0,0,0,0,0,17.674212,14,2,8
0,0,0,0,0,0,0,14.818205,16,1,11
0,0,0,0,0,0,0,15.149246,14,1,14
0,0,0,0,0,0,0,13.423343,16,1,8
0,0,0,0,0,0,0,11.9548,14,0,13
0,0,0,0,0,0,0,10.951618,13,0,17
0,0,0,0,0,0,0,8.704213,5,0,29
0,0,0,0,0,0,0,15.091742,16,1,8
0,0,0,0,0,0,0,5.419453,4,0,14
0,0,0,0,0,0,0,9.251912,9,1,9
0,0,0,0,0,0,0,5.249885,9,0,8
0,0,0,0,0,0,0,6.496987,9,1,5
0,0,0,0,0,0,0,7.689022,10,0,6
0,0,0,0,0,0,0,7.746891,7,0,5
0,0,0,0,0,0,0,7.841807,5,0,4
0,0,0,0,0,0,0,9.282702,9,0,10
0,0,0,0,0,0,0,6.718957,9,0,6
0,0,0,0,0,0,0,8.562833,5,1,8
0,0,0,0,0,0,0,4.373544,3,0,12
0,0,0,0,0,0,0,11.824393,7,0,4
0,0,0,0,0,0,0,9.685765,9,0,7
0,0,0,0,0,0,0,9.826351,6,1,7
0,0,0,0,0,0,0,10.868816,7,1,3
0,0,0,0,0,0,0,12.746617,7,0,5
0,0,0,0,0,0,0,7.491762,9,0,11
0,0,0,0,0,0,0,8.621301,9,0,10
0,0,0,0,0,0,0,8.355597,7,1,8
0,0,0,0,0,0,0,7.34934,10,0,4
0,0,0,0,0,0,0,3.079098,2,0,7
0,0,0,0,0,0,0,7.64886,7,0,8
0,0,0,0,0,0,0,6.387858,7,0,5
0,0,0,0,0,0,0,6.613419,9,0,6
