ReachedBound
50.476393
250
Boogie Dump Took : 1.439315
0.000208
1.272349
0.192616928
0,0,0,0,0,0,0,18.039416,9,1,4
0,0,0,0,0,0,0,16.651543,8,1,5
0,0,0,0,0,0,0,20.020034,9,2,5
0,0,0,0,0,0,0,18.121503,9,1,6
0,0,0,0,0,0,0,18.860653,7,0,5
0,0,0,0,0,0,0,15.352708,8,1,7
0,0,0,0,0,0,0,7.287337,4,0,9
0,0,0,0,0,0,0,6.337001,4,0,17
0,0,0,0,0,0,0,4.490856,3,0,9
0,0,0,0,0,0,0,10.660203,10,0,12
0,0,0,0,0,0,0,10.886483,10,0,5
0,0,0,0,0,0,0,11.489165,10,0,3
0,0,0,0,0,0,0,11.972944,8,0,9
0,0,0,0,0,0,0,11.82742,9,0,8
0,0,0,0,0,0,0,10.481588,10,0,4
0,0,0,0,0,0,0,4.175638,3,0,12
0,0,0,0,0,0,0,9.154598,11,1,3
0,0,0,0,0,0,0,4.630013,5,1,10
0,0,0,0,0,0,0,9.719848,10,0,9
0,0,0,0,0,0,0,7.551167,7,0,8
0,0,0,0,0,0,0,7.617671,9,1,6
0,0,0,0,0,0,0,11.227477,8,0,5
0,0,0,0,0,0,0,7.427063,10,0,8
0,0,0,0,0,0,0,4.394111,2,0,12
0,0,0,0,0,0,0,3.754237,3,0,13
0,0,0,0,0,0,0,14.29984,10,0,1
0,0,0,0,0,0,0,11.746228,9,0,6
0,0,0,0,0,0,0,3.232244,3,0,10
0,0,0,0,0,0,0,8.126374,7,1,7
0,0,0,0,0,0,0,5.872425,7,0,10
0,0,0,0,0,0,0,11.45012,8,1,2
0,0,0,0,0,0,0,14.219477,8,0,5
#ALGO Details#
Best Algo splitMode:100
SplitMode:totalANDSplits
100:64
50:63
50:64
50:56