OK
29.81299
147
Boogie Dump Took : 1.280773
0.002003
1.837683
0.19300743537415
0,0,0,0,0,0,0,12.230168,4,1,3
0,0,0,0,0,0,0,2.475056,2,0,3
0,0,0,0,0,0,0,2.340399,2,0,9
0,0,0,0,0,0,0,12.503221,5,0,3
0,0,0,0,0,0,0,10.616799,5,1,4
0,0,0,0,0,0,0,12.042529,4,1,1
0,0,0,0,0,0,0,13.04471,3,0,2
0,0,0,0,0,0,0,12.191963,3,0,3
0,0,0,0,0,0,0,4.265625,6,0,9
0,0,0,0,0,0,0,7.749471,5,0,3
0,0,0,0,0,0,0,4.807148,4,0,4
0,0,0,0,0,0,0,4.847305,7,0,8
0,0,0,0,0,0,0,3.751502,3,0,3
0,0,0,0,0,0,0,4.02508,3,0,5
0,0,0,0,0,0,0,5.598203,6,0,6
0,0,0,0,0,0,0,7.09405,7,0,2
0,0,0,0,0,0,0,8.107461,5,0,6
0,0,0,0,0,0,0,10.288198,7,0,3
0,0,0,0,0,0,0,8.473516,7,0,2
0,0,0,0,0,0,0,3.727281,3,0,5
0,0,0,0,0,0,0,8.917521,3,1,6
0,0,0,0,0,0,0,5.349426,3,0,8
0,0,0,0,0,0,0,7.363554,4,0,2
0,0,0,0,0,0,0,8.921605,4,1,3
0,0,0,0,0,0,0,2.722031,4,1,5
0,0,0,0,0,0,0,3.089316,8,0,3
0,0,0,0,0,0,0,2.514566,3,0,7
0,0,0,0,0,0,0,4.238386,3,0,3
0,0,0,0,0,0,0,3.339599,2,0,2
0,0,0,0,0,0,0,4.35778,5,0,6
0,0,0,0,0,0,0,4.512537,4,1,3
0,0,0,0,0,0,0,3.187775,6,0,5
