NOK
10.540781
85
Boogie Dump Took : 1.491329
0.00071
0.670764
0.104842023529412
0,0,0,0,0,0,0,2.557715,1,1,1
0,0,0,0,0,0,0,2.531007,2,0,2
0,0,0,0,0,0,0,2.694601,2,0,1
0,0,0,0,0,0,0,1.518049,2,0,5
0,0,0,0,0,0,0,2.595801,2,0,1
0,0,0,0,0,0,0,2.614803,1,0,1
0,0,0,0,0,0,0,2.616539,1,1,1
0,0,0,0,0,0,0,2.571188,2,0,1
0,0,0,0,0,0,0,3.085621,2,0,2
0,0,0,0,0,0,0,3.068636,2,0,3
0,0,0,0,0,0,0,2.652256,2,0,4
0,0,0,0,0,0,0,3.218435,2,1,1
0,0,0,0,0,0,0,3.439248,4,0,1
0,0,0,0,0,0,0,3.266186,2,0,1
0,0,0,0,0,0,0,2.376083,5,0,5
0,0,0,0,0,0,0,2.685921,1,0,2
0,0,0,0,0,0,0,2.425641,2,0,3
0,0,0,0,0,0,0,2.862314,2,0,2
0,0,0,0,0,0,0,2.79164,3,0,3
0,0,0,0,0,0,0,3.175456,2,0,1
0,0,0,0,0,0,0,2.197114,3,0,6
0,0,0,0,0,0,0,3.349336,2,0,1
0,0,0,0,0,0,0,3.200232,2,0,2
0,0,0,0,0,0,0,3.272037,3,0,0
0,0,0,0,0,0,0,2.44138,4,0,3
0,0,0,0,0,0,0,3.000634,3,0,2
0,0,0,0,0,0,0,2.669686,2,1,1
0,0,0,0,0,0,0,3.063706,4,0,1
0,0,0,0,0,0,0,3.009115,2,0,1
0,0,0,0,0,0,0,1.872515,2,0,5
0,0,0,0,0,0,0,2.298888,1,0,4
0,0,0,0,0,0,0,2.460973,1,0,1
