NOK
9.504912
85
Boogie Dump Took : 1.925289
0.001321
0.693179
0.0879824705882353
0,0,0,0,0,0,0,2.339435,2,0,3
0,0,0,0,0,0,0,2.556359,2,0,2
0,0,0,0,0,0,0,2.786671,3,0,3
0,0,0,0,0,0,0,2.659265,2,0,1
0,0,0,0,0,0,0,1.963199,2,1,4
0,0,0,0,0,0,0,2.644923,2,0,1
0,0,0,0,0,0,0,2.637134,2,0,1
0,0,0,0,0,0,0,2.477285,1,0,1
0,0,0,0,0,0,0,2.453328,4,0,4
0,0,0,0,0,0,0,2.589967,3,0,3
0,0,0,0,0,0,0,2.321471,2,0,3
0,0,0,0,0,0,0,2.238994,3,0,6
0,0,0,0,0,0,0,2.633953,2,0,2
0,0,0,0,0,0,0,2.869434,3,0,1
0,0,0,0,0,0,0,3.179388,3,0,0
0,0,0,0,0,0,0,2.8765,2,0,2
0,0,0,0,0,0,0,3.412855,3,0,2
0,0,0,0,0,0,0,2.318669,2,0,3
0,0,0,0,0,0,0,4.141137,3,0,2
0,0,0,0,0,0,0,2.802161,2,0,5
0,0,0,0,0,0,0,2.870555,2,0,3
0,0,0,0,0,0,0,3.003918,2,0,1
0,0,0,0,0,0,0,4.149431,2,0,0
0,0,0,0,0,0,0,3.759374,2,0,1
0,0,0,0,0,0,0,2.884775,3,0,4
0,0,0,0,0,0,0,4.133095,3,0,1
0,0,0,0,0,0,0,4.323011,4,0,1
0,0,0,0,0,0,0,3.801944,3,0,5
0,0,0,0,0,0,0,4.075068,3,0,2
0,0,0,0,0,0,0,3.515362,2,0,3
0,0,0,0,0,0,0,3.458766,3,0,4
0,0,0,0,0,0,0,3.579069,2,0,2
#ALGO Details#
Best Algo splitMode:50
SplitMode:totalANDSplits
100:20
50:22
50:18
50:22