NOK
44.121544
250
Boogie Dump Took : 1.410902
0.000575
2.186905
0.1694635
0,0,0,0,0,0,0,6.233023,12,1,6
0,0,0,0,0,0,0,2.819381,5,1,9
0,0,0,0,0,0,0,7.676499,14,0,6
0,0,0,0,0,0,0,4.773254,7,1,8
0,0,0,0,0,0,0,4.982491,10,1,3
0,0,0,0,0,0,0,3.004448,8,3,4
0,0,0,0,0,0,0,2.402509,2,0,15
0,0,0,0,0,0,0,2.647934,2,0,9
0,0,0,0,0,0,0,2.669926,3,0,7
0,0,0,0,0,0,0,3.698341,9,1,7
0,0,0,0,0,0,0,2.874489,3,0,7
0,0,0,0,0,0,0,4.580803,13,0,6
0,0,0,0,0,0,0,3.552406,8,3,7
0,0,0,0,0,0,0,2.458474,5,2,8
0,0,0,0,0,0,0,4.247942,9,0,9
0,0,0,0,0,0,0,4.67502,10,0,8
0,0,0,0,0,0,0,3.726675,6,0,5
0,0,0,0,0,0,0,3.62304,3,0,7
0,0,0,0,0,0,0,4.218192,8,0,8
0,0,0,0,0,0,0,4.316255,11,0,5
0,0,0,0,0,0,0,3.686303,3,0,8
0,0,0,0,0,0,0,6.923578,8,0,5
0,0,0,0,0,0,0,4.488975,8,1,6
0,0,0,0,0,0,0,3.629725,7,0,9
0,0,0,0,0,0,0,3.904026,10,0,5
0,0,0,0,0,0,0,3.02073,6,1,5
0,0,0,0,0,0,0,4.522656,5,2,7
0,0,0,0,0,0,0,2.846826,2,0,6
0,0,0,0,0,0,0,2.27219,6,0,9
0,0,0,0,0,0,0,2.648722,2,0,6
0,0,0,0,0,0,0,3.020473,5,0,4
0,0,0,0,0,0,0,2.777325,8,0,1
#ALGO Details#
Best Algo splitMode:50
SplitMode:totalANDSplits
100:70
50:67
50:58
50:52