NOK
32.558769
228
Boogie Dump Took : 2.026801
0.00033
1.345769
0.131847833333333
0,0,0,0,0,0,0,2.360763,5,1,9
0,0,0,0,0,0,0,5.571693,12,0,7
0,0,0,0,0,0,0,4.85345,15,0,6
0,0,0,0,0,0,0,1.81998,3,0,14
0,0,0,0,0,0,0,4.446407,12,0,10
0,0,0,0,0,0,0,3.275427,10,1,6
0,0,0,0,0,0,0,2.612282,6,3,6
0,0,0,0,0,0,0,2.720104,2,0,7
0,0,0,0,0,0,0,6.659591,8,0,4
0,0,0,0,0,0,0,8.661201,8,0,3
0,0,0,0,0,0,0,8.745166,5,0,3
0,0,0,0,0,0,0,10.887832,7,0,5
0,0,0,0,0,0,0,2.014277,2,0,14
0,0,0,0,0,0,0,8.285872,7,0,6
0,0,0,0,0,0,0,2.769773,2,0,9
0,0,0,0,0,0,0,10.226177,8,0,2
0,0,0,0,0,0,0,2.916592,8,1,7
0,0,0,0,0,0,0,2.506818,3,0,8
0,0,0,0,0,0,0,2.546323,3,0,7
0,0,0,0,0,0,0,2.845448,6,1,6
0,0,0,0,0,0,0,2.370874,7,2,9
0,0,0,0,0,0,0,2.451898,5,1,3
0,0,0,0,0,0,0,2.77831,6,2,2
0,0,0,0,0,0,0,2.78184,7,1,2
0,0,0,0,0,0,0,3.546039,8,0,5
0,0,0,0,0,0,0,3.242526,6,0,4
0,0,0,0,0,0,0,4.402032,5,2,7
0,0,0,0,0,0,0,3.175673,6,1,10
0,0,0,0,0,0,0,2.897939,3,0,3
0,0,0,0,0,0,0,3.567345,8,0,7
0,0,0,0,0,0,0,2.943173,3,0,4
0,0,0,0,0,0,0,2.834012,3,2,1
#ALGO Details#
Best Algo splitMode:50
SplitMode:totalANDSplits
100:72
50:48
50:54
50:51