OK
203.620138
483
Boogie Dump Took : 1.526557
0.001451
4.568375
0.412877830227743
0,0,0,0,0,0,0,45.092558,17,0,16
0,0,0,0,0,0,0,40.393225,19,0,16
0,0,0,0,0,0,0,40.543503,17,0,18
0,0,0,0,0,0,0,43.002315,16,0,19
0,0,0,0,0,0,0,41.336783,17,2,20
0,0,0,0,0,0,0,49.982303,19,0,17
0,0,0,0,0,0,0,42.373403,14,0,18
0,0,0,0,0,0,0,52.534416,19,0,14
0,0,0,0,0,0,0,46.346985,16,1,13
0,0,0,0,0,0,0,34.790429,12,1,20
0,0,0,0,0,0,0,27.66123,13,2,7
0,0,0,0,0,0,0,26.469481,15,0,13
0,0,0,0,0,0,0,45.96008,13,1,8
0,0,0,0,0,0,0,34.908296,13,1,23
0,0,0,0,0,0,0,38.105632,14,0,13
0,0,0,0,0,0,0,48.371708,12,0,10
0,0,0,0,0,0,0,31.934713,14,1,7
0,0,0,0,0,0,0,53.757465,15,0,16
0,0,0,0,0,0,0,31.172313,15,0,17
0,0,0,0,0,0,0,49.501123,13,1,19
0,0,0,0,0,0,0,40.628061,13,0,12
0,0,0,0,0,0,0,50.022488,15,0,16
0,0,0,0,0,0,0,51.629546,13,1,14
0,0,0,0,0,0,0,51.327637,14,2,10
0,0,0,0,0,0,0,54.085964,15,0,14
0,0,0,0,0,0,0,43.01249,16,0,11
0,0,0,0,0,0,0,53.937627,13,1,10
0,0,0,0,0,0,0,47.86277,13,0,8
0,0,0,0,0,0,0,48.005166,13,2,10
0,0,0,0,0,0,0,44.208177,13,0,18
0,0,0,0,0,0,0,44.713298,13,0,18
0,0,0,0,0,0,0,46.776701,13,0,19
#ALGO Details#
Best Algo splitMode:100
SplitMode:totalANDSplits
100:140
50:113
50:116
50:111