NOK
11.913464
122
Boogie Dump Took : 1.442615
0.000444
0.502588
0.0834103196721312
0,0,0,0,0,0,0,3.28453,2,0,3
0,0,0,0,0,0,0,3.52278,5,0,3
0,0,0,0,0,0,0,3.219412,4,1,3
0,0,0,0,0,0,0,3.284802,3,1,2
0,0,0,0,0,0,0,1.805903,1,0,7
0,0,0,0,0,0,0,3.030665,3,1,2
0,0,0,0,0,0,0,3.352112,2,1,1
0,0,0,0,0,0,0,3.3608,2,1,1
0,0,0,0,0,0,0,2.641821,3,0,4
0,0,0,0,0,0,0,2.906009,4,0,3
0,0,0,0,0,0,0,2.793921,4,0,2
0,0,0,0,0,0,0,3.192712,6,0,5
0,0,0,0,0,0,0,1.881442,1,0,6
0,0,0,0,0,0,0,2.820632,5,0,5
0,0,0,0,0,0,0,3.069433,7,0,5
0,0,0,0,0,0,0,3.031416,1,1,0
0,0,0,0,0,0,0,2.973018,3,1,8
0,0,0,0,0,0,0,4.006981,5,0,4
0,0,0,0,0,0,0,4.204687,4,0,3
0,0,0,0,0,0,0,4.027237,4,0,3
0,0,0,0,0,0,0,2.736044,4,0,5
0,0,0,0,0,0,0,3.995036,4,0,3
0,0,0,0,0,0,0,3.644692,2,1,1
0,0,0,0,0,0,0,3.753409,4,0,2
0,0,0,0,0,0,0,3.482766,4,0,2
0,0,0,0,0,0,0,3.251994,4,0,4
0,0,0,0,0,0,0,2.783909,6,0,5
0,0,0,0,0,0,0,4.108238,5,0,2
0,0,0,0,0,0,0,3.371942,4,0,3
0,0,0,0,0,0,0,3.274265,3,0,3
0,0,0,0,0,0,0,3.260493,4,0,4
0,0,0,0,0,0,0,2.167361,1,0,7
