NOK
20.987807
120
Boogie Dump Took : 1.648417
0.000576
1.381696
0.160320325
0,0,0,0,0,0,0,3.541068,2,2,2
0,0,0,0,0,0,0,3.696898,4,0,2
0,0,0,0,0,0,0,3.558827,2,2,2
0,0,0,0,0,0,0,1.693874,1,2,7
0,0,0,0,0,0,0,3.682023,2,0,1
0,0,0,0,0,0,0,3.628099,2,1,1
0,0,0,0,0,0,0,3.547645,2,1,1
0,0,0,0,0,0,0,3.828403,2,1,1
0,0,0,0,0,0,0,3.444953,7,1,3
0,0,0,0,0,0,0,3.467362,4,1,2
0,0,0,0,0,0,0,3.617564,2,0,3
0,0,0,0,0,0,0,4.101567,3,1,1
0,0,0,0,0,0,0,3.707265,2,1,1
0,0,0,0,0,0,0,2.331217,1,0,8
0,0,0,0,0,0,0,3.861795,2,1,2
0,0,0,0,0,0,0,3.663345,2,1,2
0,0,0,0,0,0,0,2.969765,2,1,9
0,0,0,0,0,0,0,4.082606,4,1,3
0,0,0,0,0,0,0,3.783366,3,1,2
0,0,0,0,0,0,0,3.731501,3,1,2
0,0,0,0,0,0,0,4.318419,3,1,3
0,0,0,0,0,0,0,3.93239,3,1,1
0,0,0,0,0,0,0,4.522607,4,0,2
0,0,0,0,0,0,0,4.814962,2,1,1
0,0,0,0,0,0,0,3.438646,3,1,1
0,0,0,0,0,0,0,3.950338,3,0,2
0,0,0,0,0,0,0,3.940891,3,1,1
0,0,0,0,0,0,0,4.119821,3,0,1
0,0,0,0,0,0,0,2.202771,1,1,8
0,0,0,0,0,0,0,3.132604,2,1,3
0,0,0,0,0,0,0,3.102607,1,1,0
0,0,0,0,0,0,0,3.542375,2,1,1
#ALGO Details#
Best Algo splitMode:100
SplitMode:totalANDSplits
100:29
50:29
50:33
50:26