NOK
28.787822
184
Boogie Dump Took : 1.647921
0.000909
0.734301
0.146550739130435
0,0,0,0,0,0,0,17.881412,3,0,5
0,0,0,0,0,0,0,19.549744,4,0,3
0,0,0,0,0,0,0,19.73754,4,0,3
0,0,0,0,0,0,0,19.768745,4,0,3
0,0,0,0,0,0,0,15.947105,3,0,4
0,0,0,0,0,0,0,20.996457,4,0,3
0,0,0,0,0,0,0,16.915016,3,0,4
0,0,0,0,0,0,0,17.982102,3,0,3
0,0,0,0,0,0,0,13.758269,6,0,8
0,0,0,0,0,0,0,14.073746,7,0,8
0,0,0,0,0,0,0,13.162932,7,0,4
0,0,0,0,0,0,0,13.773576,6,0,6
0,0,0,0,0,0,0,13.234168,6,0,10
0,0,0,0,0,0,0,12.494472,7,0,5
0,0,0,0,0,0,0,14.303785,7,0,4
0,0,0,0,0,0,0,14.440357,5,0,5
0,0,0,0,0,0,0,10.267872,9,0,6
0,0,0,0,0,0,0,13.454499,8,0,3
0,0,0,0,0,0,0,9.920609,6,0,16
0,0,0,0,0,0,0,11.899062,7,0,4
0,0,0,0,0,0,0,10.697945,8,0,6
0,0,0,0,0,0,0,11.117021,6,0,10
0,0,0,0,0,0,0,10.650362,7,0,8
0,0,0,0,0,0,0,11.081892,9,0,6
0,0,0,0,0,0,0,13.577215,6,0,7
0,0,0,0,0,0,0,12.110969,5,0,5
0,0,0,0,0,0,0,15.057671,6,0,4
0,0,0,0,0,0,0,16.154343,6,0,6
0,0,0,0,0,0,0,10.906499,5,0,3
0,0,0,0,0,0,0,15.810986,5,0,12
0,0,0,0,0,0,0,17.637074,6,0,2
0,0,0,0,0,0,0,17.577269,6,0,5
#ALGO Details#
Best Algo splitMode:50
SplitMode:totalANDSplits
100:28
50:50
50:59
50:44