NOK
54.350269
276
Boogie Dump Took : 1.365373
0.001085
4.063254
0.183748594202899
0,0,0,0,0,0,0,12.242646,8,0,9
0,0,0,0,0,0,0,9.30689,8,1,6
0,0,0,0,0,0,0,6.932539,5,1,7
0,0,0,0,0,0,0,11.835908,7,0,8
0,0,0,0,0,0,0,10.337147,9,1,7
0,0,0,0,0,0,0,9.841436,6,1,7
0,0,0,0,0,0,0,13.10814,7,0,6
0,0,0,0,0,0,0,9.85146,5,2,5
0,0,0,0,0,0,0,8.325463,7,0,12
0,0,0,0,0,0,0,11.93818,9,0,6
0,0,0,0,0,0,0,11.398095,9,0,12
0,0,0,0,0,0,0,9.513327,5,0,8
0,0,0,0,0,0,0,11.373507,5,1,4
0,0,0,0,0,0,0,10.429218,7,0,5
0,0,0,0,0,0,0,13.531967,9,0,4
0,0,0,0,0,0,0,12.388726,7,0,6
0,0,0,0,0,0,0,21.238494,11,0,10
0,0,0,0,0,0,0,20.712565,8,0,11
0,0,0,0,0,0,0,21.289094,12,0,6
0,0,0,0,0,0,0,18.213339,8,0,10
0,0,0,0,0,0,0,21.806833,9,0,4
0,0,0,0,0,0,0,19.082754,9,0,7
0,0,0,0,0,0,0,14.251559,8,0,8
0,0,0,0,0,0,0,19.614568,8,0,16
0,0,0,0,0,0,0,8.910842,11,1,10
0,0,0,0,0,0,0,11.505694,12,0,6
0,0,0,0,0,0,0,8.080871,7,0,8
0,0,0,0,0,0,0,8.225845,10,0,12
0,0,0,0,0,0,0,9.249492,9,0,5
0,0,0,0,0,0,0,10.086018,11,0,9
0,0,0,0,0,0,0,8.742503,9,0,11
0,0,0,0,0,0,0,8.965058,8,0,15
#ALGO Details#
Best Algo splitMode:50
SplitMode:totalANDSplits
100:64
50:59
50:72
50:78