ReachedBound
14.047096
67
Boogie Dump Took : 2.704965
0.001428
0.863086
0.162836746268657
0,0,0,0,0,0,0,6.87118,1,0,2
0,0,0,0,0,0,0,7.968315,2,0,2
0,0,0,0,0,0,0,8.062945,2,0,1
0,0,0,0,0,0,0,9.057931,2,0,1
0,0,0,0,0,0,0,3.134829,1,0,1
0,0,0,0,0,0,0,4.396482,1,0,1
0,0,0,0,0,0,0,5.535616,1,0,2
0,0,0,0,0,0,0,6.910845,1,0,1
0,0,0,0,0,0,0,4.925832,3,0,6
0,0,0,0,0,0,0,6.08628,3,0,1
0,0,0,0,0,0,0,6.404654,3,0,2
0,0,0,0,0,0,0,6.278969,3,0,2
0,0,0,0,0,0,0,5.31544,2,0,2
0,0,0,0,0,0,0,5.850073,2,0,0
0,0,0,0,0,0,0,4.330325,2,0,6
0,0,0,0,0,0,0,6.937906,3,0,1
0,0,0,0,0,0,0,6.628143,2,0,2
0,0,0,0,0,0,0,8.329063,3,0,1
0,0,0,0,0,0,0,7.334594,2,0,4
0,0,0,0,0,0,0,7.308281,2,0,1
0,0,0,0,0,0,0,7.805967,2,0,2
0,0,0,0,0,0,0,8.343978,2,0,1
0,0,0,0,0,0,0,8.623012,2,0,1
0,0,0,0,0,0,0,7.628784,2,0,4
0,0,0,0,0,0,0,7.095077,3,0,1
0,0,0,0,0,0,0,7.412512,3,0,1
0,0,0,0,0,0,0,7.709776,3,0,1
0,0,0,0,0,0,0,5.040886,2,0,5
0,0,0,0,0,0,0,4.428441,2,0,4
0,0,0,0,0,0,0,3.480951,1,0,4
0,0,0,0,0,0,0,6.723099,2,0,0
0,0,0,0,0,0,0,7.031181,2,0,1
#ALGO Details#
Best Algo splitMode:100
SplitMode:totalANDSplits
100:11
50:20
50:16
50:17