ReachedBound
108.1964
332
Boogie Dump Took : 0.990438
0.000495
3.048628
0.321285746987952
0,0,0,0,0,0,0,4.619927,6,0,12
0,0,0,0,0,0,0,4.279366,6,0,10
0,0,0,0,0,0,0,5.911607,10,0,15
0,0,0,0,0,0,0,5.524186,12,0,6
0,0,0,0,0,0,0,6.893984,12,1,8
0,0,0,0,0,0,0,4.6652,6,1,7
0,0,0,0,0,0,0,7.549756,12,0,9
0,0,0,0,0,0,0,6.649986,14,0,11
0,0,0,0,0,0,0,5.81604,6,2,15
0,0,0,0,0,0,0,9.990273,12,1,11
0,0,0,0,0,0,0,9.527353,10,1,10
0,0,0,0,0,0,0,5.428983,9,1,6
0,0,0,0,0,0,0,11.442515,14,0,8
0,0,0,0,0,0,0,8.650669,8,0,11
0,0,0,0,0,0,0,21.072286,11,0,6
0,0,0,0,0,0,0,4.575762,5,2,7
0,0,0,0,0,0,0,11.587074,11,0,9
0,0,0,0,0,0,0,8.619031,11,0,15
0,0,0,0,0,0,0,10.07857,14,0,10
0,0,0,0,0,0,0,7.301219,9,0,12
0,0,0,0,0,0,0,11.408758,9,0,15
0,0,0,0,0,0,0,11.456681,9,0,8
0,0,0,0,0,0,0,8.206833,12,0,6
0,0,0,0,0,0,0,7.332746,12,0,11
0,0,0,0,0,0,0,5.99164,15,1,4
0,0,0,0,0,0,0,5.839531,11,0,14
0,0,0,0,0,0,0,5.034114,9,0,14
0,0,0,0,0,0,0,8.205376,6,1,11
0,0,0,0,0,0,0,4.708027,12,0,6
0,0,0,0,0,0,0,14.186789,10,0,10
0,0,0,0,0,0,0,7.052601,9,0,14
0,0,0,0,0,0,0,9.176776,9,0,7
#ALGO Details#
Best Algo splitMode:50
SplitMode:totalANDSplits
100:80
50:81
50:86
50:82