OK
303.33739
582
Boogie Dump Took : 1.799545
0.0011
3.740944
0.517155041237114
0,0,0,0,0,0,0,72.969876,20,0,18
0,0,0,0,0,0,0,84.267338,23,0,17
0,0,0,0,0,0,0,67.071801,23,0,21
0,0,0,0,0,0,0,67.820359,21,0,24
0,0,0,0,0,0,0,61.510931,16,0,16
0,0,0,0,0,0,0,77.86816,20,0,18
0,0,0,0,0,0,0,72.67365,21,0,20
0,0,0,0,0,0,0,49.234523,16,0,26
0,0,0,0,0,0,0,76.386496,18,0,21
0,0,0,0,0,0,0,77.827229,19,0,21
0,0,0,0,0,0,0,69.114955,17,1,23
0,0,0,0,0,0,0,77.280169,22,0,16
0,0,0,0,0,0,0,66.515698,18,0,18
0,0,0,0,0,0,0,88.611277,20,0,18
0,0,0,0,0,0,0,87.43754,22,0,17
0,0,0,0,0,0,0,53.950848,17,0,18
0,0,0,0,0,0,0,85.585961,15,0,13
0,0,0,0,0,0,0,89.647026,17,0,12
0,0,0,0,0,0,0,43.424073,15,0,18
0,0,0,0,0,0,0,88.654939,13,0,17
0,0,0,0,0,0,0,65.176679,12,0,13
0,0,0,0,0,0,0,39.673207,13,0,15
0,0,0,0,0,0,0,45.789192,11,0,11
0,0,0,0,0,0,0,93.393385,17,0,13
0,0,0,0,0,0,0,67.162855,21,0,21
0,0,0,0,0,0,0,33.209687,17,0,21
0,0,0,0,0,0,0,46.328101,20,0,23
0,0,0,0,0,0,0,48.858487,23,1,21
0,0,0,0,0,0,0,45.810664,17,1,18
0,0,0,0,0,0,0,72.289521,18,1,14
0,0,0,0,0,0,0,38.833591,20,0,19
0,0,0,0,0,0,0,37.302174,16,0,14
#ALGO Details#
Best Algo splitMode:100
SplitMode:totalANDSplits
100:160
50:153
50:112
50:154