OK
87.648556
327
Boogie Dump Took : 1.115207
0.001727
4.8245
0.252211859327217
0,0,0,0,0,0,0,27.372875,12,1,10
0,0,0,0,0,0,0,29.583522,13,1,11
0,0,0,0,0,0,0,25.515269,10,1,10
0,0,0,0,0,0,0,13.778365,12,1,20
0,0,0,0,0,0,0,20.423816,13,0,13
0,0,0,0,0,0,0,21.66693,12,1,11
0,0,0,0,0,0,0,19.100352,12,1,10
0,0,0,0,0,0,0,23.073638,13,0,12
0,0,0,0,0,0,0,6.636092,9,1,11
0,0,0,0,0,0,0,9.34224,9,2,6
0,0,0,0,0,0,0,7.894129,8,1,10
0,0,0,0,0,0,0,6.663181,13,1,9
0,0,0,0,0,0,0,7.330295,6,1,9
0,0,0,0,0,0,0,7.286353,10,1,5
0,0,0,0,0,0,0,9.423437,6,1,7
0,0,0,0,0,0,0,6.359869,5,3,8
0,0,0,0,0,0,0,8.406436,5,1,12
0,0,0,0,0,0,0,15.456494,11,0,8
0,0,0,0,0,0,0,10.252524,7,2,10
0,0,0,0,0,0,0,14.095935,11,0,8
0,0,0,0,0,0,0,8.225311,8,0,10
0,0,0,0,0,0,0,7.823922,7,0,10
0,0,0,0,0,0,0,11.86543,12,0,9
0,0,0,0,0,0,0,12.348374,12,1,5
0,0,0,0,0,0,0,5.257199,10,2,5
0,0,0,0,0,0,0,5.057393,3,3,10
0,0,0,0,0,0,0,5.732024,8,1,5
0,0,0,0,0,0,0,5.240928,4,2,7
0,0,0,0,0,0,0,5.982801,6,3,4
0,0,0,0,0,0,0,6.106899,5,4,6
0,0,0,0,0,0,0,5.107363,8,3,4
0,0,0,0,0,0,0,5.011687,5,3,7
