ReachedBound
630.115485
404
Boogie Dump Took : 3.256094
0.001007
17.980427
1.49693619059406
0,0,0,0,0,0,0,15.994902,3,0,6
0,0,0,0,0,0,0,11.403238,3,0,11
0,0,0,0,0,0,0,112.632467,5,1,7
0,0,0,0,0,0,0,56.28033,5,1,6
0,0,0,0,0,0,0,83.779933,9,9,4
0,0,0,0,0,0,0,90.72353,6,4,6
0,0,0,0,0,0,0,42.835733,8,9,2
0,0,0,0,0,0,0,70.521192,8,12,5
0,0,0,0,0,0,0,22.97706,10,5,9
0,0,0,0,0,0,0,20.619486,8,7,5
0,0,0,0,0,0,0,17.652598,7,2,10
0,0,0,0,0,0,0,13.381585,10,8,9
0,0,0,0,0,0,0,14.786725,10,7,7
0,0,0,0,0,0,0,15.580695,6,7,13
0,0,0,0,0,0,0,22.939949,5,8,4
0,0,0,0,0,0,0,25.336546,7,12,5
0,0,0,0,0,0,0,8.317319,7,6,8
0,0,0,0,0,0,0,88.489587,5,2,4
0,0,0,0,0,0,0,153.493476,6,4,4
0,0,0,0,0,0,0,89.079571,7,2,2
0,0,0,0,0,0,0,9.936195,4,3,10
0,0,0,0,0,0,0,9.243364,3,3,2
0,0,0,0,0,0,0,152.853214,8,2,5
0,0,0,0,0,0,0,54.428685,5,7,9
0,0,0,0,0,0,0,33.4525,9,6,9
0,0,0,0,0,0,0,39.635179,11,5,9
0,0,0,0,0,0,0,32.350874,7,4,6
0,0,0,0,0,0,0,53.416995,9,6,7
0,0,0,0,0,0,0,18.226262,10,3,11
0,0,0,0,0,0,0,21.068807,8,6,14
0,0,0,0,0,0,0,12.220037,6,6,9
0,0,0,0,0,0,0,29.054632,12,2,6
#ALGO Details#
Best Algo splitMode:100
SplitMode:totalANDSplits
100:83
50:136
50:73
50:109