NOK
12.914734
120
Boogie Dump Took : 1.798658
0.000346
0.635595
0.0913091666666666
0,0,0,0,0,0,0,2.469302,2,0,2
0,0,0,0,0,0,0,2.51447,3,0,2
0,0,0,0,0,0,0,2.276264,3,0,3
0,0,0,0,0,0,0,2.518598,2,0,1
0,0,0,0,0,0,0,1.77544,1,1,6
0,0,0,0,0,0,0,2.572781,3,0,2
0,0,0,0,0,0,0,2.573857,3,0,2
0,0,0,0,0,0,0,2.665669,2,0,1
0,0,0,0,0,0,0,3.160432,7,0,3
0,0,0,0,0,0,0,3.118632,3,0,2
0,0,0,0,0,0,0,3.345191,3,0,3
0,0,0,0,0,0,0,2.763511,2,1,2
0,0,0,0,0,0,0,3.120789,2,0,1
0,0,0,0,0,0,0,3.209749,2,0,2
0,0,0,0,0,0,0,2.556582,1,0,6
0,0,0,0,0,0,0,3.206241,2,0,2
0,0,0,0,0,0,0,2.085689,3,0,4
0,0,0,0,0,0,0,2.560613,4,0,3
0,0,0,0,0,0,0,1.749548,6,0,6
0,0,0,0,0,0,0,2.14763,3,0,6
0,0,0,0,0,0,0,2.125819,4,0,4
0,0,0,0,0,0,0,2.756284,7,0,1
0,0,0,0,0,0,0,2.489698,3,0,3
0,0,0,0,0,0,0,2.230606,2,0,4
0,0,0,0,0,0,0,3.419617,3,0,2
0,0,0,0,0,0,0,3.519312,3,0,2
0,0,0,0,0,0,0,3.566273,3,0,3
0,0,0,0,0,0,0,2.836558,2,0,5
0,0,0,0,0,0,0,3.208567,5,0,3
0,0,0,0,0,0,0,2.907479,2,0,4
0,0,0,0,0,0,0,3.144136,2,0,4
0,0,0,0,0,0,0,3.500321,5,0,1
