NOK
14.571799
141
Boogie Dump Took : 1.143994
0.000408
0.652019
0.094481219858156
0,0,0,0,0,0,0,4.900482,6,0,8
0,0,0,0,0,0,0,3.305249,3,0,2
0,0,0,0,0,0,0,2.557261,4,0,12
0,0,0,0,0,0,0,5.362616,8,0,4
0,0,0,0,0,0,0,4.391914,4,0,7
0,0,0,0,0,0,0,5.460452,7,0,4
0,0,0,0,0,0,0,3.465829,3,1,0
0,0,0,0,0,0,0,3.273717,4,0,2
0,0,0,0,0,0,0,6.4038,6,0,2
0,0,0,0,0,0,0,4.815667,6,0,3
0,0,0,0,0,0,0,4.101623,4,0,4
0,0,0,0,0,0,0,4.030485,5,0,5
0,0,0,0,0,0,0,5.558154,4,0,2
0,0,0,0,0,0,0,4.90072,3,0,7
0,0,0,0,0,0,0,6.841584,4,0,2
0,0,0,0,0,0,0,4.255956,3,0,9
0,0,0,0,0,0,0,5.47188,7,0,3
0,0,0,0,0,0,0,3.647461,3,0,6
0,0,0,0,0,0,0,3.683607,6,0,2
0,0,0,0,0,0,0,5.481291,5,0,1
0,0,0,0,0,0,0,2.810908,3,0,9
0,0,0,0,0,0,0,4.050607,3,0,7
0,0,0,0,0,0,0,3.961511,3,0,2
0,0,0,0,0,0,0,4.408046,2,0,1
0,0,0,0,0,0,0,3.876263,5,0,4
0,0,0,0,0,0,0,3.483379,4,0,3
0,0,0,0,0,0,0,4.408132,4,0,5
0,0,0,0,0,0,0,5.489892,6,0,3
0,0,0,0,0,0,0,3.741235,2,0,4
0,0,0,0,0,0,0,2.5976,3,0,8
0,0,0,0,0,0,0,4.624865,6,0,2
0,0,0,0,0,0,0,3.449538,4,0,4
