OK
1694.255197
219
Boogie Dump Took : 3.383448
0.007384
68.501647
7.51223771689497
455.122714,0,49.1111930000003,7.996669,20453,167,0.001574,453.689785,14,9,14
429.467092,0,43.4170370000002,10.003347,18582,197,0.001866,428.197408,11,15,14
462.565149,0,24.7690659999999,5.82985,11615,194,0.001727,461.283686,8,14,7
443.568583,0,42.6316290000001,9.37431,19086,195,0.001732,442.013078,13,16,15
443.927757,0,55.3635590000006,13.790508,24213,184,0.00172,442.46458,16,21,11
316.656135,0,30.3913680000001,7.380469,13491,184,0.017866,315.612627,9,14,8
509.700793,0,43.3987289999998,9.122425,19036,196,0.002042,508.383465,12,14,13
531.822032,0,48.7388960000001,18.745918,21746,192,0.001662,530.253486,12,21,13
