OK
1089.434998
170
Boogie Dump Took : 2.290027
0.000326
59.231295
6.29750824705883
69.591464,0,34.7839229999998,12.0822,14830,451,0.003558,67.700607,14,9,9
67.643852,0,30.648567,14.060784,12782,514,0.00412299999999999,64.520663,8,10,11
59.031564,0,31.9848180000001,13.082018,13152,501,0.00389699999999999,57.168997,11,11,13
69.913003,0,32.217757,12.285593,12832,465,0.00359199999999999,68.225438,11,11,10
71.016968,0,39.4475389999999,7.412666,15961,391,0.00311499999999999,68.730259,11,7,8
73.455648,0,30.4995280000001,9.21978299999999,12591,531,0.004118,71.732708,12,11,14
59.950789,0,35.4619189999999,15.00124,15134,509,0.003954,58.424484,12,11,16
74.95509,0,41.998264,11.21146,15967,474,0.00369899999999999,72.221689,11,10,9
