OK
1065.591299
149
Boogie Dump Took : 3.324319
0.007117
126.420321
6.63810768456376
444.795389,0,144.199879,7.440111,24004,144,0.001383,443.858923,21,2,15
352.942971,0,209.896846000001,9.797888,20977,161,0.061225,348.056463,17,2,15
423.738267,0,140.564042999999,9.652903,24101,139,0.001376,422.723555,21,1,19
403.27992,0,152.193141,11.847422,21646,155,0.001289,399.336467,16,1,25
333.052372,0,227.062964,22.17745,19516,193,0.001786,263.198946,15,2,20
410.624963,0,181.616565,9.361332,21638,114,0.001309,366.444558,17,0,16
338.372594,0,160.450055,9.378751,18613,115,0.052249,331.66654,15,0,16
429.068151,0,140.904436000001,8.637034,23419,126,0.001327,427.48973,19,0,15
