OK
393.921567
139
Boogie Dump Took : 1.431999
0.000351
13.723047
2.70440158273381
76.798152,0,25.461089,4.220465,9994,228,0.012498,76.357019,10,14,9
79.470472,0,21.221444,4.620335,8719,262,0.015701,78.840144,10,14,11
82.451159,0,25.3014890000002,4.221788,9912,182,0.104253,81.469027,14,10,15
91.37888,0,14.728353,8.853517,7020,358,0.043872,90.585518,6,8,19
72.761144,0,27.3417019999999,2.314399,11535,164,1.045611,72.355389,14,11,6
79.322338,0,29.5068889999999,2.98177,11144,198,0.016608,78.855521,14,14,8
