OK
548.479937
140
Boogie Dump Took : 2.914097
0.000566
26.451006
3.74358315
137.409043,0,56.2530839999998,5.138131,14505,227,0.01637,136.884682,15,10,13
136.863742,0,56.6232580000001,4.434306,14735,222,0.031352,136.335227,17,10,7
145.906727,0,48.5902020000003,6.535946,12958,290,0.058249,145.430805,13,8,14
132.149987,0,45.8582489999997,9.921534,12420,386,0.052862,131.656748,10,7,25
100.301363,0,59.7567750000002,5.950494,16191,219,0.047371,99.806766,15,12,7
128.503438,0,50.2141959999999,7.516293,13082,337,0.0669590000000003,128.05422,11,12,15
