OK
539.469975
249
Boogie Dump Took : 2.674416
0.002301
13.923516
2.08265768674699
35.979377,0,38.7421779999999,8.146658,10495,679,0.027152,35.397329,13,26,13
55.04696,0,29.2634930000001,7.855976,8534,594,0.131633,54.439672,15,27,15
43.906136,0,36.5328539999999,9.547985,10520,561,0.115266,43.343795,15,26,15
45.941455,0,31.656516,13.013466,8870,563,0.0642650000000002,45.295332,11,26,20
35.682618,0,29.4583419999999,13.227521,8725,654,0.0731530000000001,35.186975,13,30,10
45.012196,0,31.127851,11.946732,9130,595,0.0520550000000002,44.50157,14,33,8
