OK
803.142371
236
Boogie Dump Took : 1.437304
0.003507
39.37755
3.25339319491526
114.580842,0,49.1969220000002,11.806658,18254,311,0.044935,114.017612,18,20,15
115.413216,0,42.3921050000001,12.060358,16239,390,0.106333,114.710599,13,23,26
127.655533,0,48.896437,13.457988,17424,407,0.120277,127.030439,16,23,20
117.737233,0,48.7415639999999,12.02861,17406,464,0.109942,117.119818,15,25,9
134.198403,0,52.0729969999999,11.327279,18639,363,0.032207,133.614133,20,18,15
138.026164,0,40.9695960000001,13.978762,15741,364,0.0848979999999999,137.413274,16,29,13
