OK
723.714087
172
Boogie Dump Took : 1.448307
0.003577
30.832257
3.95390894767442
172.61848,0,45.7016260000001,7.94174,17555,314,0.02555,171.793627,13,10,22
170.926549,0,49.129909,7.335957,17916,286,0.064928,170.325123,17,14,15
129.794082,0,46.6107340000002,6.765985,17855,277,0.017086,129.252587,15,12,15
180.101434,0,46.744741,9.15732699999999,17426,244,0.042676,179.545136,17,15,18
155.387955,0,51.4786169999999,8.66408,19056,278,0.070683,154.860009,19,12,16
139.562123,0,56.8132980000003,6.273289,20918,178,0.047673,138.982751,21,7,16
