OK
257.571278
104
Boogie Dump Took : 1.767986
5.2E-05
18.240861
2.32604810576923
57.38378,0,14.149756,3.383459,4951,253,0.024275,56.955337,6,10,9
34.720036,0,16.378748,2.931819,5937,346,0.00713999999999999,34.218287,10,10,11
31.695407,0,18.4899459999999,3.350939,6380,269,0.014374,31.157632,9,11,5
28.31442,0,20.344206,2.777752,7411,230,0.00856000000000001,27.935309,9,9,3
41.876066,0,17.553161,3.845261,5987,283,0.049834,41.503519,8,6,16
47.289401,0,14.080415,3.308171,4899,277,0.015774,46.849537,6,10,4
