OK
1147.451744
703
Boogie Dump Took : 1.104232
0.00071
11.340967
1.61528830725462
74.691695,0,22.9878080000001,57.731443,10913,1630,0.0189080000000001,73.682511,19,71,20
65.150788,0,26.9833799999999,39.113995,12959,1282,0.016761,63.892015,25,64,22
75.714143,0,13.437434,47.185808,6253,1612,0.0195500000000001,74.602531,10,76,25
69.160029,0,32.7536359999999,58.048821,15370,1340,0.017583,68.149212,27,69,10
76.776313,0,26.5904279999998,30.105143,12793,1408,0.016485,75.62915,21,66,20
70.193471,0,22.7618119999999,72.716186,10604,1258,0.016524,68.89161,19,61,22
78.124345,0,21.537706,46.353715,10528,1412,0.015999,77.182361,18,59,25
68.78691,0,27.821369,26.241015,13509,1572,0.0177190000000001,67.423905,23,75,18
