OK
855.462301
278
Boogie Dump Took : 1.774914
0.001024
41.198485
2.94795723021583
247.79211,0,43.7564650000002,9.036988,15068,450,0.00393499999999999,246.847886,14,19,22
203.437936,0,50.5466,9.411144,17294,424,0.003895,202.174618,18,19,20
228.698545,0,48.4192090000001,8.393089,16303,414,0.003655,227.949352,18,20,17
204.545292,0,49.8024119999998,8.052515,17226,518,0.00487099999999999,203.703395,14,16,18
214.210375,0,49.2679100000003,8.524835,16308,440,0.00407299999999998,213.042002,16,18,19
239.353217,0,43.265067,9.262993,15426,400,0.003598,237.768906,13,18,14
225.728153,0,53.2553739999998,7.03968199999999,18052,350,0.003369,224.995517,21,19,8
226.511728,0,48.0922000000002,6.938421,16670,418,0.00375799999999999,225.694835,15,20,11
