NOK
23.947851
146
Boogie Dump Took : 11.232697
0.00146
0.635975
0.0859509109589041
0,0,0,0,0,0,0,8.289549,2,0,2
0,0,0,0,0,0,0,8.100694,2,0,2
0,0,0,0,0,0,0,6.893769,2,0,4
0,0,0,0,0,0,0,9.094415,3,0,1
0,0,0,0,0,0,0,6.718533,5,0,5
0,0,0,0,0,0,0,6.30181,5,0,5
0,0,0,0,0,0,0,6.487894,5,0,6
0,0,0,0,0,0,0,7.075272,6,0,4
0,0,0,0,0,0,0,8.269892,7,0,7
0,0,0,0,0,0,0,9.428844,7,0,6
0,0,0,0,0,0,0,7.583967,6,0,6
0,0,0,0,0,0,0,6.585717,6,0,6
0,0,0,0,0,0,0,6.17566,5,0,5
0,0,0,0,0,0,0,6.004537,5,0,5
0,0,0,0,0,0,0,9.252019,5,0,5
0,0,0,0,0,0,0,7.434676,5,0,4
0,0,0,0,0,0,0,6.984889,4,0,4
0,0,0,0,0,0,0,9.794873,5,0,3
0,0,0,0,0,0,0,6.204716,4,0,5
0,0,0,0,0,0,0,3.793521,2,0,2
0,0,0,0,0,0,0,8.262736,4,0,4
0,0,0,0,0,0,0,6.043804,4,0,5
0,0,0,0,0,0,0,9.133084,4,0,3
0,0,0,0,0,0,0,9.824859,4,0,3
0,0,0,0,0,0,0,6.801448,4,0,4
0,0,0,0,0,0,0,4.794283,3,0,4
0,0,0,0,0,0,0,9.230502,4,0,2
0,0,0,0,0,0,0,5.827879,3,0,3
0,0,0,0,0,0,0,6.963121,6,0,6
0,0,0,0,0,0,0,6.132576,6,0,6
0,0,0,0,0,0,0,7.568369,6,0,6
0,0,0,0,0,0,0,8.45395,6,0,5
#ALGO Details#
Best Algo splitMode:100
SplitMode:totalANDSplits
100:9
10:20
10:25
10:19
30:14
30:15
30:13
0:23