NOK
345.974403
124
Boogie Dump Took : 138.005091
0.001494
29.074244
1.67212089516129
0,0,0,0,0,0,0,0,0,0,1
0,0,0,0,0,0,0,2.648916,1,0,1
0,0,0,0,0,0,0,6.904105,1,0,1
0,0,0,0,0,0,0,195.718287,1,0,0
0,0,0,0,0,0,0,21.413338,5,0,5
0,0,0,0,0,0,0,22.185656,5,0,5
0,0,0,0,0,0,0,19.831011,5,0,4
0,0,0,0,0,0,0,21.147041,5,0,5
0,0,0,0,0,0,0,192.468776,4,0,5
0,0,0,0,0,0,0,196.189979,4,0,3
0,0,0,0,0,0,0,193.002741,3,0,3
0,0,0,0,0,0,0,14.668027,2,0,1
0,0,0,0,0,0,0,17.088373,3,0,3
0,0,0,0,0,0,0,198.972666,3,0,2
0,0,0,0,0,0,0,186.8721,2,0,2
0,0,0,0,0,0,0,193.540531,2,0,2
0,0,0,0,0,0,0,194.154831,2,0,2
0,0,0,0,0,0,0,197.558985,2,0,2
0,0,0,0,0,0,0,200.716631,2,0,1
0,0,0,0,0,0,0,10.542617,1,0,1
0,0,0,0,0,0,0,198.282752,3,0,3
0,0,0,0,0,0,0,201.884788,3,0,2
0,0,0,0,0,0,0,10.65932,2,0,2
0,0,0,0,0,0,0,194.774381,2,0,2
0,0,0,0,0,0,0,20.384933,4,0,4
0,0,0,0,0,0,0,18.473676,4,0,4
0,0,0,0,0,0,0,22.117157,4,0,3
0,0,0,0,0,0,0,18.813547,3,0,3
0,0,0,0,0,0,0,17.532746,7,0,13
0,0,0,0,0,0,0,23.160622,8,0,7
0,0,0,0,0,0,0,14.087078,6,0,6
0,0,0,0,0,0,0,20.194803,13,5,7
#ALGO Details#
Best Algo splitMode:0
SplitMode:totalANDSplits
100:3
10:19
10:12
10:9
30:6
30:9
30:14
0:44