NOK
527.512986
878
Boogie Dump Took : 23.629468
0.000217
5.332017
0.570625158314351
0,0,0,0,0,0,0,29.044718,8,2,10
0,0,0,0,0,0,0,30.856196,9,4,10
0,0,0,0,0,0,0,34.935718,10,1,8
0,0,0,0,0,0,0,31.25541,9,10,8
0,0,0,0,0,0,0,8.13676,15,9,13
0,0,0,0,0,0,0,8.158051,15,12,14
0,0,0,0,0,0,0,8.314244,7,10,7
0,0,0,0,0,0,0,6.745608,11,8,13
0,0,0,0,0,0,0,15.694775,15,8,15
0,0,0,0,0,0,0,13.125685,13,8,14
0,0,0,0,0,0,0,13.166701,16,7,16
0,0,0,0,0,0,0,11.328731,11,11,9
0,0,0,0,0,0,0,14.14615,15,14,16
0,0,0,0,0,0,0,12.672056,17,10,17
0,0,0,0,0,0,0,11.578573,12,7,11
0,0,0,0,0,0,0,12.827964,14,9,13
0,0,0,0,0,0,0,23.503646,10,10,10
0,0,0,0,0,0,0,24.644288,9,6,8
0,0,0,0,0,0,0,19.413057,9,8,9
0,0,0,0,0,0,0,21.544101,7,8,7
0,0,0,0,0,0,0,18.488363,9,7,8
0,0,0,0,0,0,0,20.671536,9,8,10
0,0,0,0,0,0,0,21.706741,9,6,8
0,0,0,0,0,0,0,18.209142,8,9,8
0,0,0,0,0,0,0,17.715005,14,6,13
0,0,0,0,0,0,0,22.354504,14,9,14
0,0,0,0,0,0,0,19.996499,15,6,15
0,0,0,0,0,0,0,21.057237,13,6,13
0,0,0,0,0,0,0,6.586921,12,10,11
0,0,0,0,0,0,0,7.587235,12,7,13
0,0,0,0,0,0,0,10.011797,15,14,14
0,0,0,0,0,0,0,8.663483,12,4,12
#ALGO Details#
Best Algo splitMode:10
SplitMode:totalANDSplits
100:77
10:124
10:134
10:124
30:88
30:98
30:110
0:115