ReachedBound
90.020989
589
Boogie Dump Took : 12.571576
0.000161
93.409758
4.45344270118845
36.927252,5.604054,5.96165,0.540952,556,46,0.000643,36.122549,5,0,12
45.946283,11.092198,10.955224,0.254239,1147,36,0.000366,45.549118,8,0,7
41.257276,14.038004,13.252733,0.283188,1475,40,0.000394,40.823205,10,0,8
49.70086,12.875399,12.238075,0.255465,1444,36,0.000382,49.276123,10,0,6
41.924822,26.961414,25.015573,1.669597,3519,97,0.000618,40.797342,11,0,15
47.32425,48.414921,36.4638339999999,0.762657,4338,45,0.000357,46.573728,14,0,12
44.224555,41.490768,32.030093,0.60785,3799,82,0.000554,43.456794,13,0,9
48.034226,42.66885,32.24489,1.015091,3895,68,0.000516,47.012988,13,0,14
243.101724,137.285373,84.8741970000003,1.662504,10853,111,0.000728,242.070987,27,0,22
232.356598,138.135477,84.4103260000002,1.743237,11016,103,0.000728999999999999,231.134732,26,0,22
228.433789,120.355167,77.0531990000003,2.890153,9829,145,0.000805999999999999,227.084533,23,0,27
241.503553,123.294213,75.6451339999999,2.332836,10097,160,0.000895999999999999,239.131582,25,0,29
88.062692,117.035363,77.1405769999998,1.756722,10023,117,0.000711999999999999,86.965891,21,0,18
87.879414,111.18747,73.0157450000003,1.524151,9563,107,0.000698999999999999,86.9029,19,0,18
96.998433,95.047756,65.2993119999998,1.968593,8642,107,0.000848999999999999,95.962064,17,0,21
101.348541,103.756686,69.738525,1.811569,9263,116,0.000718,99.974172,19,0,18
34.475858,15.147371,15.764335,1.130323,1950,75,0.000537,33.477458,5,2,9
38.209922,28.668469,24.029596,0.347203,2800,43,0.000432,37.250425,8,0,7
38.531315,33.937217,27.956648,0.490615,3096,44,0.000481,37.603259,10,0,9
33.161977,33.395225,28.3194570000001,0.741019,3334,49,0.000431,32.414339,11,0,8
30.062657,22.523787,20.656397,0.566332,2271,64,0.000563,29.09881,9,0,10
35.717079,27.135215,24.993549,0.475111,2927,59,0.000465,34.822947,12,0,8
28.864222,10.482459,11.581928,0.5927,1325,66,0.000614,28.118619,5,1,12
37.49416,22.000848,20.568249,0.388897,2351,53,0.000471,37.00962,11,0,6
29.132128,35.095585,30.884236,0.53886,3540,51,0.000444,28.45517,14,0,11
32.247995,27.860416,25.747271,0.373876,3526,50,0.000429,31.628823,12,0,7
22.212201,28.39683,25.8945,0.707261,3113,62,0.000529,21.529938,12,0,13
25.190575,11.681311,13.937349,0.7825,1887,77,0.000695,24.40489,7,1,13
0,0,0,0,0,0,0,785.557437,51,2,50
0,0,0,0,0,0,0,717.969824,49,0,62
0,0,0,0,0,0,0,755.567726,50,1,44
0,0,0,0,0,0,0,750.821829,52,2,45
#ALGO Details#
Best Algo splitMode:30
SplitMode:totalANDSplits
100:33
10:50
10:100
10:75
30:35
30:37
30:45
0:206