NOK
23.400587
225
Boogie Dump Took : 5.957697
0.000355
0.371889
0.0752769288888889
0,0,0,0,0,0,0,6.041636,1,0,4
0,0,0,0,0,0,0,11.896769,3,0,1
0,0,0,0,0,0,0,9.78825,2,0,2
0,0,0,0,0,0,0,9.652297,3,0,2
0,0,0,0,0,0,0,13.074514,10,0,10
0,0,0,0,0,0,0,10.907669,10,0,10
0,0,0,0,0,0,0,11.195767,10,0,9
0,0,0,0,0,0,0,11.307332,9,0,9
0,0,0,0,0,0,0,11.097025,7,0,9
0,0,0,0,0,0,0,11.703252,7,0,6
0,0,0,0,0,0,0,11.469302,7,0,6
0,0,0,0,0,0,0,10.464922,7,0,6
0,0,0,0,0,0,0,12.741452,8,0,9
0,0,0,0,0,0,0,13.163808,9,0,8
0,0,0,0,0,0,0,12.129007,8,0,8
0,0,0,0,0,0,0,11.830372,8,0,7
0,0,0,0,0,0,0,9.310403,4,0,6
0,0,0,0,0,0,0,8.75232,6,0,6
0,0,0,0,0,0,0,10.852495,5,0,4
0,0,0,0,0,0,0,10.302432,6,0,4
0,0,0,0,0,0,0,8.002632,4,0,4
0,0,0,0,0,0,0,10.839891,6,0,3
0,0,0,0,0,0,0,8.930256,4,0,4
0,0,0,0,0,0,0,8.43767,3,0,5
0,0,0,0,0,0,0,6.837548,3,0,5
0,0,0,0,0,0,0,7.935923,3,0,2
0,0,0,0,0,0,0,10.862809,5,0,3
0,0,0,0,0,0,0,8.3862,4,0,4
0,0,0,0,0,0,0,11.908707,16,0,16
0,0,0,0,0,0,0,12.088265,16,0,15
0,0,0,0,0,0,0,11.395428,15,0,15
0,0,0,0,0,0,0,11.637591,15,0,15
#ALGO Details#
Best Algo splitMode:30
SplitMode:totalANDSplits
100:9
10:38
10:27
10:32
30:20
30:16
30:14
0:61