NOK
95.308363
102
Boogie Dump Took : 22.116729
0.000269
7.085479
0.688442990196078
0,0,0,0,0,0,0,0,0,0,1
0,0,0,0,0,0,0,1.847367,1,0,1
0,0,0,0,0,0,0,4.434584,1,0,1
0,0,0,0,0,0,0,48.327229,1,0,0
0,0,0,0,0,0,0,8.28075,4,0,6
0,0,0,0,0,0,0,50.855476,4,0,3
0,0,0,0,0,0,0,50.887077,4,0,3
0,0,0,0,0,0,0,51.539247,4,0,3
0,0,0,0,0,0,0,54.260069,3,0,5
0,0,0,0,0,0,0,55.798715,3,0,2
0,0,0,0,0,0,0,54.565733,3,0,2
0,0,0,0,0,0,0,11.078306,3,0,2
0,0,0,0,0,0,0,51.422657,3,0,4
0,0,0,0,0,0,0,10.493653,4,0,3
0,0,0,0,0,0,0,51.607697,3,0,3
0,0,0,0,0,0,0,53.08259,3,0,2
0,0,0,0,0,0,0,53.811017,2,0,2
0,0,0,0,0,0,0,54.844295,2,0,1
0,0,0,0,0,0,0,3.849173,1,0,1
0,0,0,0,0,0,0,52.655008,1,0,1
0,0,0,0,0,0,0,8.58338,3,0,2
0,0,0,0,0,0,0,50.971991,2,0,4
0,0,0,0,0,0,0,53.295977,2,0,1
0,0,0,0,0,0,0,53.360581,2,0,1
0,0,0,0,0,0,0,50.348293,2,0,1
0,0,0,0,0,0,0,49.84133,2,0,2
0,0,0,0,0,0,0,2.861994,1,0,1
0,0,0,0,0,0,0,48.309792,1,0,1
0,0,0,0,0,0,0,10.654572,7,0,8
0,0,0,0,0,0,0,11.877486,7,2,6
0,0,0,0,0,0,0,10.736063,7,1,7
0,0,0,0,0,0,0,11.09241,7,1,6
#ALGO Details#
Best Algo splitMode:0
SplitMode:totalANDSplits
100:3
10:15
10:11
10:12
30:5
30:8
30:5
0:35