NOK
68.980178
272
Boogie Dump Took : 10.147318
0.000803
9.563547
0.215596143382353
0,0,0,0,0,0,0,27.705842,1,0,2
0,0,0,0,0,0,0,41.474323,2,0,2
0,0,0,0,0,0,0,43.008216,2,0,1
0,0,0,0,0,0,0,14.630198,1,0,1
0,0,0,0,0,0,0,4.28699,11,0,12
0,0,0,0,0,0,0,2.97104,9,0,9
0,0,0,0,0,0,0,31.709599,21,0,19
0,0,0,0,0,0,0,30.818626,15,0,15
0,0,0,0,0,0,0,35.430507,14,0,14
0,0,0,0,0,0,0,34.325187,11,0,11
0,0,0,0,0,0,0,19.91652,13,0,13
0,0,0,0,0,0,0,29.856832,8,0,7
0,0,0,0,0,0,0,29.419618,6,0,5
0,0,0,0,0,0,0,42.433452,5,0,6
0,0,0,0,0,0,0,15.905134,6,0,6
0,0,0,0,0,0,0,55.302581,8,0,7
0,0,0,0,0,0,0,55.160309,5,0,4
0,0,0,0,0,0,0,41.940104,4,0,4
0,0,0,0,0,0,0,41.411035,4,0,4
0,0,0,0,0,0,0,29.367547,4,0,4
0,0,0,0,0,0,0,14.967131,2,0,2
0,0,0,0,0,0,0,27.250379,2,0,2
0,0,0,0,0,0,0,27.490436,2,0,2
0,0,0,0,0,0,0,53.719668,3,0,2
0,0,0,0,0,0,0,29.814671,11,0,11
0,0,0,0,0,0,0,44.421299,11,0,9
0,0,0,0,0,0,0,30.23184,10,0,11
0,0,0,0,0,0,0,14.863728,9,0,9
0,0,0,0,0,0,0,4.297154,16,0,15
0,0,0,0,0,0,0,15.173919,21,0,23
0,0,0,0,0,0,0,5.918952,13,0,11
0,0,0,0,0,0,0,29.255651,21,0,21
#ALGO Details#
Best Algo splitMode:0
SplitMode:totalANDSplits
100:6
10:55
10:45
10:24
30:16
30:8
30:40
0:70