NOK
18.413809
418
Boogie Dump Took : 4.905804
0.000203
0.37158
0.0317778636363636
0,0,0,0,0,0,0,7.745271,7,0,8
0,0,0,0,0,0,0,7.033126,8,0,9
0,0,0,0,0,0,0,7.939473,8,0,7
0,0,0,0,0,0,0,7.852262,8,0,7
0,0,0,0,0,0,0,4.742202,18,0,16
0,0,0,0,0,0,0,4.095845,16,0,15
0,0,0,0,0,0,0,3.637506,12,0,15
0,0,0,0,0,0,0,5.234276,17,0,16
0,0,0,0,0,0,0,3.494042,13,0,12
0,0,0,0,0,0,0,3.830423,11,0,10
0,0,0,0,0,0,0,3.350384,10,0,10
0,0,0,0,0,0,0,3.516016,9,0,10
0,0,0,0,0,0,0,4.075805,11,1,10
0,0,0,0,0,0,0,6.461567,16,0,15
0,0,0,0,0,0,0,5.707873,15,0,14
0,0,0,0,0,0,0,4.807506,11,0,13
0,0,0,0,0,0,0,5.612849,13,0,15
0,0,0,0,0,0,0,5.576664,13,0,12
0,0,0,0,0,0,0,5.679289,14,0,13
0,0,0,0,0,0,0,6.350322,16,0,15
0,0,0,0,0,0,0,4.947807,13,0,13
0,0,0,0,0,0,0,5.908284,15,0,14
0,0,0,0,0,0,0,5.358502,12,0,11
0,0,0,0,0,0,0,5.05666,11,0,12
0,0,0,0,0,0,0,4.636212,15,0,13
0,0,0,0,0,0,0,5.587919,12,0,12
0,0,0,0,0,0,0,4.131275,10,0,12
0,0,0,0,0,0,0,4.21846,13,0,12
0,0,0,0,0,0,0,4.026589,18,0,17
0,0,0,0,0,0,0,3.94111,16,0,17
0,0,0,0,0,0,0,4.209868,20,0,19
0,0,0,0,0,0,0,3.36756,15,0,15
#ALGO Details#
Best Algo splitMode:10
SplitMode:totalANDSplits
100:31
10:62
10:42
10:53
30:55
30:50
30:49
0:68