NOK
982.137322
476
Boogie Dump Took : 716.098595
0.000317
6.586781
0.557090464285714
0,0,0,0,0,0,0,24.605131,3,0,6
0,0,0,0,0,0,0,57.940876,5,0,4
0,0,0,0,0,0,0,46.186764,5,0,4
0,0,0,0,0,0,0,48.179847,5,1,4
0,0,0,0,0,0,0,13.378235,7,3,8
0,0,0,0,0,0,0,3.887574,6,5,8
0,0,0,0,0,0,0,7.309589,8,2,6
0,0,0,0,0,0,0,14.591686,10,1,8
0,0,0,0,0,0,0,19.04516,14,3,16
0,0,0,0,0,0,0,11.23414,14,0,12
0,0,0,0,0,0,0,19.444637,24,5,24
0,0,0,0,0,0,0,28.852501,26,1,25
0,0,0,0,0,0,0,14.760452,8,5,8
0,0,0,0,0,0,0,5.089903,7,2,7
0,0,0,0,0,0,0,34.009914,10,4,11
0,0,0,0,0,0,0,24.252768,9,3,7
0,0,0,0,0,0,0,14.783345,8,1,10
0,0,0,0,0,0,0,20.214356,12,0,9
0,0,0,0,0,0,0,24.979736,10,1,10
0,0,0,0,0,0,0,25.689368,8,0,8
0,0,0,0,0,0,0,26.654719,10,1,9
0,0,0,0,0,0,0,15.493338,13,1,15
0,0,0,0,0,0,0,27.679474,12,1,14
0,0,0,0,0,0,0,34.615959,15,1,11
0,0,0,0,0,0,0,26.759332,5,1,7
0,0,0,0,0,0,0,31.526929,6,1,8
0,0,0,0,0,0,0,32.517636,13,0,9
0,0,0,0,0,0,0,47.152585,13,0,12
0,0,0,0,0,0,0,21.220071,15,4,16
0,0,0,0,0,0,0,6.212122,9,2,7
0,0,0,0,0,0,0,19.432882,11,7,11
0,0,0,0,0,0,0,10.507366,13,3,13
#ALGO Details#
Best Algo splitMode:0
SplitMode:totalANDSplits
100:21
10:57
10:103
10:61
30:43
30:56
30:42
0:85