NOK
1009.256312
132
Boogie Dump Took : 163.159977
0.00028
547.345681
6.14405308333333
0,0,0,0,0,0,0,0,0,0,1
0,0,0,0,0,0,0,2.670169,1,0,1
0,0,0,0,0,0,0,1.000076,1,0,1
0,0,0,0,0,0,0,782.298687,1,0,0
0,0,0,0,0,0,0,793.04332,3,0,3
0,0,0,0,0,0,0,794.154272,4,0,3
0,0,0,0,0,0,0,793.796155,3,0,4
0,0,0,0,0,0,0,6.203384,3,0,2
0,0,0,0,0,0,0,765.898911,4,0,3
0,0,0,0,0,0,0,766.672074,4,0,3
0,0,0,0,0,0,0,765.955338,3,0,3
0,0,0,0,0,0,0,5.120649,3,0,4
0,0,0,0,0,0,0,770.698339,7,0,5
0,0,0,0,0,0,0,773.258494,8,0,8
0,0,0,0,0,0,0,8.404927,7,0,8
0,0,0,0,0,0,0,6.8511,7,0,7
0,0,0,0,0,0,0,2.382747,2,0,2
0,0,0,0,0,0,0,772.990089,2,0,2
0,0,0,0,0,0,0,774.210944,2,0,1
0,0,0,0,0,0,0,1.062823,1,0,1
0,0,0,0,0,0,0,772.7077,3,0,3
0,0,0,0,0,0,0,772.443846,3,0,3
0,0,0,0,0,0,0,7.970435,3,0,2
0,0,0,0,0,0,0,772.377468,2,0,2
0,0,0,0,0,0,0,1.877773,2,0,2
0,0,0,0,0,0,0,773.811744,2,0,1
0,0,0,0,0,0,0,1.050298,1,0,1
0,0,0,0,0,0,0,0.638909,1,0,1
0,0,0,0,0,0,0,637.180934,17,0,17
0,0,0,0,0,0,0,5.479317,6,0,10
0,0,0,0,0,0,0,7.370679,5,1,6
0,0,0,0,0,0,0,656.507081,19,0,13
#ALGO Details#
Best Algo splitMode:0
SplitMode:totalANDSplits
100:3
10:12
10:13
10:28
30:6
30:10
30:5
0:47