TIMEDOUT
3600
665
Boogie Dump Took : 94.208226
0,0,0,0,0,0,0,2292.642614,2,0,3
0,0,0,0,0,0,0,2735.22713,3,0,2
0,0,0,0,0,0,0,1233.618758,2,0,2
0,0,0,0,0,0,0,1751.180979,2,0,2
0,0,0,0,0,0,0,1337.462449,7,37,5
0,0,0,0,0,0,0,948.480413,6,16,7
0,0,0,0,0,0,0,462.202174,8,14,5
0,0,0,0,0,0,0,1324.44811,5,15,8
0,0,0,0,0,0,0,1247.324439,14,19,8
0,0,0,0,0,0,0,470.919032,10,9,8
0,0,0,0,0,0,0,823.576204,7,20,10
0,0,0,0,0,0,0,1250.886312,8,18,12
0,0,0,0,0,0,0,915.570492,13,3,8
0,0,0,0,0,0,0,1632.929738,12,17,15
0,0,0,0,0,0,0,917.905024,10,4,16
0,0,0,0,0,0,0,2171.289638,16,1,11
0,0,0,0,0,0,0,867.727189,8,1,6
0,0,0,0,0,0,0,871.753537,6,7,8
0,0,0,0,0,0,0,880.565124,6,0,7
0,0,0,0,0,0,0,1277.780013,7,0,5
0,0,0,0,0,0,0,1261.536196,5,18,6
0,0,0,0,0,0,0,1272.088905,6,2,3
0,0,0,0,0,0,0,466.816682,7,1,4
0,0,0,0,0,0,0,914.780668,4,5,8
0,0,0,0,0,0,0,1239.923316,4,0,7
0,0,0,0,0,0,0,861.36487,6,7,3
0,0,0,0,0,0,0,1253.911825,4,6,5
0,0,0,0,0,0,0,447.169028,5,2,3
0,0,0,0,0,0,0,1143.425052,24,8,28
0,0,0,0,0,0,0,1149.1802,25,24,23
0,0,0,0,0,0,0,735.594935,24,11,23
0,0,0,0,0,0,0,746.550309,25,24,23
#ALGO Details#
Best Algo splitMode:-1
SplitMode:totalANDSplits
100:9
10:123
10:112
10:75
30:41
30:50
30:41
0:206