TIMEDOUT
3600
209
Boogie Dump Took : 264.152447
0,0,0,0,0,0,0,0,0,0,1
0,0,0,0,0,0,0,9.29745,1,0,1
0,0,0,0,0,0,0,29.753013,1,0,0
0,0,0,0,0,0,0,0,0,0,0
0,0,0,0,0,0,0,146.975022,8,0,8
0,0,0,0,0,0,0,147.515906,8,0,7
0,0,0,0,0,0,0,133.111981,7,0,7
0,0,0,0,0,0,0,144.59605,7,0,7
0,0,0,0,0,0,0,27.38023,5,0,4
0,0,0,0,0,0,0,16.059628,4,0,4
0,0,0,0,0,0,0,15.981318,4,0,4
0,0,0,0,0,0,0,17.591278,4,0,4
0,0,0,0,0,0,0,32.929418,2,0,1
0,0,0,0,0,0,0,8.673769,1,0,1
0,0,0,0,0,0,0,21.968426,1,0,1
0,0,0,0,0,0,0,32.945282,1,0,1
0,0,0,0,0,0,0,37.116762,2,0,2
0,0,0,0,0,0,0,37.424023,2,0,2
0,0,0,0,0,0,0,45.757837,2,0,1
0,0,0,0,0,0,0,26.531404,1,0,1
0,0,0,0,0,0,0,27.252137,2,0,1
0,0,0,0,0,0,0,2.847062,1,0,1
0,0,0,0,0,0,0,6.137368,1,0,1
0,0,0,0,0,0,0,16.753589,1,0,1
0,0,0,0,0,0,0,33.548923,2,0,2
0,0,0,0,0,0,0,40.893124,2,0,1
0,0,0,0,0,0,0,22.207913,1,0,1
0,0,0,0,0,0,0,33.536588,1,0,1
0,0,0,0,0,0,0,709.639016,34,0,34
0,0,0,0,0,0,0,711.884444,34,0,34
0,0,0,0,0,0,0,711.612644,34,0,34
0,0,0,0,0,0,0,730.139421,34,0,33
#ALGO Details#
Best Algo splitMode:-1
SplitMode:totalANDSplits
100:2
10:29
10:16
10:4
30:6
30:4
30:5
0:135