TIMEDOUT
3600
102
Boogie Dump Took : 265.361765
0,0,0,0,0,0,0,0,0,0,1
0,0,0,0,0,0,0,1.825853,1,0,1
0,0,0,0,0,0,0,9.287522,1,0,0
0,0,0,0,0,0,0,0,0,0,0
0,0,0,0,0,0,0,25.965596,3,0,3
0,0,0,0,0,0,0,36.622828,6,0,6
0,0,0,0,0,0,0,23.309045,2,0,2
0,0,0,0,0,0,0,36.523188,6,0,5
0,0,0,0,0,0,0,15.074296,4,0,4
0,0,0,0,0,0,0,11.841841,3,0,3
0,0,0,0,0,0,0,14.235251,3,0,3
0,0,0,0,0,0,0,8.023726,2,0,1
0,0,0,0,0,0,0,8.616332,3,0,3
0,0,0,0,0,0,0,8.202681,3,0,3
0,0,0,0,0,0,0,11.566529,3,0,2
0,0,0,0,0,0,0,8.005503,2,0,2
0,0,0,0,0,0,0,33.99744,4,0,3
0,0,0,0,0,0,0,15.105284,2,0,2
0,0,0,0,0,0,0,29.528873,3,0,3
0,0,0,0,0,0,0,30.242865,3,0,3
0,0,0,0,0,0,0,0.000262,1,0,1
0,0,0,0,0,0,0,0.290694,1,0,1
0,0,0,0,0,0,0,7.111541,1,0,0
0,0,0,0,0,0,0,0,0,0,0
0,0,0,0,0,0,0,8.776121,3,0,3
0,0,0,0,0,0,0,8.968143,3,0,2
0,0,0,0,0,0,0,8.899231,2,0,2
0,0,0,0,0,0,0,9.172625,2,0,2
0,0,0,0,0,0,0,12.009914,6,0,10
0,0,0,0,0,0,0,12.027385,7,0,5
0,0,0,0,0,0,0,25.038267,10,0,8
0,0,0,0,0,0,0,34.165381,11,0,10
#ALGO Details#
Best Algo splitMode:-1
SplitMode:totalANDSplits
100:2
10:16
10:11
10:10
30:11
30:2
30:9
0:33