NOK
85.245102
154
Boogie Dump Took : 27.093519
0.000502
41.486886
0.375833961038961
0,0,0,0,0,0,0,0,0,0,1
0,0,0,0,0,0,0,0.84952,1,0,1
0,0,0,0,0,0,0,2.341702,1,0,1
0,0,0,0,0,0,0,54.910585,1,0,0
0,0,0,0,0,0,0,53.857655,7,0,6
0,0,0,0,0,0,0,4.428105,5,0,5
0,0,0,0,0,0,0,53.215089,6,0,6
0,0,0,0,0,0,0,2.768584,3,0,3
0,0,0,0,0,0,0,55.458618,6,0,6
0,0,0,0,0,0,0,3.047743,5,0,5
0,0,0,0,0,0,0,3.301803,4,0,3
0,0,0,0,0,0,0,55.082299,5,0,5
0,0,0,0,0,0,0,3.09961,6,0,5
0,0,0,0,0,0,0,4.388857,8,0,10
0,0,0,0,0,0,0,5.182261,9,0,8
0,0,0,0,0,0,0,5.161139,8,0,7
0,0,0,0,0,0,0,55.374598,3,0,3
0,0,0,0,0,0,0,56.055663,3,0,3
0,0,0,0,0,0,0,56.327646,3,0,2
0,0,0,0,0,0,0,3.554927,2,0,2
0,0,0,0,0,0,0,2.794041,4,0,4
0,0,0,0,0,0,0,53.152571,4,0,5
0,0,0,0,0,0,0,54.464249,5,0,4
0,0,0,0,0,0,0,3.091552,4,0,3
0,0,0,0,0,0,0,4.279914,3,0,2
0,0,0,0,0,0,0,53.074225,2,0,2
0,0,0,0,0,0,0,54.104112,2,0,2
0,0,0,0,0,0,0,53.947774,2,0,2
0,0,0,0,0,0,0,6.522632,12,0,11
0,0,0,0,0,0,0,5.793662,13,0,15
0,0,0,0,0,0,0,2.958831,6,0,5
0,0,0,0,0,0,0,5.002305,10,0,9
#ALGO Details#
Best Algo splitMode:10
SplitMode:totalANDSplits
100:3
10:20
10:19
10:30
30:10
30:16
30:8
0:40