NOK
76.886381
75
Boogie Dump Took : 27.805425
0.001635
12.648479
0.649495026666667
0,0,0,0,0,0,0,0,0,0,1
0,0,0,0,0,0,0,0.995087,1,0,1
0,0,0,0,0,0,0,3.693501,1,0,1
0,0,0,0,0,0,0,45.186397,1,0,0
0,0,0,0,0,0,0,3.923575,3,0,3
0,0,0,0,0,0,0,44.42003,3,0,3
0,0,0,0,0,0,0,45.391709,3,0,3
0,0,0,0,0,0,0,4.547598,2,0,1
0,0,0,0,0,0,0,7.007539,3,0,3
0,0,0,0,0,0,0,7.765292,3,0,3
0,0,0,0,0,0,0,8.090164,3,0,2
0,0,0,0,0,0,0,5.360104,2,0,2
0,0,0,0,0,0,0,45.605148,2,0,2
0,0,0,0,0,0,0,47.016223,2,0,1
0,0,0,0,0,0,0,1.518808,1,0,1
0,0,0,0,0,0,0,3.270745,1,0,1
0,0,0,0,0,0,0,4.099016,2,0,2
0,0,0,0,0,0,0,4.77513,2,0,2
0,0,0,0,0,0,0,5.724616,2,0,2
0,0,0,0,0,0,0,6.312998,2,0,1
0,0,0,0,0,0,0,1.074786,1,0,1
0,0,0,0,0,0,0,0.000246,1,0,1
0,0,0,0,0,0,0,2.15932,1,0,1
0,0,0,0,0,0,0,44.849574,1,0,0
0,0,0,0,0,0,0,0.00023,1,0,1
0,0,0,0,0,0,0,1.20873,1,0,1
0,0,0,0,0,0,0,3.351764,1,0,1
0,0,0,0,0,0,0,5.110719,1,0,0
0,0,0,0,0,0,0,5.6975,6,2,6
0,0,0,0,0,0,0,4.980907,6,0,5
0,0,0,0,0,0,0,5.67857,5,1,5
0,0,0,0,0,0,0,4.662269,4,0,4
#ALGO Details#
Best Algo splitMode:0
SplitMode:totalANDSplits
100:3
10:10
10:10
10:5
30:7
30:3
30:3
0:26