NOK
78.697241
54
Boogie Dump Took : 32.00543
0.001802
1.144326
0.177313148148148
0,0,0,0,0,0,0,0,0,0,1
0,0,0,0,0,0,0,1.433802,1,0,1
0,0,0,0,0,0,0,3.122475,1,0,0
0,0,0,0,0,0,0,0,0,0,0
0,0,0,0,0,0,0,4.916652,2,0,2
0,0,0,0,0,0,0,7.676219,2,0,1
0,0,0,0,0,0,0,5.865952,2,0,2
0,0,0,0,0,0,0,4.734031,1,0,1
0,0,0,0,0,0,0,3.239659,3,0,2
0,0,0,0,0,0,0,3.246535,2,0,1
0,0,0,0,0,0,0,3.617009,2,0,2
0,0,0,0,0,0,0,3.609062,2,0,3
0,0,0,0,0,0,0,4.319042,2,0,2
0,0,0,0,0,0,0,4.411689,2,0,2
0,0,0,0,0,0,0,5.640494,2,0,2
0,0,0,0,0,0,0,6.458516,2,0,1
0,0,0,0,0,0,0,2.546051,3,0,3
0,0,0,0,0,0,0,3.505715,2,0,2
0,0,0,0,0,0,0,4.033226,2,0,1
0,0,0,0,0,0,0,3.874332,2,0,2
0,0,0,0,0,0,0,1.640186,2,0,2
0,0,0,0,0,0,0,1.825136,1,0,2
0,0,0,0,0,0,0,3.625471,2,0,1
0,0,0,0,0,0,0,3.583855,2,0,1
0,0,0,0,0,0,0,4.453889,2,0,2
0,0,0,0,0,0,0,4.573711,2,0,2
0,0,0,0,0,0,0,5.272419,2,0,1
0,0,0,0,0,0,0,3.981281,1,0,1
0,0,0,0,0,0,0,0.000155,1,0,1
0,0,0,0,0,0,0,0.632307,1,0,1
0,0,0,0,0,0,0,1.843046,1,0,1
0,0,0,0,0,0,0,2.868278,1,0,0
#ALGO Details#
Best Algo splitMode:30
SplitMode:totalANDSplits
100:2
10:6
10:8
10:7
30:8
30:6
30:6
0:3