NOK
53.942187
60
Boogie Dump Took : 49.524928
0.000646
0.386146
0.069043
0,0,0,0,0,0,0,0,0,0,1
0,0,0,0,0,0,0,1.868779,1,0,0
0,0,0,0,0,0,0,0.854416,1,0,1
0,0,0,0,0,0,0,0,0,0,0
0,0,0,0,0,0,0,2.155876,2,0,2
0,0,0,0,0,0,0,1.959347,2,0,2
0,0,0,0,0,0,0,2.283796,3,0,2
0,0,0,0,0,0,0,2.384656,2,0,2
0,0,0,0,0,0,0,2.046514,2,0,2
0,0,0,0,0,0,0,2.379975,2,0,3
0,0,0,0,0,0,0,2.799568,2,0,1
0,0,0,0,0,0,0,3.063206,2,0,1
0,0,0,0,0,0,0,3.023796,4,0,3
0,0,0,0,0,0,0,2.042169,2,0,2
0,0,0,0,0,0,0,2.566814,3,0,4
0,0,0,0,0,0,0,2.816611,3,0,2
0,0,0,0,0,0,0,1.88778,2,0,2
0,0,0,0,0,0,0,2.295285,2,0,2
0,0,0,0,0,0,0,2.212693,3,0,2
0,0,0,0,0,0,0,2.052409,2,0,2
0,0,0,0,0,0,0,0.529511,1,0,1
0,0,0,0,0,0,0,0.111556,1,0,1
0,0,0,0,0,0,0,1.340307,1,0,1
0,0,0,0,0,0,0,4.017992,1,0,0
0,0,0,0,0,0,0,0.097512,1,0,1
0,0,0,0,0,0,0,0.892992,1,0,1
0,0,0,0,0,0,0,0,0,0,0
0,0,0,0,0,0,0,1.86537,1,0,0
0,0,0,0,0,0,0,2.735398,4,0,3
0,0,0,0,0,0,0,2.378942,3,0,4
0,0,0,0,0,0,0,1.948164,2,0,2
0,0,0,0,0,0,0,2.669527,3,0,2
#ALGO Details#
Best Algo splitMode:100
SplitMode:totalANDSplits
100:2
10:8
10:7
10:11
30:8
30:3
30:2
0:11