OK
3312.598716
208
Boogie Dump Took : 1.097368
0.001262
216.370437
14.8591108509615
1351.726084,0,102.186071,17.142833,50194,312,0.00222,1350.044914,21,9,23
1543.046892,0,95.444624,12.595675,47036,222,0.001582,1541.53971,19,5,18
1446.537369,0,97.2613159999994,13.750088,46298,293,0.002138,1444.980803,21,7,22
1501.853002,0,94.2823569999999,14.530487,45329,284,0.002155,1500.402814,18,7,22
1409.859988,0,92.5083190000009,15.379581,44187,247,0.003949,1408.378551,20,8,22
1388.960938,0,102.477004,15.194867,46704,161,0.00128,1387.412729,24,2,23
1415.236953,0,96.479755,13.443517,46762,189,0.002398,1413.42147,20,2,20
1316.737659,0,105.238055000002,11.846828,49367,217,0.001691,1315.275109,20,5,13
