OK
924.467563
182
Boogie Dump Took : 1.330171
0.002671
32.161791
4.81345168681319
99.128256,0,50.2485369999998,7.689863,22362,245,0.002212,97.750963,17,6,11
120.295249,0,47.2119300000003,11.638456,23450,296,0.002062,119.095705,16,8,20
91.999337,0,53.8231660000001,8.871152,24158,296,0.001966,90.995536,14,8,13
85.87733,0,37.5371629999999,15.001528,19198,333,0.002594,84.441562,11,9,24
125.905772,0,42.1182780000003,8.034574,22735,298,0.002012,124.528341,11,13,10
119.400121,0,42.4146740000003,11.602653,21935,309,0.00216,117.633768,15,10,15
67.987228,0,49.9937850000001,8.164385,26111,298,0.002029,66.530641,16,8,9
124.430444,0,41.5759190000001,7.479468,20302,285,0.002267,123.339836,11,9,9
