OK
774.894034
175
Boogie Dump Took : 1.310072
0.004857
36.045289
4.23915096571429
100.250404,0,41.9050879999999,6.8481,22864,244,0.001645,98.974202,20,6,17
83.273171,0,43.854442,5.375155,19808,195,0.001383,82.335977,15,3,16
97.911507,0,41.1377270000001,8.391102,20167,274,0.001902,96.699327,17,10,17
65.732702,0,47.7048180000001,6.401622,19022,221,0.001663,64.793677,14,6,21
61.785945,0,51.7485270000003,6.146737,22222,190,0.04046,60.803914,19,4,18
93.103188,0,37.5518290000001,7.42489800000001,16988,237,0.001702,91.989405,12,6,18
99.6029,0,46.0444190000004,6.891848,18187,198,0.001541,98.497395,15,8,13
90.458857,0,39.021438,3.642947,19297,204,0.0015,89.680435,16,4,8
