OK
730.671609
181
Boogie Dump Took : 0.767258
0.004135
28.38969
3.86092071823204
110.411173,0,26.6765320000001,3.95182,16819,270,0.002176,109.502233,15,9,11
101.31106,0,28.0196100000002,3.775903,17094,228,0.001791,100.169512,15,8,13
96.192166,0,21.6373869999999,4.934937,12717,199,0.00163,95.230129,12,9,10
87.900982,0,22.9474679999999,5.741641,14750,252,0.002041,86.696671,13,10,18
100.380176,0,20.7730270000001,5.641952,13769,207,0.001753,99.413753,11,12,12
96.454525,0,20.981755,6.066535,12559,270,0.002176,95.453353,13,11,16
95.225074,0,25.5316990000001,3.379094,16359,248,0.001962,94.175938,13,10,9
100.019342,0,22.7825509999999,4.157,14301,227,0.001798,99.073752,11,9,14
