OK
345.150865
113
Boogie Dump Took : 0.878652
0.003101
32.185217
2.7414624159292
137.410882,0,25.7484430000001,4.878317,11693,117,0.001,136.802163,11,4,8
125.230392,0,33.023721,1.70153,16529,92,0.000744,124.665324,19,0,11
137.274203,0,26.034227,2.694269,12059,86,0.000831,136.723598,15,0,10
145.207068,0,29.8633450000001,3.362782,13040,110,0.001169,144.483305,15,0,25
101.381644,0,33.1937160000001,5.682587,15495,117,0.000984,100.712401,16,1,12
110.89493,0,26.1899040000001,5.148584,11356,103,0.001001,110.281949,12,1,11
129.809657,0,28.6025670000001,4.388635,14438,96,0.000988,129.208453,11,1,10
123.851523,0,19.3318739999999,8.291914,9918,149,0.001415,123.237653,6,1,18
