OK
43.856696
49
Boogie Dump Took : 0.865573
0.002589
4.216501
0.781676571428572
17.016576,0,4.249167,0.346069,2014,62,0.000519,16.641136,8,0,4
19.275994,0,2.740606,0.404676,1242,66,0.000582,18.894437,4,0,8
19.686641,0,3.84377499999999,0.503315,1840,61,0.000493,19.188834,6,0,11
19.407348,0,3.450648,0.395533,1628,56,0.000616,19.035681,6,0,5
17.505879,0,4.91778499999999,0.336302,2413,69,0.000582,17.094955,7,0,7
18.97489,0,1.995877,0.464397,761,80,0.000776,18.633293,3,0,7
18.970196,0,4.06057,0.427361,1999,60,0.000536,18.588076,6,0,5
20.402972,0,4.974509,0.209956,2342,51,0.000519,20.02824,9,0,2
