OK
221.454045
111
Boogie Dump Took : 0.839138
0.009994
13.451247
1.87056169369369
77.304257,0,20.090435,0.807921,7818,109,0.000853,76.787437,14,2,10
80.226891,0,21.6064580000001,0.696636,7606,61,0.000605,79.733711,15,0,11
60.789329,0,13.037302,1.141058,4976,114,0.000878999999999999,60.131584,10,3,15
70.2226,0,20.6866840000002,0.930217,8357,124,0.000947,69.695267,12,1,12
60.712356,0,13.821174,1.362046,4592,92,0.00078,60.123312,11,2,14
56.541942,0,21.941283,0.918107,7854,91,0.000754,55.939509,15,0,13
57.467168,0,14.87694,1.47399,5565,109,0.000992,56.605837,11,1,13
59.34178,0,19.266778,0.997309,7070,91,0.000779,58.748857,12,2,12
