OK
216.391439
127
Boogie Dump Took : 0.830685
0.002834
9.079605
1.6216891496063
97.081666,0,19.517753,2.529125,12485,122,0.000897999999999999,96.1366,18,0,20
107.298758,0,18.920767,1.467511,13026,91,0.000665,106.544119,19,0,12
84.792535,0,16.738064,2.891292,11455,151,0.000960999999999999,83.809378,16,1,19
97.631396,0,16.971403,1.61209,11229,145,0.000921999999999999,96.984256,13,0,17
99.634229,0,16.5374090000001,1.499172,10495,124,0.000891999999999999,98.948882,14,1,11
92.652454,0,19.55468,1.592505,13181,101,0.000809,91.993571,16,1,12
94.054688,0,16.681984,1.507779,10303,133,0.001029,93.435791,13,0,10
97.484508,0,15.116871,2.778848,10423,124,0.000842999999999999,96.734387,15,0,23
