OK
153.591453
115
Boogie Dump Took : 0.737532
0.004787
7.903918
1.25236980869565
33.323515,0,10.395499,2.149153,8257,151,0.001107,32.66634,10,3,15
38.775212,0,12.457734,3.367157,9216,115,0.001114,36.171948,13,2,11
25.830882,0,12.6078679999999,2.363929,9000,139,0.001072,25.174637,11,3,14
31.970057,0,14.68616,1.396416,11571,135,0.001089,31.334577,17,1,11
30.205629,0,11.243014,2.940749,9144,146,0.001087,28.501892,11,3,13
27.101243,0,11.575323,2.474916,9475,115,0.000873999999999999,25.505919,12,1,11
32.421363,0,10.952297,3.067713,8149,100,0.000896,30.761143,11,2,12
33.273098,0,11.61704,1.512239,9184,145,0.001232,32.569238,13,2,11
