OK
420.424292
125
Boogie Dump Took : 1.45639
0.004335
18.437007
3.273462776
32.810494,0,8.682504,3.199751,1370,140,0.038582,32.380492,2,26,6
20.820449,0,17.113393,0.714448,4129,209,0.029905,20.517302,8,1,2
11.3787,0,10.145799,18.668857,3110,281,0.08917,10.777426,2,10,27
18.709155,0,32.4791670000001,2.122808,11029,152,0.0612449999999999,18.346444,8,14,2
25.152051,0,42.7614929999999,1.444675,13287,108,0.042283,24.78576,14,12,1
15.10494,0,25.8149300000001,2.996087,7645,178,0.055954,14.663335,7,21,3
