OK
997.961846
160
Boogie Dump Took : 1.844993
0.000906
57.93146
5.54704895625
169.218148,0,70.890894,7.639727,16876,179,0.001697,167.902712,12,6,12
125.270735,0,78.1727639999998,5.849773,19710,93,0.001077,124.374468,17,3,14
169.86898,0,71.2482130000001,9.139014,17562,120,0.001286,169.030372,15,6,17
145.033217,0,76.1404719999997,7.739702,17949,101,0.001054,144.000434,16,3,15
118.484356,0,77.5547079999996,6.938181,19133,120,0.001174,117.360051,16,6,13
221.95368,0,73.14516,6.587031,17455,97,0.001044,221.199563,16,4,14
142.338001,0,72.8781300000001,11.387472,17686,110,0.001231,141.234109,14,7,18
166.926111,0,71.7803180000002,7.830098,16943,116,0.00153,166.129009,13,6,16
