OK
419.964088
112
Boogie Dump Took : 4.276072
0.006029
24.427288
3.60208825892857
52.309021,0,34.3234319999999,4.278639,6677,164,0.001476,49.923592,10,1,12
43.144095,0,35.6705059999999,6.164445,7319,245,0.001991,40.86217,9,6,6
43.113477,0,35.3841740000001,2.492349,7130,173,0.001486,42.101822,9,3,10
46.170057,0,54.4336590000001,4.711414,10421,159,0.001549,43.994784,13,6,9
42.671122,0,45.9933760000001,4.79228,8914,142,0.001334,41.685702,9,5,14
39.481677,0,47.6616489999999,5.005909,9030,175,0.001857,37.603621,12,1,12
43.551235,0,35.773363,5.922,7739,161,0.001497,42.590248,8,8,7
47.547209,0,35.005678,2.852839,6641,131,0.001261,46.642879,8,4,8
