NOK
20.781716
114
Boogie Dump Took : 10.24647
0.000307
0.460573
0.0904449035087719
0,0,0,0,0,0,0,6.811486,2,0,2
0,0,0,0,0,0,0,6.531384,2,0,1
0,0,0,0,0,0,0,4.574204,2,0,3
0,0,0,0,0,0,0,5.393192,2,0,2
0,0,0,0,0,0,0,4.962999,3,0,3
0,0,0,0,0,0,0,4.205124,3,0,4
0,0,0,0,0,0,0,7.140349,3,0,2
0,0,0,0,0,0,0,7.832245,3,0,2
0,0,0,0,0,0,0,5.921959,3,0,4
0,0,0,0,0,0,0,5.514626,2,0,2
0,0,0,0,0,0,0,6.329351,4,0,3
0,0,0,0,0,0,0,6.413253,3,0,2
0,0,0,0,0,0,0,5.495566,4,0,3
0,0,0,0,0,0,0,5.607868,4,0,3
0,0,0,0,0,0,0,5.806916,3,0,5
0,0,0,0,0,0,0,6.462494,4,0,3
0,0,0,0,0,0,0,4.56285,3,0,2
0,0,0,0,0,0,0,6.458527,4,0,3
0,0,0,0,0,0,0,6.014752,3,0,3
0,0,0,0,0,0,0,5.097012,2,0,3
0,0,0,0,0,0,0,6.190306,4,0,4
0,0,0,0,0,0,0,5.766863,3,0,2
0,0,0,0,0,0,0,6.125043,3,0,3
0,0,0,0,0,0,0,5.914094,3,0,3
0,0,0,0,0,0,0,6.12114,4,0,2
0,0,0,0,0,0,0,4.78121,3,0,3
0,0,0,0,0,0,0,4.910345,3,0,4
0,0,0,0,0,0,0,5.91435,3,0,3
0,0,0,0,0,0,0,6.286615,8,0,7
0,0,0,0,0,0,0,6.144214,8,0,7
0,0,0,0,0,0,0,5.971915,7,0,7
0,0,0,0,0,0,0,5.574123,6,0,7
#ALGO Details#
Best Algo splitMode:0
SplitMode:totalANDSplits
100:8
50:11
50:11
50:14
50:11
50:12
50:12
0:28