NOK
863.320189
128
Boogie Dump Took : 84.502572
0.001647
339.48301
5.1307964609375
0,0,0,0,0,0,0,0,0,0,1
0,0,0,0,0,0,0,4.070222,1,0,1
0,0,0,0,0,0,0,11.883555,1,0,1
0,0,0,0,0,0,0,606.802926,1,0,0
0,0,0,0,0,0,0,582.702105,2,0,1
0,0,0,0,0,0,0,1.50115,1,0,1
0,0,0,0,0,0,0,2.72713,1,0,1
0,0,0,0,0,0,0,6.868438,1,0,1
0,0,0,0,0,0,0,15.448928,2,0,2
0,0,0,0,0,0,0,19.440784,2,0,2
0,0,0,0,0,0,0,597.566193,2,0,1
0,0,0,0,0,0,0,15.947716,1,0,1
0,0,0,0,0,0,0,582.78114,2,0,1
0,0,0,0,0,0,0,1.389201,1,0,1
0,0,0,0,0,0,0,2.648349,1,0,1
0,0,0,0,0,0,0,7.067736,1,0,1
0,0,0,0,0,0,0,640.378296,2,0,2
0,0,0,0,0,0,0,643.904356,2,0,2
0,0,0,0,0,0,0,26.965837,2,0,1
0,0,0,0,0,0,0,632.256969,1,0,1
0,0,0,0,0,0,0,16.22336,2,0,2
0,0,0,0,0,0,0,600.259143,2,0,1
0,0,0,0,0,0,0,15.502577,1,0,1
0,0,0,0,0,0,0,9.460016,1,0,1
0,0,0,0,0,0,0,24.034971,2,0,2
0,0,0,0,0,0,0,591.631767,2,0,1
0,0,0,0,0,0,0,12.588734,1,0,2
0,0,0,0,0,0,0,606.979885,2,0,1
0,0,0,0,0,0,0,79.151291,21,0,23
0,0,0,0,0,0,0,78.098334,21,0,20
0,0,0,0,0,0,0,48.461371,15,0,15
0,0,0,0,0,0,0,79.214508,20,0,18
#ALGO Details#
Best Algo splitMode:0
SplitMode:totalANDSplits
100:3
50:4
50:6
50:4
50:6
50:5
50:6
0:87