NOK
27.508076
114
Boogie Dump Took : 14.414143
0.000219
0.688114
0.112399307017544
0,0,0,0,0,0,0,9.858007,2,0,2
0,0,0,0,0,0,0,6.753955,2,0,4
0,0,0,0,0,0,0,8.678442,2,0,1
0,0,0,0,0,0,0,9.357875,2,0,1
0,0,0,0,0,0,0,7.231585,4,0,3
0,0,0,0,0,0,0,6.921103,4,0,6
0,0,0,0,0,0,0,7.150336,4,0,3
0,0,0,0,0,0,0,8.808762,4,0,3
0,0,0,0,0,0,0,8.666545,4,0,3
0,0,0,0,0,0,0,8.977089,3,0,2
0,0,0,0,0,0,0,5.769281,2,0,4
0,0,0,0,0,0,0,9.200181,3,0,2
0,0,0,0,0,0,0,7.939987,4,0,3
0,0,0,0,0,0,0,8.467829,3,0,2
0,0,0,0,0,0,0,8.105735,3,0,2
0,0,0,0,0,0,0,6.654778,2,0,4
0,0,0,0,0,0,0,6.956341,2,0,4
0,0,0,0,0,0,0,8.343437,3,0,3
0,0,0,0,0,0,0,7.464695,2,0,1
0,0,0,0,0,0,0,9.090139,3,0,1
0,0,0,0,0,0,0,8.061543,3,0,4
0,0,0,0,0,0,0,7.82563,3,0,2
0,0,0,0,0,0,0,9.160298,3,0,2
0,0,0,0,0,0,0,8.663801,2,0,2
0,0,0,0,0,0,0,6.411247,3,0,5
0,0,0,0,0,0,0,7.317671,4,0,3
0,0,0,0,0,0,0,9.374781,3,0,2
0,0,0,0,0,0,0,9.374198,3,0,2
0,0,0,0,0,0,0,8.140991,8,0,8
0,0,0,0,0,0,0,7.723182,7,0,8
0,0,0,0,0,0,0,8.365963,9,0,7
0,0,0,0,0,0,0,8.192831,8,0,8
#ALGO Details#
Best Algo splitMode:50
SplitMode:totalANDSplits
100:8
50:15
50:11
50:11
50:9
50:10
50:12
0:31