NOK
14.036332
99
Boogie Dump Took : 7.214946
0.000173
0.418486
0.0673476868686868
0,0,0,0,0,0,0,2.8431,1,0,2
0,0,0,0,0,0,0,3.604279,2,0,2
0,0,0,0,0,0,0,4.586538,2,0,1
0,0,0,0,0,0,0,3.49356,2,0,2
0,0,0,0,0,0,0,4.621122,4,0,2
0,0,0,0,0,0,0,2.876731,3,0,3
0,0,0,0,0,0,0,4.054942,2,0,3
0,0,0,0,0,0,0,4.122772,2,0,2
0,0,0,0,0,0,0,3.232001,2,0,2
0,0,0,0,0,0,0,4.91588,2,0,2
0,0,0,0,0,0,0,3.158215,2,0,2
0,0,0,0,0,0,0,3.80696,3,0,2
0,0,0,0,0,0,0,3.339453,3,0,3
0,0,0,0,0,0,0,3.509944,3,0,2
0,0,0,0,0,0,0,3.74175,3,0,4
0,0,0,0,0,0,0,3.974679,3,0,2
0,0,0,0,0,0,0,3.405257,2,0,2
0,0,0,0,0,0,0,3.432991,2,0,2
0,0,0,0,0,0,0,2.911001,2,0,2
0,0,0,0,0,0,0,4.364928,2,0,1
0,0,0,0,0,0,0,3.352948,3,0,3
0,0,0,0,0,0,0,3.930384,3,0,3
0,0,0,0,0,0,0,3.891196,3,0,3
0,0,0,0,0,0,0,3.820229,3,0,2
0,0,0,0,0,0,0,3.647675,3,0,2
0,0,0,0,0,0,0,4.184199,3,0,3
0,0,0,0,0,0,0,3.693668,3,0,2
0,0,0,0,0,0,0,2.98979,2,0,3
0,0,0,0,0,0,0,4.855427,8,0,7
0,0,0,0,0,0,0,3.951482,7,0,7
0,0,0,0,0,0,0,4.16284,7,0,7
0,0,0,0,0,0,0,4.313791,7,0,7
#ALGO Details#
Best Algo splitMode:50
SplitMode:totalANDSplits
100:7
50:10
50:8
50:11
50:7
50:11
50:10
0:28