NOK
6.260001
16
Boogie Dump Took : 4.377665
0.002449
0.600798
0.1047665
0,0,0,0,0,0,0,0.596732,1,0,1
0,0,0,0,0,0,0,0,0,0,1
0,0,0,0,0,0,0,1.238183,1,0,0
0,0,0,0,0,0,0,0,0,0,0
0,0,0,0,0,0,0,1.550134,1,0,0
0,0,0,0,0,0,0,0.94141,1,0,1
0,0,0,0,0,0,0,0,0,0,0
0,0,0,0,0,0,0,0,0,0,0
0,0,0,0,0,0,0,1.432954,1,0,0
0,0,0,0,0,0,0,0,0,0,0
0,0,0,0,0,0,0,0.895119,1,0,1
0,0,0,0,0,0,0,0,0,0,0
0,0,0,0,0,0,0,0.898231,1,0,1
0,0,0,0,0,0,0,1.380151,1,0,0
0,0,0,0,0,0,0,0,0,0,0
0,0,0,0,0,0,0,0,0,0,0
0,0,0,0,0,0,0,1.320762,1,0,0
0,0,0,0,0,0,0,0,0,0,0
0,0,0,0,0,0,0,0.866493,1,0,1
0,0,0,0,0,0,0,0,0,0,0
0,0,0,0,0,0,0,0.852875,1,0,1
0,0,0,0,0,0,0,1.295048,1,0,0
0,0,0,0,0,0,0,0,0,0,0
0,0,0,0,0,0,0,0,0,0,0
0,0,0,0,0,0,0,1.483352,1,0,0
0,0,0,0,0,0,0,0.803941,1,0,1
0,0,0,0,0,0,0,0,0,0,0
0,0,0,0,0,0,0,0,0,0,0
0,0,0,0,0,0,0,0.681655,1,0,1
0,0,0,0,0,0,0,1.089269,1,0,0
0,0,0,0,0,0,0,0,0,0,0
0,0,0,0,0,0,0,0,0,0,0
#ALGO Details#
Best Algo splitMode:100
SplitMode:totalANDSplits
100:2
50:1
50:1
50:1
50:1
50:1
50:1
0:1