NOK
135.070552
39
Boogie Dump Took : 41.899738
0.000412
10.014129
0.764969794871795
0,0,0,0,0,0,0,0,0,0,1
0,0,0,0,0,0,0,1.233824,1,0,1
0,0,0,0,0,0,0,4.883641,1,0,0
0,0,0,0,0,0,0,0,0,0,0
0,0,0,0,0,0,0,0.000212,1,0,1
0,0,0,0,0,0,0,1.267663,1,0,1
0,0,0,0,0,0,0,5.169309,1,0,0
0,0,0,0,0,0,0,0,0,0,0
0,0,0,0,0,0,0,2.152085,2,0,2
0,0,0,0,0,0,0,6.052968,2,0,2
0,0,0,0,0,0,0,9.105004,2,0,1
0,0,0,0,0,0,0,2.06358,1,0,1
0,0,0,0,0,0,0,1.221915,1,0,1
0,0,0,0,0,0,0,0.000155,1,0,1
0,0,0,0,0,0,0,4.895025,1,0,0
0,0,0,0,0,0,0,0,0,0,0
0,0,0,0,0,0,0,0.000364,1,0,1
0,0,0,0,0,0,0,1.106707,1,0,1
0,0,0,0,0,0,0,0.587469,1,0,1
0,0,0,0,0,0,0,4.747107,1,0,0
0,0,0,0,0,0,0,0.000346,1,0,1
0,0,0,0,0,0,0,0.497482,1,0,1
0,0,0,0,0,0,0,4.291565,1,0,1
0,0,0,0,0,0,0,7.467585,1,0,0
0,0,0,0,0,0,0,0,0,0,0
0,0,0,0,0,0,0,0.000197,1,0,1
0,0,0,0,0,0,0,1.367486,1,0,1
0,0,0,0,0,0,0,4.401343,1,0,0
0,0,0,0,0,0,0,12.92868,4,1,3
0,0,0,0,0,0,0,12.696883,3,0,4
0,0,0,0,0,0,0,14.310286,3,0,2
0,0,0,0,0,0,0,10.376485,2,0,2
#ALGO Details#
Best Algo splitMode:100
SplitMode:totalANDSplits
100:2
50:2
50:6
50:2
50:3
50:3
50:2
0:12