NOK
35.637212
39
Boogie Dump Took : 32.409438
0.001807
0.386047
0.0803427179487179
0,0,0,0,0,0,0,0,0,0,1
0,0,0,0,0,0,0,0.826444,1,0,1
0,0,0,0,0,0,0,1.693437,1,0,0
0,0,0,0,0,0,0,0,0,0,0
0,0,0,0,0,0,0,0.077798,1,0,1
0,0,0,0,0,0,0,0.813486,1,0,1
0,0,0,0,0,0,0,1.496977,1,0,1
0,0,0,0,0,0,0,2.147833,1,0,0
0,0,0,0,0,0,0,0.003648,1,0,1
0,0,0,0,0,0,0,0.392637,1,0,1
0,0,0,0,0,0,0,1.163571,1,0,1
0,0,0,0,0,0,0,2.888042,1,0,0
0,0,0,0,0,0,0,0.000381,1,0,1
0,0,0,0,0,0,0,0.32353,1,0,1
0,0,0,0,0,0,0,1.161762,1,0,1
0,0,0,0,0,0,0,1.831813,1,0,0
0,0,0,0,0,0,0,1.938293,2,0,1
0,0,0,0,0,0,0,0.719351,1,0,1
0,0,0,0,0,0,0,1.432484,1,0,1
0,0,0,0,0,0,0,2.008298,1,0,1
0,0,0,0,0,0,0,0.000209,1,0,1
0,0,0,0,0,0,0,0.434184,1,0,1
0,0,0,0,0,0,0,0.740837,1,0,1
0,0,0,0,0,0,0,1.511527,1,0,0
0,0,0,0,0,0,0,1.681377,2,0,2
0,0,0,0,0,0,0,2.190043,2,0,1
0,0,0,0,0,0,0,0.762175,1,0,1
0,0,0,0,0,0,0,1.179272,1,0,1
0,0,0,0,0,0,0,1.528898,3,0,3
0,0,0,0,0,0,0,1.297699,2,0,1
0,0,0,0,0,0,0,1.233041,2,0,3
0,0,0,0,0,0,0,1.642268,3,0,2
#ALGO Details#
Best Algo splitMode:100
SplitMode:totalANDSplits
100:2
50:3
50:3
50:3
50:4
50:3
50:5
0:9