NOK
34.310337
42
Boogie Dump Took : 29.533984
0.000186
0.979184
0.11080580952381
0,0,0,0,0,0,0,0,0,0,1
0,0,0,0,0,0,0,0.843669,1,0,1
0,0,0,0,0,0,0,1.681641,1,0,0
0,0,0,0,0,0,0,0,0,0,0
0,0,0,0,0,0,0,1.630129,2,0,2
0,0,0,0,0,0,0,2.344844,2,0,2
0,0,0,0,0,0,0,2.440031,2,0,1
0,0,0,0,0,0,0,1.539982,1,0,1
0,0,0,0,0,0,0,0.117149,1,0,1
0,0,0,0,0,0,0,0.859784,1,0,1
0,0,0,0,0,0,0,1.754312,1,0,0
0,0,0,0,0,0,0,0,0,0,0
0,0,0,0,0,0,0,2.184602,2,0,2
0,0,0,0,0,0,0,2.318865,2,0,1
0,0,0,0,0,0,0,1.728709,1,0,1
0,0,0,0,0,0,0,2.308441,1,0,1
0,0,0,0,0,0,0,0.001382,1,0,1
0,0,0,0,0,0,0,0.464735,1,0,1
0,0,0,0,0,0,0,1.435213,1,0,1
0,0,0,0,0,0,0,4.402375,1,0,0
0,0,0,0,0,0,0,1.644737,2,0,1
0,0,0,0,0,0,0,0.451035,1,0,1
0,0,0,0,0,0,0,0.764256,1,0,1
0,0,0,0,0,0,0,1.331554,1,0,1
0,0,0,0,0,0,0,0.694623,1,0,1
0,0,0,0,0,0,0,0.000228,1,0,1
0,0,0,0,0,0,0,1.495904,1,0,0
0,0,0,0,0,0,0,0,0,0,0
0,0,0,0,0,0,0,2.021855,4,0,4
0,0,0,0,0,0,0,2.226321,4,0,3
0,0,0,0,0,0,0,1.714284,3,0,3
0,0,0,0,0,0,0,0.94182,1,0,1
#ALGO Details#
Best Algo splitMode:100
SplitMode:totalANDSplits
100:2
50:6
50:2
50:5
50:3
50:4
50:2
0:11