NOK
11.433851
27
Boogie Dump Took : 9.116825
0.000213
0.40464
0.0822962962962963
0,0,0,0,0,0,0,0,0,0,1
0,0,0,0,0,0,0,0,0,0,0
0,0,0,0,0,0,0,0.633716,1,0,1
0,0,0,0,0,0,0,1.350021,1,0,0
0,0,0,0,0,0,0,0.159642,1,0,1
0,0,0,0,0,0,0,1.340189,1,0,0
0,0,0,0,0,0,0,0.856362,1,0,1
0,0,0,0,0,0,0,0,0,0,0
0,0,0,0,0,0,0,1.312027,1,0,0
0,0,0,0,0,0,0,0.12601,1,0,1
0,0,0,0,0,0,0,0.824496,1,0,1
0,0,0,0,0,0,0,0,0,0,0
0,0,0,0,0,0,0,0.087306,1,0,1
0,0,0,0,0,0,0,0.626438,1,0,1
0,0,0,0,0,0,0,1.373423,1,0,0
0,0,0,0,0,0,0,0,0,0,0
0,0,0,0,0,0,0,1.635729,2,0,1
0,0,0,0,0,0,0,0.465879,1,0,1
0,0,0,0,0,0,0,1.112515,1,0,1
0,0,0,0,0,0,0,1.512338,1,0,1
0,0,0,0,0,0,0,0.632003,1,0,1
0,0,0,0,0,0,0,0.000166,1,0,1
0,0,0,0,0,0,0,0,0,0,0
0,0,0,0,0,0,0,1.112243,1,0,0
0,0,0,0,0,0,0,0.000148,1,0,1
0,0,0,0,0,0,0,0.82168,1,0,1
0,0,0,0,0,0,0,1.518235,1,0,0
0,0,0,0,0,0,0,0,0,0,0
0,0,0,0,0,0,0,1.20554,2,0,1
0,0,0,0,0,0,0,0.274457,1,0,1
0,0,0,0,0,0,0,0.763414,1,0,1
0,0,0,0,0,0,0,1.089085,1,0,1
#ALGO Details#
Best Algo splitMode:100
SplitMode:totalANDSplits
100:2
50:2
50:2
50:2
50:4
50:2
50:2
0:4