NOK
771.817394
48
Boogie Dump Took : 13.777854
0.000198
738.138868
15.7903464166667
0,0,0,0,0,0,0,0,0,0,1
0,0,0,0,0,0,0,0.997766,1,0,1
0,0,0,0,0,0,0,3.743499,1,0,1
0,0,0,0,0,0,0,748.137181,1,0,0
0,0,0,0,0,0,0,754.25352,3,0,2
0,0,0,0,0,0,0,5.604015,2,0,2
0,0,0,0,0,0,0,753.199917,2,0,2
0,0,0,0,0,0,0,753.256553,2,0,2
0,0,0,0,0,0,0,0.019042,1,0,1
0,0,0,0,0,0,0,1.000243,1,0,1
0,0,0,0,0,0,0,3.178988,1,0,0
0,0,0,0,0,0,0,0,0,0,0
0,0,0,0,0,0,0,6.569991,2,0,2
0,0,0,0,0,0,0,748.202686,3,0,1
0,0,0,0,0,0,0,747.962616,2,0,2
0,0,0,0,0,0,0,4.939166,1,0,2
0,0,0,0,0,0,0,0.000167,1,0,1
0,0,0,0,0,0,0,1.178295,1,0,1
0,0,0,0,0,0,0,3.418199,1,0,1
0,0,0,0,0,0,0,757.562607,1,0,0
0,0,0,0,0,0,0,755.901594,2,0,1
0,0,0,0,0,0,0,0.525882,1,0,1
0,0,0,0,0,0,0,2.510742,1,0,1
0,0,0,0,0,0,0,752.52434,1,0,1
0,0,0,0,0,0,0,0.003948,1,0,1
0,0,0,0,0,0,0,0.455843,1,0,1
0,0,0,0,0,0,0,0.938167,1,0,1
0,0,0,0,0,0,0,2.886305,1,0,0
0,0,0,0,0,0,0,5.119295,3,0,4
0,0,0,0,0,0,0,6.198609,4,0,2
0,0,0,0,0,0,0,4.495771,2,0,3
0,0,0,0,0,0,0,5.701582,3,0,2
#ALGO Details#
Best Algo splitMode:0
SplitMode:totalANDSplits
100:3
50:8
50:2
50:7
50:3
50:4
50:3
0:11