NOK
113.380789
56
Boogie Dump Took : 59.632853
0.001063
14.376151
0.937716089285714
0,0,0,0,0,0,0,0,0,0,1
0,0,0,0,0,0,0,1.486485,1,0,1
0,0,0,0,0,0,0,3.612703,1,0,0
0,0,0,0,0,0,0,0,0,0,0
0,0,0,0,0,0,0,4.428675,3,0,4
0,0,0,0,0,0,0,4.199061,3,0,2
0,0,0,0,0,0,0,4.749445,2,0,1
0,0,0,0,0,0,0,3.530471,2,0,2
0,0,0,0,0,0,0,0.816261,1,0,1
0,0,0,0,0,0,0,3.557294,2,0,1
0,0,0,0,0,0,0,1.254229,1,0,1
0,0,0,0,0,0,0,3.085976,1,0,1
0,0,0,0,0,0,0,51.434961,2,0,1
0,0,0,0,0,0,0,0.499957,1,0,1
0,0,0,0,0,0,0,0.990061,1,0,1
0,0,0,0,0,0,0,2.608345,1,0,1
0,0,0,0,0,0,0,0.000284,1,0,1
0,0,0,0,0,0,0,0.704613,1,0,1
0,0,0,0,0,0,0,2.294965,1,0,1
0,0,0,0,0,0,0,3.454827,1,0,0
0,0,0,0,0,0,0,0.000326,1,0,1
0,0,0,0,0,0,0,1.361926,1,0,1
0,0,0,0,0,0,0,3.625019,1,0,0
0,0,0,0,0,0,0,0,0,0,0
0,0,0,0,0,0,0,3.437909,2,0,1
0,0,0,0,0,0,0,1.659728,2,0,2
0,0,0,0,0,0,0,0.94974,1,0,1
0,0,0,0,0,0,0,1.510104,1,0,1
0,0,0,0,0,0,0,5.177378,4,0,3
0,0,0,0,0,0,0,4.990093,3,0,3
0,0,0,0,0,0,0,6.334997,4,0,3
0,0,0,0,0,0,0,5.501562,3,1,4
#ALGO Details#
Best Algo splitMode:50
SplitMode:totalANDSplits
100:2
50:9
50:4
50:4
50:3
50:2
50:5
0:20