NOK
143.060995
38
Boogie Dump Took : 129.664801
0.001031
6.136875
0.316370526315789
0,0,0,0,0,0,0,0,0,0,1
0,0,0,0,0,0,0,2.319966,1,0,0
0,0,0,0,0,0,0,1.016209,1,0,1
0,0,0,0,0,0,0,0,0,0,0
0,0,0,0,0,0,0,0.284773,1,0,1
0,0,0,0,0,0,0,1.035458,1,0,1
0,0,0,0,0,0,0,2.264061,1,0,0
0,0,0,0,0,0,0,0,0,0,0
0,0,0,0,0,0,0,0.192417,1,0,1
0,0,0,0,0,0,0,2.181543,1,0,0
0,0,0,0,0,0,0,0.925623,1,0,1
0,0,0,0,0,0,0,0,0,0,0
0,0,0,0,0,0,0,0.000296,1,0,1
0,0,0,0,0,0,0,3.395078,1,0,0
0,0,0,0,0,0,0,0,0,0,0
0,0,0,0,0,0,0,0.939707,1,0,1
0,0,0,0,0,0,0,0.000259,1,0,1
0,0,0,0,0,0,0,0.38948,1,0,1
0,0,0,0,0,0,0,1.47805,1,0,0
0,0,0,0,0,0,0,0,0,0,0
0,0,0,0,0,0,0,0.000269,1,0,1
0,0,0,0,0,0,0,1.75535,1,0,0
0,0,0,0,0,0,0,0.351643,1,0,1
0,0,0,0,0,0,0,0.880857,1,0,1
0,0,0,0,0,0,0,0.464297,1,0,1
0,0,0,0,0,0,0,0.000272,1,0,1
0,0,0,0,0,0,0,1.295145,1,0,1
0,0,0,0,0,0,0,1.775577,1,0,0
0,0,0,0,0,0,0,1.926336,3,0,2
0,0,0,0,0,0,0,3.032825,5,0,4
0,0,0,0,0,0,0,2.225305,4,0,3
0,0,0,0,0,0,0,1.553099,3,0,5
#ALGO Details#
Best Algo splitMode:50
SplitMode:totalANDSplits
100:2
50:2
50:2
50:2
50:2
50:3
50:3
0:15