NOK
40.70673
66
Boogie Dump Took : 33.577949
0.001534
0.398812
0.100923636363636
0,0,0,0,0,0,0,0,0,0,1
0,0,0,0,0,0,0,0.903063,1,0,1
0,0,0,0,0,0,0,1.886881,1,0,1
0,0,0,0,0,0,0,4.821078,1,0,0
0,0,0,0,0,0,0,0.117471,1,0,1
0,0,0,0,0,0,0,0.49451,1,0,1
0,0,0,0,0,0,0,1.335232,1,0,1
0,0,0,0,0,0,0,4.059962,1,0,0
0,0,0,0,0,0,0,4.905,2,0,1
0,0,0,0,0,0,0,0.700904,1,0,1
0,0,0,0,0,0,0,1.680709,1,0,1
0,0,0,0,0,0,0,2.486886,1,0,1
0,0,0,0,0,0,0,1.817316,2,0,2
0,0,0,0,0,0,0,3.333562,2,0,2
0,0,0,0,0,0,0,5.716863,2,0,1
0,0,0,0,0,0,0,2.32751,1,0,1
0,0,0,0,0,0,0,1.886209,2,0,2
0,0,0,0,0,0,0,4.35509,2,0,2
0,0,0,0,0,0,0,4.116951,2,0,1
0,0,0,0,0,0,0,1.782474,1,0,1
0,0,0,0,0,0,0,0.000268,1,0,1
0,0,0,0,0,0,0,0.788115,1,0,1
0,0,0,0,0,0,0,1.760476,1,0,1
0,0,0,0,0,0,0,4.508288,1,0,0
0,0,0,0,0,0,0,4.943047,3,0,2
0,0,0,0,0,0,0,2.147966,2,0,2
0,0,0,0,0,0,0,1.833704,2,0,2
0,0,0,0,0,0,0,4.629858,2,0,2
0,0,0,0,0,0,0,2.376746,7,0,8
0,0,0,0,0,0,0,2.281877,6,0,6
0,0,0,0,0,0,0,2.322078,7,0,6
0,0,0,0,0,0,0,2.250765,7,0,6
#ALGO Details#
Best Algo splitMode:0
SplitMode:totalANDSplits
100:3
50:3
50:4
50:6
50:6
50:3
50:8
0:26