NOK
9.980832
49
Boogie Dump Took : 4.786001
0.001411
0.497466
0.104079346938776
0,0,0,0,0,0,0,0,0,0,1
0,0,0,0,0,0,0,3.525622,1,0,1
0,0,0,0,0,0,0,4.101368,1,0,0
0,0,0,0,0,0,0,0,0,0,0
0,0,0,0,0,0,0,2.292411,2,0,1
0,0,0,0,0,0,0,2.259632,2,0,4
0,0,0,0,0,0,0,3.382208,3,0,2
0,0,0,0,0,0,0,3.430697,2,0,1
0,0,0,0,0,0,0,2.389517,1,0,3
0,0,0,0,0,0,0,2.455827,3,0,2
0,0,0,0,0,0,0,3.762203,3,0,2
0,0,0,0,0,0,0,2.992489,2,0,1
0,0,0,0,0,0,0,2.759483,2,0,3
0,0,0,0,0,0,0,3.205042,3,0,2
0,0,0,0,0,0,0,3.32622,2,0,1
0,0,0,0,0,0,0,2.625131,2,0,2
0,0,0,0,0,0,0,2.72836,2,0,2
0,0,0,0,0,0,0,4.092067,2,0,1
0,0,0,0,0,0,0,2.916981,1,0,1
0,0,0,0,0,0,0,3.507366,1,0,1
0,0,0,0,0,0,0,3.114488,1,0,1
0,0,0,0,0,0,0,3.388477,1,0,1
0,0,0,0,0,0,0,4.527532,1,0,0
0,0,0,0,0,0,0,3.910171,1,0,1
0,0,0,0,0,0,0,4.182936,2,0,2
0,0,0,0,0,0,0,4.565562,2,0,1
0,0,0,0,0,0,0,3.742944,1,0,1
0,0,0,0,0,0,0,4.139871,1,0,1
0,0,0,0,0,0,0,2.957549,1,0,1
0,0,0,0,0,0,0,4.251542,1,0,1
0,0,0,0,0,0,0,4.533292,1,0,1
0,0,0,0,0,0,0,4.767241,1,0,0
#ALGO Details#
Best Algo splitMode:50
SplitMode:totalANDSplits
100:2
50:8
50:8
50:8
50:5
50:3
50:5
0:3