NOK
70.118675
32
Boogie Dump Took : 65.709896
0.000271
0.582607
0.133326
0,0,0,0,0,0,0,0,0,0,1
0,0,0,0,0,0,0,2.315117,1,0,1
0,0,0,0,0,0,0,3.963249,1,0,0
0,0,0,0,0,0,0,0,0,0,0
0,0,0,0,0,0,0,0.221632,1,0,1
0,0,0,0,0,0,0,1.408139,1,0,1
0,0,0,0,0,0,0,3.096362,1,0,0
0,0,0,0,0,0,0,0,0,0,0
0,0,0,0,0,0,0,0.20619,1,0,1
0,0,0,0,0,0,0,1.492074,1,0,1
0,0,0,0,0,0,0,2.488955,1,0,1
0,0,0,0,0,0,0,3.503745,1,0,0
0,0,0,0,0,0,0,0.184189,1,0,1
0,0,0,0,0,0,0,1.408176,1,0,1
0,0,0,0,0,0,0,3.097242,1,0,0
0,0,0,0,0,0,0,0,0,0,0
0,0,0,0,0,0,0,0.159129,1,0,1
0,0,0,0,0,0,0,2.391211,1,0,1
0,0,0,0,0,0,0,3.557578,1,0,0
0,0,0,0,0,0,0,0,0,0,0
0,0,0,0,0,0,0,0.12118,1,0,1
0,0,0,0,0,0,0,2.913037,1,0,0
0,0,0,0,0,0,0,1.289484,1,0,1
0,0,0,0,0,0,0,0,0,0,0
0,0,0,0,0,0,0,2.02328,2,0,1
0,0,0,0,0,0,0,2.542375,2,0,1
0,0,0,0,0,0,0,1.145428,1,0,1
0,0,0,0,0,0,0,1.718573,1,0,2
0,0,0,0,0,0,0,2.5998,3,0,3
0,0,0,0,0,0,0,1.674318,2,0,1
0,0,0,0,0,0,0,1.957896,2,0,2
0,0,0,0,0,0,0,1.443967,1,0,1
#ALGO Details#
Best Algo splitMode:0
SplitMode:totalANDSplits
100:2
50:2
50:3
50:2
50:2
50:2
50:5
0:7