NOK
11.536992
38
Boogie Dump Took : 8.918304
0.001632
0.310002
0.0646560526315789
0,0,0,0,0,0,0,0,0,0,1
0,0,0,0,0,0,0,0.626224,1,0,1
0,0,0,0,0,0,0,1.365015,1,0,1
0,0,0,0,0,0,0,2.190558,1,0,0
0,0,0,0,0,0,0,0.147197,1,0,1
0,0,0,0,0,0,0,0.479798,1,0,1
0,0,0,0,0,0,0,1.066116,1,0,1
0,0,0,0,0,0,0,1.815182,1,0,0
0,0,0,0,0,0,0,1.288433,2,0,2
0,0,0,0,0,0,0,1.807896,2,0,1
0,0,0,0,0,0,0,0.757694,1,0,1
0,0,0,0,0,0,0,1.160443,1,0,1
0,0,0,0,0,0,0,0.880789,1,0,1
0,0,0,0,0,0,0,1.493654,1,0,1
0,0,0,0,0,0,0,0.528408,1,0,1
0,0,0,0,0,0,0,1.526878,2,0,1
0,0,0,0,0,0,0,0.64827,1,0,1
0,0,0,0,0,0,0,0.088085,1,0,1
0,0,0,0,0,0,0,1.352789,1,0,1
0,0,0,0,0,0,0,2.133583,1,0,0
0,0,0,0,0,0,0,1.39438,1,0,1
0,0,0,0,0,0,0,0.021336,1,0,1
0,0,0,0,0,0,0,0.629422,1,0,1
0,0,0,0,0,0,0,2.187551,1,0,0
0,0,0,0,0,0,0,0.65025,1,0,1
0,0,0,0,0,0,0,0.000281,1,0,1
0,0,0,0,0,0,0,1.121871,1,0,1
0,0,0,0,0,0,0,1.547813,1,0,0
0,0,0,0,0,0,0,1.251908,2,0,2
0,0,0,0,0,0,0,1.427821,2,0,2
0,0,0,0,0,0,0,1.451684,2,0,2
0,0,0,0,0,0,0,1.382402,2,0,1
#ALGO Details#
Best Algo splitMode:50
SplitMode:totalANDSplits
100:3
50:3
50:5
50:4
50:3
50:3
50:3
0:7