NOK
46.598433
106
Boogie Dump Took : 11.042119
0.001557
1.486599
0.327860839622641
0,0,0,0,0,0,0,17.910373,3,0,2
0,0,0,0,0,0,0,16.809347,2,0,1
0,0,0,0,0,0,0,10.98821,1,0,3
0,0,0,0,0,0,0,17.475659,2,0,2
0,0,0,0,0,0,0,16.493017,2,0,3
0,0,0,0,0,0,0,11.433336,2,0,4
0,0,0,0,0,0,0,19.038297,3,0,1
0,0,0,0,0,0,0,19.086683,3,0,1
0,0,0,0,0,0,0,20.490973,3,0,2
0,0,0,0,0,0,0,20.604283,3,0,2
0,0,0,0,0,0,0,12.11303,2,0,4
0,0,0,0,0,0,0,17.719719,2,0,1
0,0,0,0,0,0,0,16.631009,5,0,1
0,0,0,0,0,0,0,15.095975,4,0,3
0,0,0,0,0,0,0,12.855766,2,0,3
0,0,0,0,0,0,0,11.248792,1,0,4
0,0,0,0,0,0,0,19.928962,3,0,5
0,0,0,0,0,0,0,10.532539,3,0,4
0,0,0,0,0,0,0,18.621788,3,0,1
0,0,0,0,0,0,0,18.745678,3,0,1
0,0,0,0,0,0,0,14.797436,4,0,5
0,0,0,0,0,0,0,14.000346,3,0,2
0,0,0,0,0,0,0,19.660872,3,0,3
0,0,0,0,0,0,0,17.399973,3,0,2
0,0,0,0,0,0,0,15.573102,5,0,2
0,0,0,0,0,0,0,11.14033,2,0,5
0,0,0,0,0,0,0,17.391856,3,0,2
0,0,0,0,0,0,0,16.049702,2,0,2
0,0,0,0,0,0,0,26.852294,8,0,7
0,0,0,0,0,0,0,21.965201,7,0,7
0,0,0,0,0,0,0,23.400798,7,0,7
0,0,0,0,0,0,0,25.147509,7,0,7
#ALGO Details#
Best Algo splitMode:50
SplitMode:totalANDSplits
100:8
50:9
50:9
50:11
50:11
50:12
50:11
0:28