NOK
179.88546
312
Boogie Dump Took : 27.757962
0.00033
6.062616
0.485956067307692
0,0,0,0,0,0,0,12.388304,4,2,3
0,0,0,0,0,0,0,10.281851,4,3,3
0,0,0,0,0,0,0,5.941251,2,6,3
0,0,0,0,0,0,0,9.44181,3,7,4
0,0,0,0,0,0,0,13.180374,14,1,12
0,0,0,0,0,0,0,10.062945,9,0,10
0,0,0,0,0,0,0,12.115842,11,2,11
0,0,0,0,0,0,0,12.68673,12,0,12
0,0,0,0,0,0,0,9.895101,9,1,10
0,0,0,0,0,0,0,13.28382,9,3,7
0,0,0,0,0,0,0,14.404025,9,0,8
0,0,0,0,0,0,0,12.577495,6,3,7
0,0,0,0,0,0,0,2.395061,5,2,7
0,0,0,0,0,0,0,6.242252,7,1,6
0,0,0,0,0,0,0,7.757418,8,1,4
0,0,0,0,0,0,0,6.507633,5,2,7
0,0,0,0,0,0,0,8.207354,6,2,5
0,0,0,0,0,0,0,7.845556,6,3,5
0,0,0,0,0,0,0,5.165622,5,1,6
0,0,0,0,0,0,0,6.619397,5,2,5
0,0,0,0,0,0,0,8.055573,5,1,4
0,0,0,0,0,0,0,10.279315,6,2,5
0,0,0,0,0,0,0,13.691712,6,2,7
0,0,0,0,0,0,0,15.095287,5,1,5
0,0,0,0,0,0,0,14.966864,11,1,12
0,0,0,0,0,0,0,7.360056,4,2,7
0,0,0,0,0,0,0,17.714608,12,0,12
0,0,0,0,0,0,0,20.046759,14,0,9
0,0,0,0,0,0,0,2.738242,8,3,7
0,0,0,0,0,0,0,3.251138,8,3,11
0,0,0,0,0,0,0,2.787348,10,5,8
0,0,0,0,0,0,0,3.381282,9,5,8
#ALGO Details#
Best Algo splitMode:50
SplitMode:totalANDSplits
100:31
50:48
50:39
50:32
50:30
50:27
50:44
0:54