NOK
99.992197
176
Boogie Dump Took : 42.637512
0.000764
1.816663
0.323764039772727
0,0,0,0,0,0,0,21.205148,1,0,4
0,0,0,0,0,0,0,36.331641,2,0,1
0,0,0,0,0,0,0,34.578576,2,0,1
0,0,0,0,0,0,0,37.46596,3,0,2
0,0,0,0,0,0,0,29.760346,4,0,4
0,0,0,0,0,0,0,42.407807,5,0,5
0,0,0,0,0,0,0,30.586681,4,0,4
0,0,0,0,0,0,0,34.610811,4,0,3
0,0,0,0,0,0,0,40.666188,4,0,5
0,0,0,0,0,0,0,22.296777,2,0,3
0,0,0,0,0,0,0,29.156951,4,0,3
0,0,0,0,0,0,0,28.53537,4,0,2
0,0,0,0,0,0,0,31.503801,4,0,2
0,0,0,0,0,0,0,30.105497,3,0,3
0,0,0,0,0,0,0,30.338971,2,0,3
0,0,0,0,0,0,0,34.038326,3,0,3
0,0,0,0,0,0,0,41.482894,3,0,3
0,0,0,0,0,0,0,30.645784,3,0,2
0,0,0,0,0,0,0,34.18565,3,0,3
0,0,0,0,0,0,0,24.383797,3,0,3
0,0,0,0,0,0,0,41.510496,7,0,6
0,0,0,0,0,0,0,27.788778,6,0,6
0,0,0,0,0,0,0,26.113627,6,0,6
0,0,0,0,0,0,0,45.162613,6,0,6
0,0,0,0,0,0,0,35.295277,4,0,3
0,0,0,0,0,0,0,30.475921,3,0,3
0,0,0,0,0,0,0,35.519286,3,0,3
0,0,0,0,0,0,0,40.303709,3,0,3
0,0,0,0,0,0,0,41.122819,19,0,19
0,0,0,0,0,0,0,36.401782,19,0,19
0,0,0,0,0,0,0,43.410629,19,0,18
0,0,0,0,0,0,0,39.765408,18,0,18
#ALGO Details#
Best Algo splitMode:50
SplitMode:totalANDSplits
100:8
50:16
50:13
50:11
50:11
50:24
50:12
0:74