NOK
328.159062
232
Boogie Dump Took : 105.964926
0.001851
6.13036
0.943384956896551
0,0,0,0,0,0,0,35.33936,1,0,4
0,0,0,0,0,0,0,55.370934,3,2,2
0,0,0,0,0,0,0,56.860188,2,1,1
0,0,0,0,0,0,0,60.676957,2,2,1
0,0,0,0,0,0,0,59.22535,3,1,2
0,0,0,0,0,0,0,62.886672,3,1,2
0,0,0,0,0,0,0,43.063373,2,0,3
0,0,0,0,0,0,0,55.007455,2,1,2
0,0,0,0,0,0,0,78.693616,4,2,5
0,0,0,0,0,0,0,59.297236,4,1,5
0,0,0,0,0,0,0,75.714927,6,1,3
0,0,0,0,0,0,0,70.940598,4,1,4
0,0,0,0,0,0,0,46.63628,3,1,5
0,0,0,0,0,0,0,53.01094,3,3,2
0,0,0,0,0,0,0,47.356249,3,2,2
0,0,0,0,0,0,0,49.198598,3,3,2
0,0,0,0,0,0,0,52.217531,3,1,2
0,0,0,0,0,0,0,48.932874,3,3,2
0,0,0,0,0,0,0,44.411823,3,1,2
0,0,0,0,0,0,0,42.087313,2,1,4
0,0,0,0,0,0,0,61.322743,4,3,3
0,0,0,0,0,0,0,58.891136,3,0,5
0,0,0,0,0,0,0,59.240283,3,1,2
0,0,0,0,0,0,0,61.055075,3,1,2
0,0,0,0,0,0,0,74.919935,5,1,3
0,0,0,0,0,0,0,78.413927,3,1,4
0,0,0,0,0,0,0,71.528931,3,1,2
0,0,0,0,0,0,0,54.408207,2,1,3
0,0,0,0,0,0,0,164.188037,18,0,17
0,0,0,0,0,0,0,153.771392,17,0,17
0,0,0,0,0,0,0,150.756259,17,0,17
0,0,0,0,0,0,0,163.332205,17,0,17
#ALGO Details#
Best Algo splitMode:50
SplitMode:totalANDSplits
100:23
50:19
50:23
50:26
50:24
50:25
50:17
0:68