NOK
75.742872
151
Boogie Dump Took : 15.366008
0.001948
2.090578
0.385187251655629
0,0,0,0,0,0,0,22.322725,1,0,4
0,0,0,0,0,0,0,32.809761,3,0,2
0,0,0,0,0,0,0,34.738342,2,0,1
0,0,0,0,0,0,0,37.679291,2,0,1
0,0,0,0,0,0,0,27.256476,3,0,5
0,0,0,0,0,0,0,34.409336,4,0,3
0,0,0,0,0,0,0,34.182599,3,0,2
0,0,0,0,0,0,0,34.113925,3,0,2
0,0,0,0,0,0,0,30.38025,5,0,2
0,0,0,0,0,0,0,27.371187,3,0,2
0,0,0,0,0,0,0,29.675122,2,0,4
0,0,0,0,0,0,0,33.641437,2,0,3
0,0,0,0,0,0,0,46.794742,4,0,3
0,0,0,0,0,0,0,40.993063,3,0,3
0,0,0,0,0,0,0,28.568184,3,0,3
0,0,0,0,0,0,0,33.747264,3,0,3
0,0,0,0,0,0,0,34.823586,3,0,2
0,0,0,0,0,0,0,31.530637,3,0,2
0,0,0,0,0,0,0,34.293586,2,0,1
0,0,0,0,0,0,0,30.034082,2,0,4
0,0,0,0,0,0,0,30.031273,4,0,2
0,0,0,0,0,0,0,25.76624,2,0,4
0,0,0,0,0,0,0,29.620392,3,0,4
0,0,0,0,0,0,0,32.259396,3,0,1
0,0,0,0,0,0,0,38.015311,6,0,6
0,0,0,0,0,0,0,45.069728,6,0,5
0,0,0,0,0,0,0,34.199703,5,0,5
0,0,0,0,0,0,0,37.728091,5,0,5
0,0,0,0,0,0,0,39.309948,15,0,15
0,0,0,0,0,0,0,38.427744,15,0,15
0,0,0,0,0,0,0,42.499066,15,0,15
0,0,0,0,0,0,0,44.45024,15,0,14
#ALGO Details#
Best Algo splitMode:50
SplitMode:totalANDSplits
100:9
50:12
50:11
50:12
50:9
50:11
50:21
0:59