NOK
925.121303
250
Boogie Dump Took : 56.064217
0.002214
12.397255
3.443530832
0,0,0,0,0,0,0,371.419455,2,1,3
0,0,0,0,0,0,0,374.651047,3,0,2
0,0,0,0,0,0,0,372.608059,2,0,2
0,0,0,0,0,0,0,200.343512,3,0,3
0,0,0,0,0,0,0,530.193262,5,0,3
0,0,0,0,0,0,0,338.344168,3,0,3
0,0,0,0,0,0,0,336.491138,3,0,4
0,0,0,0,0,0,0,579.241146,4,0,4
0,0,0,0,0,0,0,194.110341,4,0,4
0,0,0,0,0,0,0,426.230598,2,2,3
0,0,0,0,0,0,0,429.243401,2,0,1
0,0,0,0,0,0,0,455.484384,2,0,1
0,0,0,0,0,0,0,418.057887,5,0,5
0,0,0,0,0,0,0,569.047432,5,0,5
0,0,0,0,0,0,0,305.648719,5,0,4
0,0,0,0,0,0,0,391.796679,4,0,4
0,0,0,0,0,0,0,447.867126,4,1,2
0,0,0,0,0,0,0,138.454203,2,2,3
0,0,0,0,0,0,0,443.488551,2,2,3
0,0,0,0,0,0,0,416.189293,3,0,2
0,0,0,0,0,0,0,467.733259,4,0,3
0,0,0,0,0,0,0,169.086229,4,0,6
0,0,0,0,0,0,0,442.413813,3,2,3
0,0,0,0,0,0,0,542.548621,5,0,3
0,0,0,0,0,0,0,370.539938,3,0,2
0,0,0,0,0,0,0,306.719512,3,0,4
0,0,0,0,0,0,0,596.666429,4,0,4
0,0,0,0,0,0,0,373.391656,3,0,2
0,0,0,0,0,0,0,458.239034,37,0,36
0,0,0,0,0,0,0,453.800633,36,0,37
0,0,0,0,0,0,0,469.517155,36,0,35
0,0,0,0,0,0,0,456.085005,36,0,36
#ALGO Details#
Best Algo splitMode:50
SplitMode:totalANDSplits
100:11
50:15
50:11
50:18
50:15
50:17
50:12
0:144