NOK
45.394096
191
Boogie Dump Took : 10.652775
0.002334
2.4462
0.180646104712042
0,0,0,0,0,0,0,23.456147,4,0,3
0,0,0,0,0,0,0,18.418079,3,0,4
0,0,0,0,0,0,0,19.597784,3,0,3
0,0,0,0,0,0,0,18.538406,3,0,3
0,0,0,0,0,0,0,20.723481,5,0,5
0,0,0,0,0,0,0,16.899827,4,0,5
0,0,0,0,0,0,0,19.958959,4,0,4
0,0,0,0,0,0,0,20.843883,5,0,3
0,0,0,0,0,0,0,20.643777,5,0,4
0,0,0,0,0,0,0,11.201547,3,0,3
0,0,0,0,0,0,0,15.772002,3,0,3
0,0,0,0,0,0,0,24.149944,4,0,4
0,0,0,0,0,0,0,20.677568,7,0,4
0,0,0,0,0,0,0,18.112468,5,0,5
0,0,0,0,0,0,0,22.906467,6,0,5
0,0,0,0,0,0,0,14.872726,3,0,6
0,0,0,0,0,0,0,19.498708,4,0,4
0,0,0,0,0,0,0,19.362696,4,0,5
0,0,0,0,0,0,0,19.973306,4,0,4
0,0,0,0,0,0,0,28.61231,5,0,3
0,0,0,0,0,0,0,10.791379,5,0,6
0,0,0,0,0,0,0,25.003007,7,0,6
0,0,0,0,0,0,0,11.787347,6,0,6
0,0,0,0,0,0,0,26.795278,7,0,6
0,0,0,0,0,0,0,18.324676,8,0,7
0,0,0,0,0,0,0,16.506305,7,0,6
0,0,0,0,0,0,0,14.454506,6,0,8
0,0,0,0,0,0,0,15.026527,7,0,6
0,0,0,0,0,0,0,5.388036,15,0,16
0,0,0,0,0,0,0,5.95882,10,0,8
0,0,0,0,0,0,0,8.49777,17,1,16
0,0,0,0,0,0,0,6.212412,8,1,9
#ALGO Details#
Best Algo splitMode:0
SplitMode:totalANDSplits
100:13
50:17
50:14
50:20
50:16
50:24
50:27
0:53