NOK
192.226782
645
Boogie Dump Took : 11.152179
0.000536
8.346014
0.275070854263566
0,0,0,0,0,0,0,33.25663,17,3,17
0,0,0,0,0,0,0,32.218321,19,3,15
0,0,0,0,0,0,0,29.993565,17,2,16
0,0,0,0,0,0,0,30.861902,15,0,20
0,0,0,0,0,0,0,19.19827,22,0,24
0,0,0,0,0,0,0,26.003921,30,0,29
0,0,0,0,0,0,0,21.471278,24,0,27
0,0,0,0,0,0,0,29.888899,32,0,27
0,0,0,0,0,0,0,21.516086,10,2,11
0,0,0,0,0,0,0,18.937488,13,0,11
0,0,0,0,0,0,0,17.572666,12,1,12
0,0,0,0,0,0,0,16.906725,12,1,12
0,0,0,0,0,0,0,23.282951,19,0,20
0,0,0,0,0,0,0,25.183866,22,0,19
0,0,0,0,0,0,0,21.237698,17,0,21
0,0,0,0,0,0,0,22.707549,20,0,17
0,0,0,0,0,0,0,28.134298,13,1,13
0,0,0,0,0,0,0,18.33498,11,1,10
0,0,0,0,0,0,0,25.380211,12,1,11
0,0,0,0,0,0,0,17.052111,10,0,11
0,0,0,0,0,0,0,27.473595,10,2,9
0,0,0,0,0,0,0,24.481698,9,0,9
0,0,0,0,0,0,0,28.024206,9,2,8
0,0,0,0,0,0,0,30.226241,9,1,10
0,0,0,0,0,0,0,18.624444,23,0,25
0,0,0,0,0,0,0,31.40859,26,0,26
0,0,0,0,0,0,0,22.290997,26,1,23
0,0,0,0,0,0,0,19.289535,21,1,21
0,0,0,0,0,0,0,20.266337,31,1,31
0,0,0,0,0,0,0,20.949723,33,1,33
0,0,0,0,0,0,0,19.222885,34,0,33
0,0,0,0,0,0,0,19.044786,33,0,33
#ALGO Details#
Best Algo splitMode:50
SplitMode:totalANDSplits
100:76
50:108
50:52
50:80
50:50
50:41
50:99
0:132