NOK
934.178068
117
Boogie Dump Took : 61.970632
0.000655
449.441662
6.91777015384615
0,0,0,0,0,0,0,0,0,0,1
0,0,0,0,0,0,0,1.706036,1,0,1
0,0,0,0,0,0,0,6.377547,1,0,1
0,0,0,0,0,0,0,798.521216,1,0,0
0,0,0,0,0,0,0,0.0218,1,0,1
0,0,0,0,0,0,0,2.036322,1,0,1
0,0,0,0,0,0,0,799.834283,1,0,0
0,0,0,0,0,0,0,6.715763,1,0,1
0,0,0,0,0,0,0,795.236134,2,0,2
0,0,0,0,0,0,0,799.092356,2,0,1
0,0,0,0,0,0,0,1.867281,1,0,1
0,0,0,0,0,0,0,5.276346,1,0,1
0,0,0,0,0,0,0,0.000158,1,0,1
0,0,0,0,0,0,0,1.032157,1,0,1
0,0,0,0,0,0,0,4.701888,1,0,1
0,0,0,0,0,0,0,797.848814,1,0,0
0,0,0,0,0,0,0,0.00181,1,0,1
0,0,0,0,0,0,0,0.749727,1,0,1
0,0,0,0,0,0,0,797.81959,1,0,0
0,0,0,0,0,0,0,4.205042,1,0,1
0,0,0,0,0,0,0,803.45015,3,0,2
0,0,0,0,0,0,0,798.236478,2,0,2
0,0,0,0,0,0,0,14.397582,2,0,2
0,0,0,0,0,0,0,802.02019,2,0,2
0,0,0,0,0,0,0,2.612518,2,0,2
0,0,0,0,0,0,0,2.834823,2,0,2
0,0,0,0,0,0,0,5.726641,2,0,2
0,0,0,0,0,0,0,798.353112,2,0,1
0,0,0,0,0,0,0,23.896845,17,1,17
0,0,0,0,0,0,0,24.34352,18,1,21
0,0,0,0,0,0,0,40.938814,22,4,18
0,0,0,0,0,0,0,23.485672,16,0,16
#ALGO Details#
Best Algo splitMode:0
SplitMode:totalANDSplits
100:3
50:3
50:5
50:3
50:3
50:8
50:7
0:78