NOK
1622.462944
82
Boogie Dump Took : 308.987427
0.00025
1116.536864
15.1856238658537
0,0,0,0,0,0,0,0,0,0,1
0,0,0,0,0,0,0,1.324664,1,0,1
0,0,0,0,0,0,0,3.791445,1,0,1
0,0,0,0,0,0,0,1162.244148,1,0,0
0,0,0,0,0,0,0,1175.914197,3,0,3
0,0,0,0,0,0,0,1176.801867,3,0,3
0,0,0,0,0,0,0,1174.964234,2,0,2
0,0,0,0,0,0,0,7.451356,2,0,1
0,0,0,0,0,0,0,1199.782772,2,0,2
0,0,0,0,0,0,0,1200.873946,2,0,2
0,0,0,0,0,0,0,7.896285,2,0,1
0,0,0,0,0,0,0,1198.923649,1,0,1
0,0,0,0,0,0,0,1181.856518,3,0,3
0,0,0,0,0,0,0,1182.586931,3,0,2
0,0,0,0,0,0,0,7.214688,2,0,2
0,0,0,0,0,0,0,1181.205724,2,0,2
0,0,0,0,0,0,0,0.000513,1,0,1
0,0,0,0,0,0,0,1.129404,1,0,1
0,0,0,0,0,0,0,2.806836,1,0,1
0,0,0,0,0,0,0,1163.850693,1,0,0
0,0,0,0,0,0,0,0.000346,1,0,1
0,0,0,0,0,0,0,1.037087,1,0,1
0,0,0,0,0,0,0,3.690778,1,0,1
0,0,0,0,0,0,0,1165.148382,1,0,0
0,0,0,0,0,0,0,3.596231,2,0,2
0,0,0,0,0,0,0,5.164359,2,0,2
0,0,0,0,0,0,0,1154.853406,2,0,1
0,0,0,0,0,0,0,1.501697,1,0,1
0,0,0,0,0,0,0,12.419668,12,0,9
0,0,0,0,0,0,0,1168.131604,9,0,12
0,0,0,0,0,0,0,10.938784,10,0,7
0,0,0,0,0,0,0,8.941115,6,0,8
#ALGO Details#
Best Algo splitMode:0
SplitMode:totalANDSplits
100:3
50:9
50:6
50:9
50:3
50:3
50:6
0:36