NOK
93.78352
65
Boogie Dump Took : 27.012482
0.001564
8.639272
0.957395107692308
0,0,0,0,0,0,0,0,0,0,1
0,0,0,0,0,0,0,4.690258,1,0,1
0,0,0,0,0,0,0,1.84199,1,0,1
0,0,0,0,0,0,0,54.717692,1,0,0
0,0,0,0,0,0,0,55.183629,2,0,1
0,0,0,0,0,0,0,1.118204,1,0,1
0,0,0,0,0,0,0,3.434571,1,0,1
0,0,0,0,0,0,0,5.594319,1,0,1
0,0,0,0,0,0,0,9.486256,3,0,2
0,0,0,0,0,0,0,54.017073,2,0,2
0,0,0,0,0,0,0,54.379869,2,0,2
0,0,0,0,0,0,0,55.937686,2,0,2
0,0,0,0,0,0,0,54.787932,2,0,2
0,0,0,0,0,0,0,55.318284,2,0,2
0,0,0,0,0,0,0,8.95705,2,0,2
0,0,0,0,0,0,0,57.90447,2,0,1
0,0,0,0,0,0,0,54.794436,2,0,1
0,0,0,0,0,0,0,0.829277,1,0,1
0,0,0,0,0,0,0,4.905644,1,0,1
0,0,0,0,0,0,0,2.861031,1,0,1
0,0,0,0,0,0,0,6.500334,2,0,2
0,0,0,0,0,0,0,54.157567,2,0,2
0,0,0,0,0,0,0,55.682277,2,0,1
0,0,0,0,0,0,0,4.871491,1,0,1
0,0,0,0,0,0,0,54.907733,2,0,1
0,0,0,0,0,0,0,1.748554,1,0,1
0,0,0,0,0,0,0,3.750076,1,0,1
0,0,0,0,0,0,0,54.365755,1,0,1
0,0,0,0,0,0,0,10.946801,4,0,6
0,0,0,0,0,0,0,11.987058,4,2,3
0,0,0,0,0,0,0,11.347513,4,2,3
0,0,0,0,0,0,0,12.210738,4,2,3
#ALGO Details#
Best Algo splitMode:0
SplitMode:totalANDSplits
100:3
50:4
50:8
50:7
50:4
50:6
50:4
0:22