NOK
124.962316
108
Boogie Dump Took : 53.35652
0.000182
10.670167
0.630036055555556
0,0,0,0,0,0,0,0,0,0,1
0,0,0,0,0,0,0,0.695015,1,0,1
0,0,0,0,0,0,0,2.439354,1,0,1
0,0,0,0,0,0,0,51.50345,1,0,0
0,0,0,0,0,0,0,51.879165,2,0,2
0,0,0,0,0,0,0,52.037849,2,0,2
0,0,0,0,0,0,0,3.508575,2,0,1
0,0,0,0,0,0,0,51.375325,1,0,1
0,0,0,0,0,0,0,5.240782,3,0,2
0,0,0,0,0,0,0,53.22915,3,0,3
0,0,0,0,0,0,0,52.742291,3,0,3
0,0,0,0,0,0,0,53.181748,2,0,2
0,0,0,0,0,0,0,1.850041,2,0,2
0,0,0,0,0,0,0,2.682269,2,0,2
0,0,0,0,0,0,0,51.51152,2,0,2
0,0,0,0,0,0,0,51.277683,2,0,1
0,0,0,0,0,0,0,51.793498,2,0,1
0,0,0,0,0,0,0,0.291267,1,0,1
0,0,0,0,0,0,0,0.575211,1,0,1
0,0,0,0,0,0,0,2.094382,1,0,1
0,0,0,0,0,0,0,50.374085,2,0,2
0,0,0,0,0,0,0,50.113544,2,0,1
0,0,0,0,0,0,0,1.622651,1,0,1
0,0,0,0,0,0,0,2.524968,1,0,1
0,0,0,0,0,0,0,54.762597,3,0,2
0,0,0,0,0,0,0,2.700626,2,0,2
0,0,0,0,0,0,0,3.335488,2,0,2
0,0,0,0,0,0,0,54.17336,2,0,2
0,0,0,0,0,0,0,11.398831,12,2,11
0,0,0,0,0,0,0,11.362719,13,2,14
0,0,0,0,0,0,0,10.640419,14,1,13
0,0,0,0,0,0,0,9.580983,10,0,10
#ALGO Details#
Best Algo splitMode:0
SplitMode:totalANDSplits
100:3
50:6
50:10
50:7
50:4
50:5
50:8
0:58