NOK
35.221281
64
Boogie Dump Took : 16.807446
0.000414
5.65467
0.28352190625
0,0,0,0,0,0,0,0,0,0,1
0,0,0,0,0,0,0,0.991143,1,0,1
0,0,0,0,0,0,0,2.225402,1,0,1
0,0,0,0,0,0,0,15.90811,1,0,0
0,0,0,0,0,0,0,15.46827,2,0,1
0,0,0,0,0,0,0,2.966749,2,0,2
0,0,0,0,0,0,0,1.982182,1,0,1
0,0,0,0,0,0,0,2.764185,1,0,1
0,0,0,0,0,0,0,3.073683,2,0,3
0,0,0,0,0,0,0,16.90825,3,0,2
0,0,0,0,0,0,0,3.484756,2,0,2
0,0,0,0,0,0,0,16.039606,2,0,1
0,0,0,0,0,0,0,1.952708,1,0,1
0,0,0,0,0,0,0,2.697217,1,0,1
0,0,0,0,0,0,0,1.14791,1,0,1
0,0,0,0,0,0,0,15.123595,2,0,1
0,0,0,0,0,0,0,15.122504,3,0,1
0,0,0,0,0,0,0,2.97418,2,0,3
0,0,0,0,0,0,0,15.485863,3,0,2
0,0,0,0,0,0,0,3.274539,1,0,2
0,0,0,0,0,0,0,0.875804,1,0,1
0,0,0,0,0,0,0,0.202067,1,0,1
0,0,0,0,0,0,0,1.888182,1,0,1
0,0,0,0,0,0,0,15.004993,1,0,0
0,0,0,0,0,0,0,0.192916,1,0,1
0,0,0,0,0,0,0,1.046669,1,0,1
0,0,0,0,0,0,0,1.767822,1,0,1
0,0,0,0,0,0,0,14.995346,1,0,0
0,0,0,0,0,0,0,3.891769,7,0,9
0,0,0,0,0,0,0,5.08024,6,0,6
0,0,0,0,0,0,0,3.688413,4,0,4
0,0,0,0,0,0,0,5.910543,7,0,4
#ALGO Details#
Best Algo splitMode:0
SplitMode:totalANDSplits
100:3
50:5
50:8
50:4
50:8
50:3
50:3
0:23