NOK
54.60317
67
Boogie Dump Took : 16.653903
0.000879
13.466986
0.494031805970149
0,0,0,0,0,0,0,0,0,0,1
0,0,0,0,0,0,0,1.255612,1,0,1
0,0,0,0,0,0,0,28.148304,1,0,0
0,0,0,0,0,0,0,3.344238,1,0,1
0,0,0,0,0,0,0,30.587872,3,0,2
0,0,0,0,0,0,0,6.79752,3,0,3
0,0,0,0,0,0,0,28.826259,2,0,2
0,0,0,0,0,0,0,29.686553,2,0,2
0,0,0,0,0,0,0,0.151675,1,0,1
0,0,0,0,0,0,0,1.342779,1,0,1
0,0,0,0,0,0,0,2.73525,1,0,1
0,0,0,0,0,0,0,28.890005,1,0,0
0,0,0,0,0,0,0,4.527145,2,0,2
0,0,0,0,0,0,0,28.69228,2,0,1
0,0,0,0,0,0,0,2.348338,1,0,1
0,0,0,0,0,0,0,3.818026,1,0,1
0,0,0,0,0,0,0,1.360448,1,0,1
0,0,0,0,0,0,0,0.112238,1,0,1
0,0,0,0,0,0,0,3.26508,1,0,1
0,0,0,0,0,0,0,28.755597,1,0,0
0,0,0,0,0,0,0,28.232305,3,0,2
0,0,0,0,0,0,0,1.720241,2,0,2
0,0,0,0,0,0,0,1.930984,2,0,2
0,0,0,0,0,0,0,3.178069,2,0,2
0,0,0,0,0,0,0,0.00025,1,0,1
0,0,0,0,0,0,0,1.175041,1,0,1
0,0,0,0,0,0,0,3.156356,1,0,1
0,0,0,0,0,0,0,28.60992,1,0,0
0,0,0,0,0,0,0,8.363594,7,0,6
0,0,0,0,0,0,0,7.063358,6,0,8
0,0,0,0,0,0,0,7.929159,6,0,5
0,0,0,0,0,0,0,8.266979,6,0,5
#ALGO Details#
Best Algo splitMode:0
SplitMode:totalANDSplits
100:3
50:9
50:3
50:5
50:3
50:8
50:3
0:26