NOK
108.269546
330
Boogie Dump Took : 12.810124
0.000547
5.42603
0.282167072727273
0,0,0,0,0,0,0,21.98096,13,0,15
0,0,0,0,0,0,0,21.209292,17,1,17
0,0,0,0,0,0,0,22.06924,14,0,13
0,0,0,0,0,0,0,22.349233,16,0,15
0,0,0,0,0,0,0,13.493171,10,1,11
0,0,0,0,0,0,0,13.704539,10,1,8
0,0,0,0,0,0,0,10.210479,9,1,9
0,0,0,0,0,0,0,14.558954,8,0,8
0,0,0,0,0,0,0,7.772686,15,1,14
0,0,0,0,0,0,0,9.393419,17,0,17
0,0,0,0,0,0,0,8.105117,15,0,13
0,0,0,0,0,0,0,8.093035,14,1,16
0,0,0,0,0,0,0,6.045415,5,1,5
0,0,0,0,0,0,0,6.00768,4,1,3
0,0,0,0,0,0,0,7.0453,4,2,4
0,0,0,0,0,0,0,6.881572,5,1,5
0,0,0,0,0,0,0,9.095761,6,0,6
0,0,0,0,0,0,0,8.720986,6,1,5
0,0,0,0,0,0,0,8.979971,6,1,5
0,0,0,0,0,0,0,9.906603,5,0,6
0,0,0,0,0,0,0,7.947755,7,1,7
0,0,0,0,0,0,0,8.491526,6,0,6
0,0,0,0,0,0,0,7.928504,7,2,7
0,0,0,0,0,0,0,5.745558,6,0,5
0,0,0,0,0,0,0,6.292953,6,1,7
0,0,0,0,0,0,0,6.392118,7,1,5
0,0,0,0,0,0,0,7.229976,5,2,5
0,0,0,0,0,0,0,7.634154,5,1,5
0,0,0,0,0,0,0,3.120501,9,4,9
0,0,0,0,0,0,0,4.683168,15,1,16
0,0,0,0,0,0,0,6.101954,16,2,13
0,0,0,0,0,0,0,3.797041,11,1,12
#ALGO Details#
Best Algo splitMode:0
SplitMode:totalANDSplits
100:62
50:39
50:63
50:22
50:24
50:28
50:27
0:58