NOK
330.557132
186
Boogie Dump Took : 33.66461
0.000648
7.311351
1.56786609677419
0,0,0,0,0,0,0,109.721451,1,0,4
0,0,0,0,0,0,0,207.193724,3,0,2
0,0,0,0,0,0,0,175.385445,2,0,1
0,0,0,0,0,0,0,180.870793,2,0,1
0,0,0,0,0,0,0,194.598132,3,0,2
0,0,0,0,0,0,0,113.031527,2,0,3
0,0,0,0,0,0,0,169.250526,3,0,2
0,0,0,0,0,0,0,191.641133,3,0,3
0,0,0,0,0,0,0,187.832025,5,0,3
0,0,0,0,0,0,0,117.867119,2,0,4
0,0,0,0,0,0,0,184.539098,3,0,3
0,0,0,0,0,0,0,209.581286,3,0,2
0,0,0,0,0,0,0,192.656663,4,0,3
0,0,0,0,0,0,0,171.133517,3,0,5
0,0,0,0,0,0,0,225.97296,4,0,3
0,0,0,0,0,0,0,220.818936,4,0,3
0,0,0,0,0,0,0,172.521397,3,0,5
0,0,0,0,0,0,0,134.016309,3,0,2
0,0,0,0,0,0,0,133.969119,3,0,2
0,0,0,0,0,0,0,125.566494,3,0,2
0,0,0,0,0,0,0,180.567435,6,0,5
0,0,0,0,0,0,0,221.273758,6,0,5
0,0,0,0,0,0,0,171.23736,5,0,7
0,0,0,0,0,0,0,171.867228,6,0,5
0,0,0,0,0,0,0,191.233311,4,0,3
0,0,0,0,0,0,0,132.975681,3,0,5
0,0,0,0,0,0,0,179.720545,4,0,3
0,0,0,0,0,0,0,180.420575,4,0,3
0,0,0,0,0,0,0,184.498445,22,0,22
0,0,0,0,0,0,0,179.313827,22,0,22
0,0,0,0,0,0,0,188.273847,22,0,21
0,0,0,0,0,0,0,179.913814,21,0,21
#ALGO Details#
Best Algo splitMode:50
SplitMode:totalANDSplits
100:8
50:12
50:12
50:14
50:11
50:22
50:14
0:86