NOK
113.912782
141
Boogie Dump Took : 8.07745
0.002546
3.166468
0.737793432624113
0,0,0,0,0,0,0,66.874705,2,0,2
0,0,0,0,0,0,0,53.613066,2,0,2
0,0,0,0,0,0,0,54.738908,2,0,2
0,0,0,0,0,0,0,54.246811,2,0,2
0,0,0,0,0,0,0,57.155825,3,0,3
0,0,0,0,0,0,0,70.022341,4,0,3
0,0,0,0,0,0,0,53.435941,3,0,3
0,0,0,0,0,0,0,47.962733,3,0,3
0,0,0,0,0,0,0,55.819726,3,0,3
0,0,0,0,0,0,0,46.789743,3,0,3
0,0,0,0,0,0,0,54.617541,3,0,3
0,0,0,0,0,0,0,70.350536,3,0,2
0,0,0,0,0,0,0,54.262685,4,0,3
0,0,0,0,0,0,0,60.24679,3,0,3
0,0,0,0,0,0,0,51.337604,3,0,3
0,0,0,0,0,0,0,42.526559,3,0,3
0,0,0,0,0,0,0,53.410511,4,0,3
0,0,0,0,0,0,0,79.823637,4,0,3
0,0,0,0,0,0,0,34.474789,3,0,4
0,0,0,0,0,0,0,61.411878,3,0,3
0,0,0,0,0,0,0,61.657131,3,0,3
0,0,0,0,0,0,0,48.31932,4,0,4
0,0,0,0,0,0,0,57.368633,3,0,3
0,0,0,0,0,0,0,76.973689,3,0,2
0,0,0,0,0,0,0,74.042731,4,0,4
0,0,0,0,0,0,0,59.984431,3,0,3
0,0,0,0,0,0,0,71.604415,4,0,3
0,0,0,0,0,0,0,44.701337,3,0,3
0,0,0,0,0,0,0,73.242106,14,0,13
0,0,0,0,0,0,0,73.497352,13,0,13
0,0,0,0,0,0,0,73.025262,14,0,13
0,0,0,0,0,0,0,68.816676,13,0,14
#ALGO Details#
Best Algo splitMode:50
SplitMode:totalANDSplits
100:8
50:12
50:11
50:12
50:13
50:12
50:13
0:53