NOK
248.610702
149
Boogie Dump Took : 30.711614
0.000354
8.951629
1.4527495033557
0,0,0,0,0,0,0,69.745785,1,0,4
0,0,0,0,0,0,0,109.730075,3,0,2
0,0,0,0,0,0,0,132.567313,2,0,1
0,0,0,0,0,0,0,147.581113,2,0,1
0,0,0,0,0,0,0,126.116871,4,0,3
0,0,0,0,0,0,0,110.545066,3,0,5
0,0,0,0,0,0,0,151.040801,3,0,2
0,0,0,0,0,0,0,137.291308,3,0,2
0,0,0,0,0,0,0,153.070213,3,0,2
0,0,0,0,0,0,0,133.605695,4,0,4
0,0,0,0,0,0,0,84.133581,3,1,5
0,0,0,0,0,0,0,131.942101,4,0,2
0,0,0,0,0,0,0,124.553081,4,0,3
0,0,0,0,0,0,0,111.036092,3,0,3
0,0,0,0,0,0,0,93.185322,4,0,4
0,0,0,0,0,0,0,126.244234,3,0,3
0,0,0,0,0,0,0,111.687275,3,0,3
0,0,0,0,0,0,0,132.83527,4,0,2
0,0,0,0,0,0,0,70.702889,2,1,4
0,0,0,0,0,0,0,117.849871,2,0,1
0,0,0,0,0,0,0,83.867682,3,1,2
0,0,0,0,0,0,0,74.804199,3,0,2
0,0,0,0,0,0,0,82.922976,2,0,5
0,0,0,0,0,0,0,112.345901,3,0,1
0,0,0,0,0,0,0,66.544415,2,0,5
0,0,0,0,0,0,0,105.826938,3,0,1
0,0,0,0,0,0,0,89.583446,2,1,1
0,0,0,0,0,0,0,115.616322,2,0,1
0,0,0,0,0,0,0,143.29376,15,0,15
0,0,0,0,0,0,0,137.978414,15,0,15
0,0,0,0,0,0,0,153.220474,15,0,15
0,0,0,0,0,0,0,167.410142,15,0,14
#ALGO Details#
Best Algo splitMode:50
SplitMode:totalANDSplits
100:8
50:13
50:14
50:13
50:12
50:12
50:11
0:59