NOK
76.384822
403
Boogie Dump Took : 6.959702
0.000163
8.285462
0.171447220843672
0,0,0,0,0,0,0,16.205074,15,1,14
0,0,0,0,0,0,0,14.036693,15,3,18
0,0,0,0,0,0,0,15.488852,15,0,12
0,0,0,0,0,0,0,15.716451,13,0,14
0,0,0,0,0,0,0,10.432053,21,0,21
0,0,0,0,0,0,0,11.320028,20,0,18
0,0,0,0,0,0,0,7.485429,17,0,18
0,0,0,0,0,0,0,8.931701,19,1,19
0,0,0,0,0,0,0,4.860263,11,0,10
0,0,0,0,0,0,0,8.336279,10,0,10
0,0,0,0,0,0,0,4.820776,7,1,7
0,0,0,0,0,0,0,6.292508,8,0,8
0,0,0,0,0,0,0,6.597472,8,0,7
0,0,0,0,0,0,0,5.367153,7,0,7
0,0,0,0,0,0,0,5.706602,7,1,7
0,0,0,0,0,0,0,4.915095,6,1,6
0,0,0,0,0,0,0,6.641014,8,1,8
0,0,0,0,0,0,0,10.626151,9,0,7
0,0,0,0,0,0,0,6.782108,9,0,9
0,0,0,0,0,0,0,7.163641,8,0,9
0,0,0,0,0,0,0,6.255297,6,1,7
0,0,0,0,0,0,0,5.574782,5,0,4
0,0,0,0,0,0,0,6.307394,7,1,5
0,0,0,0,0,0,0,4.995507,5,0,6
0,0,0,0,0,0,0,8.803308,18,0,19
0,0,0,0,0,0,0,8.022481,17,0,16
0,0,0,0,0,0,0,9.219833,16,0,15
0,0,0,0,0,0,0,7.078552,14,1,14
0,0,0,0,0,0,0,3.88385,20,0,21
0,0,0,0,0,0,0,4.299805,21,0,20
0,0,0,0,0,0,0,1.757666,7,1,7
0,0,0,0,0,0,0,4.395895,20,1,19
#ALGO Details#
Best Algo splitMode:0
SplitMode:totalANDSplits
100:62
50:77
50:36
50:29
50:34
50:24
50:65
0:69