ReachedBound
127.157305
334
Boogie Dump Took : 15.118432
0.001679
2.439437
0.33367828742515
0,0,0,0,0,0,0,55.945026,9,0,7
0,0,0,0,0,0,0,30.306684,5,0,13
0,0,0,0,0,0,0,61.562799,9,0,6
0,0,0,0,0,0,0,53.546144,9,0,6
0,0,0,0,0,0,0,48.667414,14,0,11
0,0,0,0,0,0,0,47.896926,10,0,11
0,0,0,0,0,0,0,26.239319,6,0,12
0,0,0,0,0,0,0,54.307615,13,0,8
0,0,0,0,0,0,0,31.537957,8,0,9
0,0,0,0,0,0,0,44.393005,10,0,9
0,0,0,0,0,0,0,35.935325,11,0,9
0,0,0,0,0,0,0,37.592261,10,0,11
0,0,0,0,0,0,0,48.139734,10,0,7
0,0,0,0,0,0,0,38.757825,8,0,9
0,0,0,0,0,0,0,41.104345,5,0,12
0,0,0,0,0,0,0,50.825907,10,0,4
0,0,0,0,0,0,0,38.037861,10,1,9
0,0,0,0,0,0,0,42.421314,12,0,7
0,0,0,0,0,0,0,37.643061,7,0,14
0,0,0,0,0,0,0,39.208979,10,0,8
0,0,0,0,0,0,0,44.634437,13,0,7
0,0,0,0,0,0,0,50.874995,13,0,12
0,0,0,0,0,0,0,37.689397,8,0,14
0,0,0,0,0,0,0,32.812,10,0,10
0,0,0,0,0,0,0,40.260414,12,0,9
0,0,0,0,0,0,0,36.030988,12,0,9
0,0,0,0,0,0,0,39.303617,9,0,14
0,0,0,0,0,0,0,40.883562,13,0,13
0,0,0,0,0,0,0,16.24388,14,1,12
0,0,0,0,0,0,0,17.332488,12,3,12
0,0,0,0,0,0,0,16.983259,14,1,11
0,0,0,0,0,0,0,15.372467,10,2,14
#ALGO Details#
Best Algo splitMode:50
SplitMode:totalANDSplits
100:32
50:42
50:38
50:32
50:39
50:43
50:45
0:56