NOK
236.954957
64
Boogie Dump Took : 36.798134
0.001611
97.49116
2.72910034375
0,0,0,0,0,0,0,0,0,0,1
0,0,0,0,0,0,0,1.690685,1,0,1
0,0,0,0,0,0,0,8.16647,1,0,1
0,0,0,0,0,0,0,158.173577,1,0,0
0,0,0,0,0,0,0,0.000235,1,0,1
0,0,0,0,0,0,0,2.106873,1,0,1
0,0,0,0,0,0,0,8.005941,1,0,1
0,0,0,0,0,0,0,156.720893,1,0,0
0,0,0,0,0,0,0,161.022826,2,0,2
0,0,0,0,0,0,0,162.553583,2,0,1
0,0,0,0,0,0,0,7.086356,1,0,1
0,0,0,0,0,0,0,156.160062,1,0,1
0,0,0,0,0,0,0,162.081488,3,0,3
0,0,0,0,0,0,0,161.455304,3,0,2
0,0,0,0,0,0,0,9.353344,2,0,2
0,0,0,0,0,0,0,156.121119,2,0,2
0,0,0,0,0,0,0,18.891111,2,0,2
0,0,0,0,0,0,0,7.150468,1,0,1
0,0,0,0,0,0,0,166.633689,2,0,1
0,0,0,0,0,0,0,13.347589,1,0,1
0,0,0,0,0,0,0,0.0002,1,0,1
0,0,0,0,0,0,0,1.771875,1,0,1
0,0,0,0,0,0,0,6.991834,1,0,1
0,0,0,0,0,0,0,157.805065,1,0,0
0,0,0,0,0,0,0,0.000153,1,0,1
0,0,0,0,0,0,0,1.838149,1,0,1
0,0,0,0,0,0,0,8.027736,1,0,1
0,0,0,0,0,0,0,155.994358,1,0,0
0,0,0,0,0,0,0,37.292487,7,0,9
0,0,0,0,0,0,0,31.599394,6,0,5
0,0,0,0,0,0,0,31.898595,7,0,6
0,0,0,0,0,0,0,34.482154,7,0,6
#ALGO Details#
Best Algo splitMode:0
SplitMode:totalANDSplits
100:3
50:3
50:5
50:9
50:5
50:3
50:3
0:26