NOK
107.089134
201
Boogie Dump Took : 90.380543
0.000277
0.570928
0.080752407960199
0,0,0,0,0,0,0,6.870477,2,0,4
0,0,0,0,0,0,0,8.288779,3,1,3
0,0,0,0,0,0,0,8.620013,3,0,2
0,0,0,0,0,0,0,9.541567,3,0,2
0,0,0,0,0,0,0,9.903827,8,0,7
0,0,0,0,0,0,0,9.25433,7,0,7
0,0,0,0,0,0,0,10.39376,6,0,6
0,0,0,0,0,0,0,9.660735,6,0,6
0,0,0,0,0,0,0,7.536184,6,0,6
0,0,0,0,0,0,0,9.056541,8,0,7
0,0,0,0,0,0,0,8.191599,7,0,7
0,0,0,0,0,0,0,7.649198,8,0,8
0,0,0,0,0,0,0,6.53223,4,0,3
0,0,0,0,0,0,0,6.429423,4,0,3
0,0,0,0,0,0,0,5.499583,3,0,4
0,0,0,0,0,0,0,6.444899,3,0,3
0,0,0,0,0,0,0,5.663605,5,0,5
0,0,0,0,0,0,0,5.637995,5,0,5
0,0,0,0,0,0,0,8.410394,4,0,4
0,0,0,0,0,0,0,8.433004,5,0,4
0,0,0,0,0,0,0,10.197911,10,0,9
0,0,0,0,0,0,0,10.560282,9,0,9
0,0,0,0,0,0,0,7.333531,7,0,5
0,0,0,0,0,0,0,6.580291,8,0,10
0,0,0,0,0,0,0,8.469344,8,0,6
0,0,0,0,0,0,0,6.963568,5,0,6
0,0,0,0,0,0,0,5.609428,6,0,5
0,0,0,0,0,0,0,4.870439,5,0,6
0,0,0,0,0,0,0,2.830066,10,0,8
0,0,0,0,0,0,0,2.954696,10,0,10
0,0,0,0,0,0,0,3.195625,10,1,11
0,0,0,0,0,0,0,2.963013,8,1,8
#ALGO Details#
Best Algo splitMode:0
SplitMode:totalANDSplits
100:12
50:26
50:28
50:13
50:18
50:33
50:23
0:41