TIMEDOUT
3600
120
Boogie Dump Took : 156.633963
0,0,0,0,0,0,0,0,0,0,1
0,0,0,0,0,0,0,2.596523,1,0,1
0,0,0,0,0,0,0,9.981383,1,0,0
0,0,0,0,0,0,0,0,0,0,0
0,0,0,0,0,0,0,0.197382,1,0,1
0,0,0,0,0,0,0,2.482269,1,0,1
0,0,0,0,0,0,0,9.565975,1,0,1
0,0,0,0,0,0,0,16.356975,1,0,0
0,0,0,0,0,0,0,12.023162,2,0,1
0,0,0,0,0,0,0,0.992621,1,0,1
0,0,0,0,0,0,0,1.914385,1,0,1
0,0,0,0,0,0,0,7.206386,1,0,1
0,0,0,0,0,0,0,0.042702,1,0,1
0,0,0,0,0,0,0,2.359116,1,0,1
0,0,0,0,0,0,0,7.431188,1,0,1
0,0,0,0,0,0,0,12.759696,1,0,0
0,0,0,0,0,0,0,0.000204,1,0,1
0,0,0,0,0,0,0,0.889599,1,0,1
0,0,0,0,0,0,0,6.133447,1,0,0
0,0,0,0,0,0,0,0,0,0,0
0,0,0,0,0,0,0,21.066815,2,0,2
0,0,0,0,0,0,0,21.28701,2,0,2
0,0,0,0,0,0,0,26.784856,2,0,1
0,0,0,0,0,0,0,16.921582,1,0,1
0,0,0,0,0,0,0,0.000169,1,0,1
0,0,0,0,0,0,0,2.714186,1,0,1
0,0,0,0,0,0,0,10.579498,1,0,1
0,0,0,0,0,0,0,17.354027,1,0,0
0,0,0,0,0,0,0,190.398802,26,0,22
0,0,0,0,0,0,0,187.937335,22,0,23
0,0,0,0,0,0,0,188.267865,22,0,23
0,0,0,0,0,0,0,185.797672,21,0,22
#ALGO Details#
Best Algo splitMode:-1
SplitMode:totalANDSplits
100:2
50:3
50:4
50:3
50:2
50:6
50:3
0:90