NOK
94.436606
138
Boogie Dump Took : 48.477663
0.000346
1.482508
0.321187072463768
0,0,0,0,0,0,0,16.836017,1,0,3
0,0,0,0,0,0,0,28.252383,2,0,1
0,0,0,0,0,0,0,24.445281,2,0,2
0,0,0,0,0,0,0,29.322078,2,0,1
0,0,0,0,0,0,0,19.697634,3,0,4
0,0,0,0,0,0,0,32.024902,3,0,3
0,0,0,0,0,0,0,32.178325,3,0,2
0,0,0,0,0,0,0,31.10533,3,0,2
0,0,0,0,0,0,0,29.363496,3,0,2
0,0,0,0,0,0,0,17.798032,2,0,3
0,0,0,0,0,0,0,33.169808,3,0,2
0,0,0,0,0,0,0,30.260059,2,0,2
0,0,0,0,0,0,0,23.714458,3,0,2
0,0,0,0,0,0,0,25.697889,3,0,2
0,0,0,0,0,0,0,19.711823,2,0,3
0,0,0,0,0,0,0,22.985053,2,0,2
0,0,0,0,0,0,0,20.776488,3,0,2
0,0,0,0,0,0,0,20.860588,2,0,2
0,0,0,0,0,0,0,20.401961,2,0,3
0,0,0,0,0,0,0,23.937884,2,0,1
0,0,0,0,0,0,0,26.865658,5,0,5
0,0,0,0,0,0,0,35.741305,5,0,4
0,0,0,0,0,0,0,22.880246,5,0,5
0,0,0,0,0,0,0,17.583554,4,0,4
0,0,0,0,0,0,0,29.193663,4,0,4
0,0,0,0,0,0,0,34.809473,4,0,3
0,0,0,0,0,0,0,15.067495,3,0,3
0,0,0,0,0,0,0,21.495686,3,0,3
0,0,0,0,0,0,0,32.148897,15,0,14
0,0,0,0,0,0,0,28.926573,13,0,14
0,0,0,0,0,0,0,32.51442,14,0,14
0,0,0,0,0,0,0,32.543178,14,0,13
#ALGO Details#
Best Algo splitMode:50
SplitMode:totalANDSplits
100:8
50:11
50:9
50:9
50:8
50:18
50:13
0:55