NOK
221.894739
170
Boogie Dump Took : 22.611424
0.001804
5.324707
1.16705611764706
0,0,0,0,0,0,0,116.998971,2,0,2
0,0,0,0,0,0,0,109.822793,2,0,2
0,0,0,0,0,0,0,116.768462,2,0,1
0,0,0,0,0,0,0,55.684754,2,0,3
0,0,0,0,0,0,0,156.208819,4,0,3
0,0,0,0,0,0,0,131.659911,3,0,2
0,0,0,0,0,0,0,110.786468,3,0,2
0,0,0,0,0,0,0,72.789891,2,0,4
0,0,0,0,0,0,0,116.725075,3,0,2
0,0,0,0,0,0,0,82.973399,3,0,5
0,0,0,0,0,0,0,100.745911,4,0,3
0,0,0,0,0,0,0,121.371854,3,0,2
0,0,0,0,0,0,0,109.467909,5,0,4
0,0,0,0,0,0,0,154.414434,5,0,3
0,0,0,0,0,0,0,85.008804,3,0,4
0,0,0,0,0,0,0,103.429811,4,0,5
0,0,0,0,0,0,0,116.036459,4,0,3
0,0,0,0,0,0,0,110.849618,3,0,3
0,0,0,0,0,0,0,71.041858,3,0,4
0,0,0,0,0,0,0,153.024845,3,0,2
0,0,0,0,0,0,0,42.491103,3,0,3
0,0,0,0,0,0,0,100.557952,3,0,3
0,0,0,0,0,0,0,152.096809,3,0,2
0,0,0,0,0,0,0,64.212321,2,0,2
0,0,0,0,0,0,0,80.51418,4,0,4
0,0,0,0,0,0,0,107.058402,3,0,3
0,0,0,0,0,0,0,83.030406,4,0,3
0,0,0,0,0,0,0,69.745876,3,0,3
0,0,0,0,0,0,0,120.340962,20,0,20
0,0,0,0,0,0,0,119.942699,21,0,22
0,0,0,0,0,0,0,124.083419,20,0,19
0,0,0,0,0,0,0,122.336194,21,0,20
#ALGO Details#
Best Algo splitMode:50
SplitMode:totalANDSplits
100:8
50:11
50:12
50:16
50:12
50:10
50:13
0:81