NOK
211.746601
126
Boogie Dump Took : 168.683455
0.001908
1.89493
0.338478619047619
0,0,0,0,0,0,0,12.689409,1,0,4
0,0,0,0,0,0,0,22.29377,3,0,2
0,0,0,0,0,0,0,22.478848,2,1,1
0,0,0,0,0,0,0,24.86492,2,1,1
0,0,0,0,0,0,0,18.662515,3,0,2
0,0,0,0,0,0,0,20.099702,3,0,4
0,0,0,0,0,0,0,18.480766,5,0,2
0,0,0,0,0,0,0,17.855876,2,0,4
0,0,0,0,0,0,0,14.028535,2,0,4
0,0,0,0,0,0,0,19.841089,2,0,3
0,0,0,0,0,0,0,18.14993,2,0,1
0,0,0,0,0,0,0,21.875519,4,0,1
0,0,0,0,0,0,0,18.490132,4,0,3
0,0,0,0,0,0,0,23.860918,5,0,5
0,0,0,0,0,0,0,18.620047,3,0,2
0,0,0,0,0,0,0,20.966479,3,0,4
0,0,0,0,0,0,0,12.838774,2,0,3
0,0,0,0,0,0,0,26.328585,4,0,1
0,0,0,0,0,0,0,21.082006,3,0,6
0,0,0,0,0,0,0,22.87165,3,0,1
0,0,0,0,0,0,0,17.037651,3,0,2
0,0,0,0,0,0,0,18.785221,4,0,3
0,0,0,0,0,0,0,18.910234,2,0,3
0,0,0,0,0,0,0,16.561804,4,0,4
0,0,0,0,0,0,0,20.274273,5,0,5
0,0,0,0,0,0,0,22.972972,3,0,4
0,0,0,0,0,0,0,23.565875,5,0,3
0,0,0,0,0,0,0,19.356483,3,0,3
0,0,0,0,0,0,0,29.827411,9,0,8
0,0,0,0,0,0,0,29.953433,9,0,8
0,0,0,0,0,0,0,28.717692,9,0,10
0,0,0,0,0,0,0,28.320182,8,0,8
#ALGO Details#
Best Algo splitMode:50
SplitMode:totalANDSplits
100:11
50:12
50:10
50:14
50:11
50:12
50:15
0:34