NOK
303.123728
430
Boogie Dump Took : 45.50733
0.000505
11.009403
0.594923488372093
0,0,0,0,0,0,0,41.782968,8,1,10
0,0,0,0,0,0,0,47.84191,11,2,9
0,0,0,0,0,0,0,42.94976,10,2,9
0,0,0,0,0,0,0,45.420251,8,0,9
0,0,0,0,0,0,0,31.33017,9,3,8
0,0,0,0,0,0,0,36.770812,10,2,9
0,0,0,0,0,0,0,37.534765,10,1,10
0,0,0,0,0,0,0,30.959999,8,1,9
0,0,0,0,0,0,0,27.255563,7,3,6
0,0,0,0,0,0,0,27.219231,7,2,7
0,0,0,0,0,0,0,22.011766,6,1,5
0,0,0,0,0,0,0,33.737163,6,1,7
0,0,0,0,0,0,0,42.979975,10,1,11
0,0,0,0,0,0,0,35.675136,11,1,11
0,0,0,0,0,0,0,37.174523,11,3,10
0,0,0,0,0,0,0,37.648217,13,1,12
0,0,0,0,0,0,0,33.326355,10,1,11
0,0,0,0,0,0,0,31.49721,9,1,10
0,0,0,0,0,0,0,27.772732,12,1,9
0,0,0,0,0,0,0,30.01054,11,1,11
0,0,0,0,0,0,0,26.485836,9,3,8
0,0,0,0,0,0,0,36.289444,11,1,9
0,0,0,0,0,0,0,21.179401,6,2,7
0,0,0,0,0,0,0,21.311282,9,3,10
0,0,0,0,0,0,0,33.090404,10,1,11
0,0,0,0,0,0,0,30.244927,9,2,8
0,0,0,0,0,0,0,35.167992,10,2,9
0,0,0,0,0,0,0,39.238806,9,3,9
0,0,0,0,0,0,0,11.705037,12,5,14
0,0,0,0,0,0,0,8.350835,11,8,10
0,0,0,0,0,0,0,11.269528,11,8,10
0,0,0,0,0,0,0,7.969116,12,4,11
#ALGO Details#
Best Algo splitMode:50
SplitMode:totalANDSplits
100:48
50:49
50:39
50:58
50:48
50:46
50:50
0:85