TIMEDOUT
3600
101
Boogie Dump Took : 47.515494
0,0,0,0,0,0,0,0,0,0,1
0,0,0,0,0,0,0,0.877143,1,0,1
0,0,0,0,0,0,0,3.082022,1,0,0
0,0,0,0,0,0,0,0,0,0,0
0,0,0,0,0,0,0,7.020291,2,0,1
0,0,0,0,0,0,0,0.874572,1,0,1
0,0,0,0,0,0,0,3.375897,1,0,1
0,0,0,0,0,0,0,5.432706,1,0,1
0,0,0,0,0,0,0,0.458296,1,0,1
0,0,0,0,0,0,0,0.065358,1,0,1
0,0,0,0,0,0,0,0.885312,1,0,1
0,0,0,0,0,0,0,3.2602,1,0,0
0,0,0,0,0,0,0,0.562968,1,0,1
0,0,0,0,0,0,0,0.000141,1,0,1
0,0,0,0,0,0,0,2.838053,1,0,0
0,0,0,0,0,0,0,0,0,0,0
0,0,0,0,0,0,0,6.19797,2,0,1
0,0,0,0,0,0,0,0.856548,1,0,1
0,0,0,0,0,0,0,2.823493,1,0,1
0,0,0,0,0,0,0,4.771799,1,0,1
0,0,0,0,0,0,0,0.845336,1,0,1
0,0,0,0,0,0,0,0.000172,1,0,1
0,0,0,0,0,0,0,2.773691,1,0,1
0,0,0,0,0,0,0,4.965061,1,0,0
0,0,0,0,0,0,0,0.000222,1,0,1
0,0,0,0,0,0,0,0.789699,1,0,1
0,0,0,0,0,0,0,3.312545,1,0,1
0,0,0,0,0,0,0,5.527634,1,0,0
0,0,0,0,0,0,0,16.190505,8,0,9
0,0,0,0,0,0,0,16.518364,8,0,7
0,0,0,0,0,0,0,16.475871,7,1,8
0,0,0,0,0,0,0,15.235745,9,14,7
#ALGO Details#
Best Algo splitMode:-1
SplitMode:totalANDSplits
100:2
50:4
50:3
50:2
50:4
50:3
50:3
0:73