NOK
25.513098
64
Boogie Dump Took : 19.041066
0.001453
0.447614
0.098838015625
0,0,0,0,0,0,0,5.081187,1,0,1
0,0,0,0,0,0,0,2.173513,1,0,1
0,0,0,0,0,0,0,1.067907,1,0,1
0,0,0,0,0,0,0,3.87434,1,0,1
0,0,0,0,0,0,0,3.687426,2,0,2
0,0,0,0,0,0,0,3.722915,2,0,2
0,0,0,0,0,0,0,4.727126,3,0,1
0,0,0,0,0,0,0,2.722073,1,0,2
0,0,0,0,0,0,0,3.137004,2,0,3
0,0,0,0,0,0,0,4.000985,2,0,1
0,0,0,0,0,0,0,4.004879,3,0,1
0,0,0,0,0,0,0,2.844525,1,0,2
0,0,0,0,0,0,0,2.803662,3,0,2
0,0,0,0,0,0,0,3.842962,3,0,2
0,0,0,0,0,0,0,2.304862,2,0,4
0,0,0,0,0,0,0,3.035882,3,0,2
0,0,0,0,0,0,0,2.937741,2,0,3
0,0,0,0,0,0,0,4.393036,2,0,1
0,0,0,0,0,0,0,3.914504,2,0,1
0,0,0,0,0,0,0,2.840802,1,0,1
0,0,0,0,0,0,0,2.858527,2,0,1
0,0,0,0,0,0,0,0.830217,1,0,1
0,0,0,0,0,0,0,1.527095,1,0,1
0,0,0,0,0,0,0,2.784105,1,0,1
0,0,0,0,0,0,0,3.742122,2,0,1
0,0,0,0,0,0,0,0.687449,1,0,1
0,0,0,0,0,0,0,1.289242,1,0,1
0,0,0,0,0,0,0,2.6275,1,0,1
0,0,0,0,0,0,0,2.854678,5,0,4
0,0,0,0,0,0,0,2.953224,4,0,3
0,0,0,0,0,0,0,3.121263,4,0,3
0,0,0,0,0,0,0,2.559499,3,0,5
#ALGO Details#
Best Algo splitMode:0
SplitMode:totalANDSplits
100:4
50:7
50:7
50:10
50:6
50:4
50:4
0:15