NOK
87.671433
114
Boogie Dump Took : 23.119118
0.001309
5.781811
0.53638999122807
0,0,0,0,0,0,0,43.382222,1,0,1
0,0,0,0,0,0,0,1.706328,1,0,1
0,0,0,0,0,0,0,4.795583,1,0,1
0,0,0,0,0,0,0,24.622532,1,0,1
0,0,0,0,0,0,0,8.029189,2,0,2
0,0,0,0,0,0,0,48.101108,2,0,1
0,0,0,0,0,0,0,26.15943,2,0,2
0,0,0,0,0,0,0,7.341754,1,0,1
0,0,0,0,0,0,0,34.723245,4,0,3
0,0,0,0,0,0,0,33.514008,3,0,5
0,0,0,0,0,0,0,54.640886,3,0,2
0,0,0,0,0,0,0,53.897502,3,0,2
0,0,0,0,0,0,0,27.91234,3,0,2
0,0,0,0,0,0,0,22.614223,2,0,2
0,0,0,0,0,0,0,24.52278,2,0,2
0,0,0,0,0,0,0,43.549776,2,0,2
0,0,0,0,0,0,0,44.230102,2,0,1
0,0,0,0,0,0,0,25.052565,2,0,2
0,0,0,0,0,0,0,7.410569,1,0,1
0,0,0,0,0,0,0,4.711533,1,0,1
0,0,0,0,0,0,0,44.156507,2,0,2
0,0,0,0,0,0,0,24.92593,2,0,2
0,0,0,0,0,0,0,31.368953,2,0,2
0,0,0,0,0,0,0,50.916208,2,0,1
0,0,0,0,0,0,0,44.235321,5,0,5
0,0,0,0,0,0,0,46.336133,5,0,4
0,0,0,0,0,0,0,7.468371,4,0,4
0,0,0,0,0,0,0,24.71475,4,0,4
0,0,0,0,0,0,0,27.88564,11,2,13
0,0,0,0,0,0,0,29.414869,11,0,10
0,0,0,0,0,0,0,29.085405,11,0,10
0,0,0,0,0,0,0,27.796562,11,0,10
#ALGO Details#
Best Algo splitMode:0
SplitMode:totalANDSplits
100:4
50:6
50:12
50:8
50:5
50:7
50:17
0:48