NOK
158.282291
84
Boogie Dump Took : 63.295192
0.002229
66.835487
1.12315435714286
0,0,0,0,0,0,0,0,0,0,1
0,0,0,0,0,0,0,1.319547,1,0,1
0,0,0,0,0,0,0,3.774957,1,0,1
0,0,0,0,0,0,0,90.696986,1,0,0
0,0,0,0,0,0,0,90.353836,2,0,2
0,0,0,0,0,0,0,90.864546,2,0,2
0,0,0,0,0,0,0,8.544724,2,0,1
0,0,0,0,0,0,0,89.549227,1,0,1
0,0,0,0,0,0,0,0.120268,1,0,1
0,0,0,0,0,0,0,0.589952,1,0,1
0,0,0,0,0,0,0,2.3734,1,0,1
0,0,0,0,0,0,0,89.41541,1,0,0
0,0,0,0,0,0,0,5.087616,2,0,2
0,0,0,0,0,0,0,4.576444,1,0,1
0,0,0,0,0,0,0,89.845707,2,0,1
0,0,0,0,0,0,0,2.994709,1,0,1
0,0,0,0,0,0,0,4.197902,2,0,2
0,0,0,0,0,0,0,5.386594,2,0,2
0,0,0,0,0,0,0,90.947477,2,0,1
0,0,0,0,0,0,0,5.363822,2,0,2
0,0,0,0,0,0,0,1.320249,1,0,1
0,0,0,0,0,0,0,90.24574,2,0,1
0,0,0,0,0,0,0,3.016058,1,0,1
0,0,0,0,0,0,0,4.451718,1,0,1
0,0,0,0,0,0,0,6.108264,2,0,2
0,0,0,0,0,0,0,90.235989,2,0,2
0,0,0,0,0,0,0,90.538799,2,0,1
0,0,0,0,0,0,0,5.01366,1,0,1
0,0,0,0,0,0,0,8.99632,14,0,14
0,0,0,0,0,0,0,8.177332,12,0,11
0,0,0,0,0,0,0,4.713811,6,0,5
0,0,0,0,0,0,0,9.065129,12,0,13
#ALGO Details#
Best Algo splitMode:0
SplitMode:totalANDSplits
100:3
50:6
50:3
50:5
50:7
50:4
50:6
0:43