NOK
141.000007
55
Boogie Dump Took : 112.945256
0.001316
19.88987
0.486737309090909
0,0,0,0,0,0,0,0,0,0,1
0,0,0,0,0,0,0,1.269184,1,0,1
0,0,0,0,0,0,0,2.569591,1,0,0
0,0,0,0,0,0,0,0,0,0,0
0,0,0,0,0,0,0,0.159821,1,0,1
0,0,0,0,0,0,0,0.89814,1,0,1
0,0,0,0,0,0,0,0,0,0,0
0,0,0,0,0,0,0,2.162673,1,0,0
0,0,0,0,0,0,0,2.571332,3,0,3
0,0,0,0,0,0,0,1.635619,2,0,3
0,0,0,0,0,0,0,2.828233,3,0,2
0,0,0,0,0,0,0,25.475059,3,0,2
0,0,0,0,0,0,0,0.004897,1,0,1
0,0,0,0,0,0,0,1.034199,1,0,1
0,0,0,0,0,0,0,2.289345,1,0,0
0,0,0,0,0,0,0,0,0,0,0
0,0,0,0,0,0,0,3.182965,3,0,2
0,0,0,0,0,0,0,2.86283,2,0,2
0,0,0,0,0,0,0,3.470547,2,0,2
0,0,0,0,0,0,0,4.012139,2,0,2
0,0,0,0,0,0,0,0.000817,1,0,1
0,0,0,0,0,0,0,1.250882,1,0,1
0,0,0,0,0,0,0,1.989626,1,0,1
0,0,0,0,0,0,0,2.841947,1,0,0
0,0,0,0,0,0,0,2.644274,2,0,2
0,0,0,0,0,0,0,3.307209,2,0,2
0,0,0,0,0,0,0,3.438052,2,0,1
0,0,0,0,0,0,0,3.631513,2,0,2
0,0,0,0,0,0,0,1.999868,3,0,2
0,0,0,0,0,0,0,3.370302,5,0,4
0,0,0,0,0,0,0,2.970511,4,0,4
0,0,0,0,0,0,0,2.870958,3,0,4
#ALGO Details#
Best Algo splitMode:0
SplitMode:totalANDSplits
100:2
50:2
50:10
50:2
50:8
50:3
50:7
0:14