NOK
32.577893
45
Boogie Dump Took : 7.858804
0.000617
9.759353
0.545499977777778
0,0,0,0,0,0,0,0,0,0,1
0,0,0,0,0,0,0,2.110359,1,0,0
0,0,0,0,0,0,0,0.847744,1,0,1
0,0,0,0,0,0,0,0,0,0,0
0,0,0,0,0,0,0,0.53403,1,0,1
0,0,0,0,0,0,0,23.395799,1,0,0
0,0,0,0,0,0,0,0.17087,1,0,1
0,0,0,0,0,0,0,1.609029,1,0,1
0,0,0,0,0,0,0,0.177311,1,0,1
0,0,0,0,0,0,0,0.554166,1,0,1
0,0,0,0,0,0,0,1.998497,1,0,0
0,0,0,0,0,0,0,0.949367,1,0,1
0,0,0,0,0,0,0,1.056585,1,0,1
0,0,0,0,0,0,0,0.170922,1,0,1
0,0,0,0,0,0,0,1.941465,1,0,1
0,0,0,0,0,0,0,23.471497,1,0,0
0,0,0,0,0,0,0,1.771266,1,0,1
0,0,0,0,0,0,0,0.160198,1,0,1
0,0,0,0,0,0,0,0.672304,1,0,1
0,0,0,0,0,0,0,23.822008,1,0,0
0,0,0,0,0,0,0,23.947778,2,0,1
0,0,0,0,0,0,0,1.027744,1,0,1
0,0,0,0,0,0,0,0.654674,1,0,1
0,0,0,0,0,0,0,2.146542,1,0,1
0,0,0,0,0,0,0,2.425703,2,0,2
0,0,0,0,0,0,0,23.743475,2,0,1
0,0,0,0,0,0,0,0.895692,1,0,1
0,0,0,0,0,0,0,1.463066,1,0,1
0,0,0,0,0,0,0,3.567132,4,0,3
0,0,0,0,0,0,0,3.382138,3,1,4
0,0,0,0,0,0,0,2.456189,2,0,2
0,0,0,0,0,0,0,3.469375,3,1,2
#ALGO Details#
Best Algo splitMode:0
SplitMode:totalANDSplits
100:2
50:3
50:3
50:3
50:3
50:4
50:5
0:15