NOK
12.409845
56
Boogie Dump Took : 8.357931
0.001985
0.418676
0.0701366428571428
0,0,0,0,0,0,0,0,0,0,1
0,0,0,0,0,0,0,3.541319,1,0,0
0,0,0,0,0,0,0,0.678176,1,0,1
0,0,0,0,0,0,0,1.542697,1,0,1
0,0,0,0,0,0,0,2.035424,3,0,2
0,0,0,0,0,0,0,2.673051,3,0,3
0,0,0,0,0,0,0,3.020076,3,0,2
0,0,0,0,0,0,0,1.534083,1,0,2
0,0,0,0,0,0,0,0.176952,1,0,1
0,0,0,0,0,0,0,3.59087,1,0,0
0,0,0,0,0,0,0,0.792122,1,0,1
0,0,0,0,0,0,0,1.604001,1,0,1
0,0,0,0,0,0,0,1.015483,2,0,2
0,0,0,0,0,0,0,0,0,0,0
0,0,0,0,0,0,0,0.858671,1,0,1
0,0,0,0,0,0,0,1.26952,1,0,0
0,0,0,0,0,0,0,2.570606,2,0,2
0,0,0,0,0,0,0,2.678975,2,0,1
0,0,0,0,0,0,0,1.678617,1,0,1
0,0,0,0,0,0,0,2.389798,1,0,1
0,0,0,0,0,0,0,1.652713,2,0,1
0,0,0,0,0,0,0,3.154854,2,0,1
0,0,0,0,0,0,0,1.097425,1,0,1
0,0,0,0,0,0,0,1.531519,1,0,2
0,0,0,0,0,0,0,3.076976,2,0,1
0,0,0,0,0,0,0,0.526247,1,0,1
0,0,0,0,0,0,0,0.966655,1,0,1
0,0,0,0,0,0,0,1.75768,1,0,1
0,0,0,0,0,0,0,1.736029,5,0,6
0,0,0,0,0,0,0,1.665851,4,0,4
0,0,0,0,0,0,0,2.316489,5,0,4
0,0,0,0,0,0,0,1.305044,4,0,3
#ALGO Details#
Best Algo splitMode:50
SplitMode:totalANDSplits
100:3
50:9
50:3
50:3
50:5
50:5
50:4
0:17