OK
1570.144957
220
Boogie Dump Took : 1.291595
0.072684
31.426026
7.06995261363636
934.122626,0,24.390823,0.800513,4431,134,0.001764,933.386365,25,0,31
930.193951,0,34.661281,0.819706,6283,138,0.001456,929.412762,33,0,26
913.286145,0,29.026412,0.898778,5199,130,0.001367,912.450043,27,0,27
949.528772,0,28.150766,1.014219,4989,128,0.00562799999999999,948.644905,28,0,29
960.830817,0,28.318539,0.699,5033,124,0.001368,960.131851,27,0,23
955.607938,0,27.168462,0.766178,4760,124,0.001512,954.92313,26,0,27
945.871558,0,27.544947,0.854172,5107,126,0.001404,944.946212,26,0,26
927.547276,0,29.409087,0.806033,5169,132,0.001405,926.844922,28,0,31
