OK
1210.841962
103
Boogie Dump Took : 2.531236
0.112009
64.373202
11.4093512621359
298.786595,0,334.484999000001,1.308196,4522,96,0.001225,298.214293,11,0,17
354.259742,0,457.636635999999,0.793219,6210,64,0.000886,353.671919,16,0,6
271.478,0,404.721304000001,1.474219,5281,82,0.00105,270.898818,14,0,15
295.394893,0,317.437592999999,1.139178,4170,76,0.001094,294.849581,11,0,14
403.365168,0,498.824756999999,0.721276,6655,60,0.000975,402.766357,17,0,5
313.968545,0,257.244783,1.550827,3947,108,0.001574,313.349357,9,1,19
357.049784,0,292.077531000001,1.188882,4355,92,0.001399,356.567726,10,0,15
330.889063,0,404.103111,1.206798,5485,70,0.03731,330.352225,14,0,11
