OK
417.285794
51
Boogie Dump Took : 3.164282
0.26179
37.261443
7.87514535294118
186.465858,0,75.1867939999998,0.595663,3453,36,0.000607,186.038409,7,0,6
223.288846,0,57.1636930000001,0.461177,2630,28,0.000534,222.797107,6,0,4
185.664453,0,59.1983,0.818404,2669,36,0.000659,185.199276,6,0,10
195.87808,0,60.861818,0.64299,2749,34,0.00234,195.399472,6,0,7
189.732672,0,60.423466,0.678978,2780,32,0.000648,189.226124,6,0,8
206.874438,0,73.316557,0.5861,3293,28,0.000591,206.17248,7,0,5
193.464482,0,52.2852810000001,0.681538,2575,34,0.000636,192.92401,5,0,8
219.450792,0,85.6009330000001,0.422872,3643,26,0.000547,218.94191,8,0,3
