OK
389.556148
159
Boogie Dump Took : 2.215189
0.002813
10.210803
2.37535111320755
7.618784,130.517056,39.7711519999999,8.585832,15087,149,0.152848,6.966501,16,12,14
15.300077,118.938318,43.0518549999995,8.07229,15134,166,0.115183,14.653201,17,12,15
19.993618,122.77451,34.1218420000002,7.451842,13254,147,0.255624,19.258522,14,16,6
14.977462,65.175918,26.356512,14.320358,10665,104,0.129705,14.301434,10,12,15
14.635963,41.335066,17.972744,9.480939,7270,105,0.245007,14.021537,8,17,12
13.548616,43.881366,17.242724,9.275899,7274,102,0.125846,12.942269,8,17,11
