OK
457.508448
233
Boogie Dump Took : 4.361215
0.000126
12.820663
1.90051303862661
24.964442,72.893195,37.6972030000001,13.279473,9586,251,0.497570999999999,23.838631,17,19,26
21.168461,95.130796,44.0453920000003,8.594623,9380,225,0.258922,20.248656,19,21,17
32.052196,108.808967,47.2875990000001,7.090209,10691,175,0.304114,31.151954,20,15,20
30.30487,103.385857,49.5445009999999,12.196646,9752,290,0.508916999999999,29.587823,18,23,15
35.087667,101.728418,48.9754690000001,7.572994,10437,304,0.333903,34.301755,20,24,16
32.558354,56.963792,29.3857770000001,11.595888,6615,238,0.535055999999999,31.659626,16,21,16
