OK
614.013436
255
Boogie Dump Took : 1.407858
0.004195
15.001368
2.32131089019608
119.955994,161.298934,45.2275890000004,6.926164,12108,235,0.225837,119.254941,20,22,22
133.359388,201.763636,49.9509110000001,5.790214,12701,202,0.179781,132.788238,22,16,25
120.491189,177.17813,41.346131,5.835032,11584,247,0.267902,119.630531,21,25,15
134.379028,139.294239,37.9538609999998,6.249883,10417,275,0.259747,133.747479,21,23,22
121.616563,218.103558,56.1490279999999,5.445647,13838,254,0.172345,120.900385,22,22,22
135.64311,116.365889,32.2752100000001,7.037409,8991,233,0.342529999999999,135.047523,16,25,16
