OK
1527.838695
241
Boogie Dump Took : 2.685697
0.004171
42.588544
6.16577682987552
194.90452,0,85.0659620000005,14.262462,32124,309,0.002475,193.189689,20,6,19
224.426317,0,88.1020989999993,17.698944,32873,334,0.00285099999999999,222.904347,23,8,21
251.616904,0,86.4999649999998,18.919495,31433,388,0.00314199999999999,249.918925,19,9,28
243.254992,0,74.0178109999993,19.364851,29377,331,0.00294699999999999,240.553069,18,10,21
206.889361,0,89.1827529999994,18.764942,32647,333,0.00266599999999999,205.394592,23,10,23
195.492488,0,83.7009909999998,17.357454,30279,400,0.00331899999999999,193.535329,19,12,17
215.606417,0,73.5842530000003,15.670856,28292,392,0.00346999999999998,213.538644,17,12,16
211.954288,0,85.203969000001,19.152463,31653,343,0.00288499999999999,210.328393,23,12,17
