OK
701.077509
143
Boogie Dump Took : 1.281471
0.023357
53.595665
4.44735941958042
182.708926,0,34.2819569999999,5.021652,13655,106,0.001115,181.988212,10,6,11
187.775023,0,30.2694350000001,5.549526,12398,118,0.001151,187.092038,8,8,15
222.014107,0,32.3828699999999,3.996495,13003,91,0.000895,221.352557,11,6,9
177.912978,0,43.850064,5.48731,17208,135,0.001408,176.929164,14,6,18
134.857345,0,42.244994,5.275368,16814,108,0.001185,134.164257,14,8,9
197.378604,0,30.60073,5.902883,13033,134,0.001437,196.713243,8,9,10
183.988342,0,36.7481720000001,2.874634,14987,97,0.001,183.242861,11,5,5
209.037263,0,33.6821140000001,4.971148,13231,141,0.001367,208.360165,10,9,9
