OK
669.775588
138
Boogie Dump Took : 1.149017
0.021079
36.16761
4.75240655072464
24.620156,0,19.0119179999999,8.572242,9065,93,0.000989,23.925434,7,9,10
18.279474,0,15.683956,4.028742,8074,134,0.001167,17.297172,8,15,3
31.458058,0,17.862121,4.543957,8821,107,0.000946,30.80864,10,11,7
27.112831,0,12.83059,8.572708,6512,102,0.001009,26.473798,6,11,10
20.348455,0,21.517945,3.599469,10698,134,0.001209,19.617578,10,13,4
31.8498,0,12.4310589999999,8.096812,6583,89,0.000864,31.27286,5,8,15
30.783977,0,11.629699,4.092511,6003,132,0.001231,30.017883,6,11,5
28.092457,0,10.084779,1.123012,4829,83,0.000795,27.58423,5,3,3
