OK
75.438809
95
Boogie Dump Took : 1.714665
0.009039
9.155324
0.745235073684211
32.340933,14.162692,7.59225000000001,0.401868,2581,114,0.001321,31.770284,12,1,5
31.553251,9.134976,5.16184400000001,0.408442,1684,138,0.001652,31.009036,9,3,5
28.381288,11.554397,6.59993899999999,0.486111,2151,152,0.002043,27.819179,12,2,7
16.802804,2.480332,2.287036,1.613049,681,264,0.003014,16.277138,3,0,30
27.695453,10.601714,6.18397500000001,0.414311,2000,150,0.002445,27.16259,10,4,5
20.729352,8.116216,4.87164199999999,0.475358,1636,200,0.002636,20.154584,9,2,7
24.560787,11.064174,6.126923,0.523231,1980,148,0.001738,24.040206,10,3,7
26.71336,11.713564,6.91859199999999,0.71067,2146,164,0.014653,26.134925,12,3,11
