OK
862.413203
168
Boogie Dump Took : 1.56759
0.00073
24.060557
2.42105551190476
7.896804,3.10271,2.664213,1.068744,952,238,0.002286,7.352007,6,9,8
351.308218,4.214535,3.35484499999999,1.45369,1120,258,0.002454,350.647586,8,12,8
406.153574,4.162556,3.312907,1.02588,1130,212,0.003696,405.522047,8,9,6
475.801069,8.953982,6.37216,1.784438,2257,380,0.003371,475.079865,14,16,12
452.944735,2.576819,2.532177,2.361503,842,290,0.002651,452.320243,6,14,7
448.778212,1.637287,1.757959,1.684105,557,232,0.002658,448.144785,4,12,6
456.476055,7.384575,5.234465,1.738693,1916,276,0.003823,455.762931,12,13,12
476.359508,8.315535,5.733535,2.070934,1994,270,0.003009,475.5118,13,12,12
