OK
477.543321
263
Boogie Dump Took : 1.454726
0.003919
23.258665
1.70598058174905
40.512363,90.723923,18.790994,11.241733,6580,720,0.009764,39.760598,6,5,33
25.169349,56.518041,14.030597,32.011889,4873,988,0.0188420000000001,24.252207,5,1,47
46.92758,232.317546,50.8397350000002,4.232024,16877,470,0.00542099999999998,45.696688,30,15,6
78.386728,177.103047,43.6574679999997,8.550691,13542,588,0.00726799999999998,77.149988,25,19,12
43.806028,176.148965,40.517079,5.929449,12621,656,0.00876499999999999,42.613266,21,19,10
51.556585,167.04109,42.8682940000001,5.525208,13019,698,0.00836999999999999,50.623468,23,27,2
47.749425,164.173776,38.7120020000003,8.740616,12404,704,0.010746,46.762815,21,22,11
35.906802,145.441521,33.549817,19.41143,10773,862,0.0249100000000001,34.989942,12,12,22
