OK
28.569066
38
Boogie Dump Took : 2.228779
0.006311
9.003889
0.616426052631579
5.583454,0.47801,1.848771,0.250188,256,68,0.000855,5.054549,2,0,5
7.221584,3.260437,2.99494,0.254297,522,52,0.000651,6.756607,3,1,4
6.264324,1.522785,2.453254,0.227486,401,66,0.000871,5.828664,3,0,4
7.348908,3.620884,3.395815,0.25392,558,52,0.000676,6.837021,6,1,5
4.588839,1.443286,1.973889,0.201781,355,72,0.000768,4.026208,3,1,4
6.06566,2.892085,2.459411,0.195019,640,54,0.000678,5.586804,4,2,2
6.140834,1.954303,2.152474,0.21786,444,60,0.000802,5.593478,4,1,2
6.357629,4.206766,3.959898,0.224733,596,56,0.000938,5.86166,6,1,5
