OK
57.877051
58
Boogie Dump Took : 1.917127
0.000271
9.122857
0.840647551724138
25.295844,9.609233,5.502681,0.24044,1566,56,0.00073,24.732419,8,1,3
24.57573,7.330191,4.158643,0.206688,1189,50,0.000756,24.048608,7,1,3
25.215705,8.246571,4.81549899999999,0.380295,1368,52,0.00198,24.525382,7,1,4
23.334195,6.628199,4.216405,0.282029,1102,68,0.000837,22.819807,7,2,6
22.437292,10.314687,5.225382,0.285447,1636,52,0.00082,21.866117,8,1,4
25.142479,9.406443,5.33228499999999,0.264309,1530,48,0.007541,24.578948,8,2,2
7.164211,0.793639,2.039996,0.927535,574,118,0.001325,6.460384,2,0,16
9.639115,0.917421,2.018395,0.870281,566,118,0.001257,9.175236,2,1,11
