OK
228.096368
138
Boogie Dump Took : 2.415256
0.007801
12.339748
1.57649684782609
70.602174,26.511615,13.744522,1.095611,3114,160,0.002261,69.94005,11,6,13
74.278087,36.547274,16.427924,0.868826,3712,130,0.001935,73.435964,13,5,10
80.389314,24.236712,13.238886,0.909061,2822,148,0.002448,79.818754,11,8,11
64.718884,48.335357,20.300113,0.712332,4433,132,0.00185,64.079513,15,5,11
66.819502,24.411327,11.625018,1.050432,2641,160,0.002278,66.191868,9,5,15
69.344984,32.1011,13.943899,0.790688,3174,132,0.002106,68.56105,11,8,6
69.587571,43.962564,18.407673,0.733616,4370,108,0.002458,68.862527,15,4,13
69.837902,21.315336,9.71835200000001,1.082392,2217,126,0.001961,68.95812,7,5,13
