OK
132.322135
93
Boogie Dump Took : 1.851387
0.032432
6.86288
1.35691348387097
27.559686,15.35061,11.230262,0.327784,2153,72,0.000949,27.025704,12,2,9
23.401808,11.159255,9.12114200000001,0.495871,1520,82,0.001461,22.868723,9,2,15
26.184872,10.114636,8.66774099999999,0.4464,1405,106,0.001344,25.662082,8,5,9
31.163949,8.535296,8.05960099999999,0.377547,1213,56,0.00084,30.576486,9,1,9
32.703985,7.037652,6.662791,0.504278,1000,108,0.001391,32.07353,9,4,8
30.223938,7.791706,7.37254,0.374196,945,56,0.000791,29.703874,7,2,8
24.521339,7.797643,7.390233,0.444777,1164,96,0.001225,23.996233,8,5,6
31.944299,6.974736,5.341588,0.341163,855,56,0.000808,31.399275,7,3,5
