OK
417.610659
114
Boogie Dump Took : 1.724764
0.00663
31.916043
2.03838902631579
167.835647,3.265739,2.780901,1.051525,919,182,0.015135,167.24366,4,8,5
19.36695,12.747374,7.196666,1.147308,2248,194,0.002426,18.606605,8,7,10
182.172226,8.273413,5.41421099999999,1.148376,1709,206,0.002451,181.529769,7,10,8
15.008503,4.026892,3.067943,0.614688,1046,182,0.002342,14.425328,6,7,4
169.17587,10.066092,5.798638,0.606755,2083,158,0.001781,168.528223,9,6,6
188.624966,7.25891,4.59862,1.116915,1472,186,0.002538,188.021139,5,11,6
104.129378,7.368132,4.11510899999999,0.647585,1360,152,0.007101,103.569942,5,8,4
177.145653,8.084157,4.82944799999999,0.750593,1642,156,0.002228,176.543393,7,6,8
