OK
147.752147
119
Boogie Dump Took : 2.006546
0.018175
9.342808
1.17629979831933
50.691316,11.895111,8.24052299999999,0.473132,2106,84,0.000876,50.164632,11,0,18
62.094752,12.227801,8.62898,0.430951,2155,74,0.000822,61.487333,14,1,15
49.045447,13.368901,8.38375600000001,0.63104,2153,72,0.001616,48.37253,13,0,18
50.995848,11.291927,7.22645000000001,0.621088,1949,84,0.000922,50.347432,11,0,21
65.719674,11.047857,7.652291,0.542926,1950,78,0.014055,65.207207,12,1,13
67.53181,12.774597,8.45850700000001,0.525023,2214,80,0.001207,66.95997,13,1,17
57.010745,13.52771,8.55187599999998,0.426922,2224,56,0.013525,56.467766,13,0,13
95.727667,32.314765,18.673208,0.234807,5048,60,0.000957,95.06599,29,0,1
