OK
71.428024
53
Boogie Dump Took : 2.176612
0.010907
6.993905
1.23626647169811
45.692078,4.18412,3.645369,0.268419,818,36,0.000589,45.216709,6,0,9
44.506631,4.862242,4.805251,0.239647,900,30,0.000498,43.957032,8,0,7
48.42258,3.574367,3.320326,0.243095,648,34,0.000596,47.935791,7,0,9
46.392476,4.552361,3.94255,0.258308,822,28,0.000498,45.841523,7,0,7
41.063948,3.246284,5.295839,0.248955,569,20,0.001906,40.571766,5,0,5
47.139115,3.130075,4.470885,0.292171,562,30,0.000483,46.552416,5,0,8
58.424843,5.408734,4.442424,0.217408,872,20,0.000452,57.871877,9,0,1
49.619194,3.891231,3.723966,0.261596,667,26,0.000531,49.022739,6,0,7
