OK
429.974947
125
Boogie Dump Took : 2.058941
0.014651
34.762825
3.286321744
250.13049,43.179891,16.217732,0.785272,5073,80,0.000977,249.481188,16,0,21
241.748754,37.565638,16.005973,0.820799,4513,76,0.000889,241.110703,15,0,18
264.544078,36.139668,15.644869,0.688704,4491,56,0.000685,263.880749,15,0,13
279.495438,37.356554,15.418617,0.629037,4466,68,0.000873,278.857904,15,0,14
257.020216,28.799486,15.579762,0.863323,3582,72,0.000808,256.324327,12,0,22
244.89229,33.021463,13.927773,0.812738,4193,80,0.000887,244.307158,13,0,20
252.751487,35.323791,15.442402,0.850363,4232,60,0.000845,252.081932,14,0,16
356.91685,52.881685,19.807019,0.209478,6404,52,0.000733,356.261228,25,0,1
