OK
138.994963
126
Boogie Dump Took : 1.452262
0.007679
5.06379
1.07310791269841
19.567286,4.973797,4.683324,0.498389,836,150,0.001682,18.8443,10,7,9
18.422493,4.212444,4.451048,0.441468,711,126,0.001555,17.887674,9,6,9
12.571942,4.811381,4.650178,0.402789,861,184,0.002171,11.954059,11,9,11
17.449435,3.586041,3.618561,0.53089,726,164,0.001769,16.743647,9,7,9
9.490792,2.004613,2.386955,0.495667,365,148,0.002099,8.85835,6,6,12
14.965447,5.819082,4.774588,0.407494,914,114,0.001353,14.343035,10,7,7
12.892795,3.945004,3.756213,0.420709,617,122,0.003454,12.327196,8,5,10
19.070243,5.858685,4.905882,0.359422,780,104,0.001941,18.416672,9,7,5
