OK
321.048685
227
Boogie Dump Took : 1.489286
0.000394
7.661266
1.38564744052863
51.237252,43.452364,17.176737,1.973881,4566,328,0.003345,50.54893,15,9,22
40.954667,41.031768,16.627495,1.592247,4404,328,0.003858,40.186408,18,12,18
47.062893,46.974074,18.678651,1.551388,4673,318,0.003809,46.32866,20,13,15
44.52932,40.522274,16.930492,1.31552,4325,342,0.003528,43.7186,18,12,21
45.041189,41.206383,18.052762,1.852452,4266,286,0.00521599999999999,44.168766,20,7,18
55.139154,35.74189,15.110796,1.504298,4002,276,0.00314,54.43066,16,14,11
36.469038,41.402914,17.09263,1.466539,4286,300,0.00326,35.7507,18,14,15
47.10535,31.389514,12.465456,1.352165,3180,202,0.002093,46.386458,13,8,18
