OK
684.215316
487
Boogie Dump Took : 1.738662
0.000415
8.602184
1.39119525667351
43.535262,62.613869,26.044871,17.251391,8103,1006,0.0179820000000002,42.568253,18,51,10
37.135953,38.929252,18.571727,19.6272,5702,1004,0.0291120000000001,36.266103,14,50,10
28.915182,22.62321,11.735785,31.770881,3879,814,0.0323779999999999,28.018992,8,44,23
33.545001,40.636044,18.083631,15.073777,5665,980,0.011482,32.355392,12,48,13
44.168069,63.36812,25.4685040000001,25.042623,7679,688,0.00657399999999997,43.194172,18,41,15
39.614373,31.583704,15.275021,15.664243,4965,876,0.0115260000000001,38.713452,12,53,6
36.710329,30.038519,15.760951,20.212918,4940,928,0.00953999999999998,35.901233,13,48,15
37.709534,36.02968,16.090361,42.350159,5207,906,0.0182270000000002,36.710587,11,46,14
