OK
457.227822
221
Boogie Dump Took : 1.390288
0.003335
27.184715
1.97782613574661
135.548389,20.364414,17.963435,1.047963,4258,228,0.002303,134.871606,17,16,12
109.582743,18.209164,15.963017,1.036366,4036,222,0.002323,108.942475,18,16,11
103.378661,12.743128,13.431184,1.027439,2995,168,0.001695,102.707524,11,10,14
110.890346,14.416664,14.340072,0.826144,3201,196,0.002162,110.235794,14,16,9
85.883183,14.619409,13.796426,0.893244,2918,146,0.001513,85.16313,12,14,11
73.929065,11.690667,13.246732,0.914472,2443,166,0.001735,73.236571,10,14,14
103.350435,14.00843,13.541951,1.046489,2957,188,0.002051,102.625199,12,16,13
85.275258,13.806445,13.06584,1.047317,3004,182,0.001967,84.534976,12,13,22
