OK
261.844528
133
Boogie Dump Took : 1.506351
0.001014
10.254093
1.87942418045113
110.74041,44.402989,16.292924,1.756406,5501,212,0.002299,110.079298,10,4,16
113.693611,54.340797,19.10398,1.299397,6582,206,0.00346,112.999733,16,4,11
113.099387,43.673339,16.4900939999999,1.390748,5556,270,0.002883,112.432963,12,5,12
116.983742,47.749577,16.934342,1.502873,5753,210,0.002113,116.324444,12,2,13
109.98966,40.541213,15.781093,1.80026,5388,284,0.00322499999999999,109.347687,11,5,19
111.167705,46.57179,16.161719,1.205271,5398,146,0.001659,110.541409,11,5,9
116.392964,41.284429,15.527729,1.633969,5394,280,0.003271,115.767664,11,6,9
109.793064,49.538485,17.626218,1.105495,6259,176,0.002248,109.101367,14,5,8
