OK
241.579142
143
Boogie Dump Took : 1.395712
0.008047
10.386106
1.62590344755245
90.630752,43.433341,15.623985,1.305847,6401,174,0.002329,89.956472,15,4,14
92.600059,39.235252,14.161874,1.01052,5916,156,0.002047,91.936823,13,5,8
95.134988,50.484515,17.182697,1.005359,7106,142,0.001822,94.391867,17,2,12
82.889466,46.872427,17.18648,1.10307,7369,172,0.002054,82.178608,16,4,16
80.01787,49.472757,17.34657,1.364304,7305,164,0.001983,79.257605,18,3,15
79.724687,39.209392,14.646833,1.794087,6010,190,0.00995500000000001,78.938226,13,4,17
74.809663,43.642612,16.3411800000001,1.888056,6458,202,0.002605,74.077027,12,0,21
82.459706,45.368099,15.237623,1.505716,6637,208,0.002706,81.71291,13,4,14
