OK
81.732105
60
Boogie Dump Took : 3.360395
0.009161
7.444384
1.17987066666667
44.224115,11.062322,7.417276,0.576291,2014,60,0.000922,43.678765,6,1,8
43.542654,13.626608,7.654312,0.261979,2196,30,0.000562,43.069855,7,1,2
42.477453,12.433411,7.95403299999999,0.497599,2088,50,0.001079,41.901438,7,1,6
41.418182,9.598977,6.95693499999999,0.625335,1867,82,0.000904,40.79918,5,0,15
44.012416,14.660019,8.368409,0.437676,2212,38,0.00101,43.472777,7,1,5
45.973236,13.70355,7.60351100000001,0.40172,2131,34,0.000549,45.487317,7,1,4
44.716369,11.578136,7.397194,0.654517,1783,46,0.000663,44.160446,6,1,8
44.556704,14.254978,8.01074599999998,0.435736,2267,34,0.000557,44.041111,8,1,5
