OK
93.677969
65
Boogie Dump Took : 3.278614
0.007285
10.606495
1.30440238461538
40.69336,15.59514,8.611615,0.446732,2074,66,0.000962,40.157504,7,1,7
39.024764,11.830412,7.55215899999998,0.563714,1692,74,0.000895,38.500028,6,1,7
39.866921,22.76368,10.78066,0.465618,2655,44,0.000619,39.340761,11,0,6
30.989552,9.884472,6.66034500000001,1.045324,1756,126,0.001322,30.396399,4,2,16
42.390869,16.747322,8.398485,0.327744,1969,40,0.000989,41.886363,7,2,3
42.049106,21.213919,9.97036599999999,0.358579,2461,44,0.000712,41.543256,8,2,4
41.000904,11.63835,6.743104,0.438613,1557,56,0.00077,40.508451,6,1,6
46.587074,8.555229,6.27750500000001,0.602292,1441,48,0.000977,46.051287,6,1,6
