OK
72.54496
57
Boogie Dump Took : 3.579828
0.01399
10.9308
1.09221185964912
33.673285,10.259083,6.88360999999999,0.657914,2045,72,0.000886,33.055899,6,1,12
35.812205,10.287899,6.66004,0.443713,1943,74,0.000841,35.233294,5,0,11
38.646152,12.883805,7.02813500000001,0.33068,2167,32,0.000541,38.133959,7,1,3
40.613308,11.071983,7.08564399999999,0.538837,1814,44,0.003829,40.116014,7,1,7
38.696243,12.505714,7.434463,0.426405,2167,36,0.000676,38.217774,7,1,4
42.659565,10.528089,6.322932,0.364792,1759,32,0.000631,42.159369,6,1,4
39.879584,11.280856,7.037591,0.404425,1795,34,0.002146,39.410608,6,1,3
35.145083,10.930116,7.06690400000002,0.495275,1984,50,0.000808,34.668373,6,1,6
