OK
85.023903
99
Boogie Dump Took : 3.658699
0.028703
4.869184
0.779240686868687
40.773362,12.935833,8.95345599999999,0.651094,2099,80,0.001713,40.249262,10,1,9
30.552746,13.386012,8.99399099999999,0.99226,2082,150,0.002413,29.960578,6,1,21
41.911115,21.456936,13.093277,0.468208,3168,54,0.000724,41.396312,14,1,4
40.65936,18.286872,11.48831,0.626885,2650,68,0.000926,40.057299,12,0,15
45.918124,16.894904,10.802507,0.508037,2605,58,0.000808,45.400931,14,0,9
37.44516,20.518425,12.645083,0.646352,2866,72,0.000883,36.869664,13,1,13
48.992273,22.315374,13.238315,0.197619,3190,34,0.000549,48.456946,16,0,1
22.227247,11.107814,8.28665999999999,1.418573,1768,136,0.003435,21.645777,9,1,22
