OK
29.326142
82
Boogie Dump Took : 1.412871
0.002003
1.005619
0.327262804878049
18.61234,3.613597,2.805469,0.20987,1226,42,0.000576,17.873232,12,0,7
16.221836,2.881318,2.259857,0.265067,951,48,0.000719,15.668895,10,0,10
16.627948,2.717536,2.136117,0.291333,989,44,0.000587,16.06005,10,0,11
17.530399,3.061433,2.346835,0.268414,1046,46,0.000635,16.977482,11,0,10
16.921151,3.359721,2.601524,0.300859,1101,44,0.000644,16.364965,11,0,11
16.749808,3.365114,2.585305,0.255476,1040,38,0.000835,16.223803,10,0,9
15.584019,3.08229,2.417464,0.300948,1093,46,0.000791,15.04734,11,0,10
14.08419,2.317271,1.802447,0.316297,785,62,0.000919,13.533973,7,0,14
