OK
124.141014
107
Boogie Dump Took : 1.329851
0.013876
9.22061
1.10640457009346
52.853202,29.027344,11.211671,0.373794,5165,110,0.001306,52.1339,24,2,6
45.161872,13.016196,4.916517,1.053128,2331,168,0.002472,44.42609,11,2,9
49.915691,12.470247,5.08435400000001,0.743251,2443,162,0.001943,49.231837,11,2,9
46.982058,17.344036,6.36206099999999,0.64433,2787,156,0.002868,46.319867,11,2,6
47.526369,14.987306,5.48629,0.678694,2465,158,0.001883,46.953996,10,1,8
40.041352,10.797608,4.58975400000001,1.39398,2031,180,0.002591,39.37813,9,2,17
30.88884,6.392875,3.4605,1.580014,1554,208,0.002678,30.246993,8,3,23
45.509886,11.527937,4.332893,1.324425,1985,226,0.003271,44.861896,6,3,12
