OK
689.452588
428
Boogie Dump Took : 1.275322
0.006417
10.426276
1.58493318457944
84.209672,62.990278,20.3743229999999,8.496992,8340,890,0.01239,83.295943,19,42,7
71.516533,70.41398,21.7109339999999,24.562688,9001,844,0.0303720000000001,70.502456,23,37,19
80.540453,41.867205,12.930581,18.830587,5471,748,0.01074,79.307403,11,36,17
81.822292,40.968136,15.2008989999999,9.72156500000001,6208,782,0.015883,80.669227,15,34,22
67.165399,52.14562,18.006704,9.018638,7200,718,0.010075,66.187596,18,36,21
79.199879,53.377875,15.219061,23.648494,6401,712,0.0188890000000001,78.202704,12,36,18
85.547347,35.608224,14.122902,8.421251,5466,722,0.00900299999999998,84.657822,13,38,16
87.104428,103.926233,28.239278,7.947363,10748,752,0.016734,86.173721,23,35,14
