OK
125.166069
70
Boogie Dump Took : 2.109345
0.007376
12.295965
1.50276845714286
39.016669,23.084296,10.527663,0.557103,1823,94,0.001161,38.459574,6,4,5
38.153074,18.447751,9.05680799999999,0.553709,1424,90,0.001823,37.546908,6,4,5
38.976701,23.751661,11.277483,0.470455,1818,102,0.001254,38.435251,8,4,5
25.390221,32.560771,14.589656,0.400636,2387,104,0.001239,24.8274,10,3,6
37.957786,18.174064,9.17133199999999,0.655749,1419,76,0.001102,37.412216,4,2,6
22.324621,26.632321,10.837002,0.654534,1854,90,0.013984,21.708011,5,1,8
25.189562,22.70943,10.506843,0.673807,1820,76,0.000962,24.504816,5,2,6
37.583619,18.840711,9.27435,0.702021,1440,78,0.000958,36.990027,4,2,7
