OK
78.699405
62
Boogie Dump Took : 1.396758
0.044733
6.616756
1.21251425806452
65.221471,3.780619,2.372465,0.239263,855,34,0.000574,64.700848,7,0,7
64.20426,3.808711,2.48722699999999,0.282099,868,30,0.000542,63.58194,8,0,7
59.41332,4.443453,2.775107,0.32632,1032,38,0.000734,58.838583,8,0,10
65.464047,3.828498,2.366292,0.244008,848,38,0.000608,64.942992,8,0,9
60.909802,4.029899,2.551277,0.32417,1016,34,0.000537,60.349893,8,0,9
61.774147,3.585435,2.25348,0.307599,861,42,0.000636,61.22843,7,0,10
57.346889,4.702858,2.88516299999999,0.331795,1131,32,0.000613,56.739945,7,0,9
67.870252,5.699971,3.140626,0.159734,1208,20,0.000617,67.372817,9,0,1
