OK
195.514901
161
Boogie Dump Took : 1.899824
0.01095
8.165922
1.16364377018634
30.644469,26.850201,11.565117,1.671317,2996,316,0.004085,29.764786,9,9,14
43.278778,36.924683,16.8434999999999,0.982921,4301,238,0.002747,42.658321,17,6,10
36.411341,16.710399,9.126237,1.795584,2441,314,0.00349099999999999,35.767162,11,10,15
24.673101,26.974915,11.261102,1.976371,3168,324,0.00933600000000002,24.075134,7,5,20
39.278415,23.74965,12.012116,1.674776,3105,256,0.002481,38.631531,13,5,12
32.275029,39.769381,16.268792,1.158172,4428,252,0.010488,31.555377,15,10,8
32.310636,19.43025,10.270554,1.390135,2636,288,0.00422399999999999,31.739794,10,9,14
39.248919,34.085609,14.407592,1.312969,3777,256,0.002645,38.467294,15,10,4
