OK
8.450607
6
Boogie Dump Took : 1.271799
0.9629
1.184161
1.05675783333333
6.522372,0.166889,0.219682,0.155942,18,6,0.000349,6.08081,0,0,1
6.41154,0.366278,0.221815,0.154052,20,4,0.000296,5.990379,1,0,1
6.399231,0.358537,0.216651,0.145949,24,4,0.000296,5.978815,1,0,1
6.30392,0.414316,0.262631,0.15949,27,4,0.000345,5.816373,1,0,1
6.201794,0.431018,0.266658,0.149697,30,4,0.000324,5.756023,1,0,1
6.106239,0.491569,0.322992,0.152012,32,4,0.00033,5.627996,1,0,1
6.473043,0.458158,0.284043,0.00295,32,2,0.000364,6.074014,1,0,0
6.931691,0,0,0,0,0,0,6.546962,0,0,0
