OK
205.919335
167
Boogie Dump Took : 2.521829
0.000548
10.544387
1.1820504011976
20.360006,14.552089,10.247104,1.696994,2617,254,0.003584,19.689163,11,14,10
13.577001,9.135221,7.24906500000001,2.086302,2035,250,0.003071,12.979363,6,16,3
16.653945,9.595063,7.76409400000001,1.593351,2224,260,0.003015,16.045448,8,15,6
11.327478,9.039414,7.32072099999999,1.713283,1976,260,0.003678,10.674095,6,10,14
16.098494,5.192536,5.97955799999999,2.023209,1683,252,0.003054,15.339761,5,13,7
16.746408,4.953483,5.96823,1.866233,1609,242,0.006036,16.028692,6,15,5
19.822276,6.975922,7.54771300000001,1.991191,1824,232,0.002611,19.155751,8,13,8
13.370806,10.748127,7.32953099999999,2.011984,1967,242,0.010366,12.47868,6,15,3
