OK
249.89042
154
Boogie Dump Took : 0.842332
0.007468
13.331604
1.54556243506493
96.326012,0,27.1322130000001,2.096563,15064,161,0.001103,95.338407,18,2,11
96.422397,0,28.4530719999999,2.430072,14650,128,0.000955999999999999,95.670418,19,1,13
83.338978,0,27.9948510000001,2.733802,16177,220,0.0013,82.490107,20,1,17
95.052922,0,27.766684,3.58174,15442,181,0.001147,93.81605,19,2,24
80.675673,0,30.2179460000001,3.795062,14994,170,0.001164,79.904049,17,0,24
90.511118,0,27.2648060000001,3.704855,15546,167,0.001227,89.680576,16,0,25
89.038719,0,28.6474609999999,2.279521,15398,179,0.001269,87.958605,18,1,14
100.727974,0,27.94989,2.85452,15091,135,0.000930999999999999,99.935129,19,1,18
