OK
822.91551
70
Boogie Dump Took : 3.280073
0.538984
46.544979
11.4663291857143
446.131836,60.15368,47.786976,0.665481,3639,36,0.000639,445.645209,7,1,7
349.45361,55.264132,42.399102,0.836264,3431,36,0.000614,348.974973,7,0,10
375.705841,97.344121,66.5448250000001,0.686796,5501,38,0.000605,375.20212,10,1,7
308.690099,79.613693,58.8205020000002,1.007389,4799,40,0.000661,308.239278,9,0,11
413.739576,89.810976,66.036911,0.722435,4942,38,0.000727,413.153033,10,1,7
371.080047,42.533512,35.763463,0.915811,2637,34,0.000575,370.621587,6,2,7
384.776299,51.886741,38.3439959999999,0.695877,3335,32,0.000577,384.360454,6,1,8
407.356715,63.511959,51.265248,0.719435,3454,32,0.000698,406.907392,8,1,6
