OK
1193.736976
279
Boogie Dump Took : 1.395793
0.000389
26.363402
4.22872289247312
593.029285,27.646321,21.0961679999999,0.734391,3962,150,0.001614,592.351691,20,17,19
560.680305,31.191428,24.287927,0.690315,4132,160,0.001713,559.977012,26,16,22
549.207657,23.662443,17.656659,0.721023,3112,146,0.00391499999999999,548.563646,17,16,20
571.023228,27.176252,19.709199,0.631601,3558,132,0.001461,570.333944,18,10,23
560.665753,27.600046,20.603724,0.825689,3687,144,0.001593,560.058444,18,17,20
562.207992,24.096921,17.506908,0.697235,3172,138,0.001734,561.601261,16,16,15
579.096887,26.480023,21.409348,0.943323,3624,150,0.004131,578.247883,22,17,19
571.080935,27.527045,20.74442,0.736158,3638,140,0.001538,570.423917,18,15,17
