OK
1341.689254
13
Boogie Dump Took : 2.986098
2.161665
151.30816
102.040767307692
1050.698796,4.991344,6.810613,0.43638,187,12,0.000379,1050.296404,1,0,3
1188.990423,6.806418,7.642598,0.367346,214,8,0.000347,1188.614263,2,0,2
1042.344011,8.981893,9.022486,0.432405,259,8,0.000361,1041.941985,2,0,2
1035.706375,10.020505,9.52684799999999,0.276194,275,8,0.000388,1035.25677,2,0,2
1179.230517,10.805044,10.28535,0.286697,291,6,0.000359,1178.821539,2,0,1
1193.588588,5.018707,4.77126,0.292811,111,4,0.000289,1193.225836,1,0,1
1175.465961,9.93724,9.341439,0.388529,266,6,0.000394,1175.140856,2,0,1
1189.191208,5.325342,5.297493,0.319263,119,4,0.000375,1188.856283,1,0,1
