OK
747.64368
55
Boogie Dump Took : 2.739756
0.409371
38.405191
13.3961384181818
516.074514,15.999041,16.43641,0.312254,967,26,0.000513,515.640181,5,0,6
408.874629,23.682093,22.7502850000001,0.319543,1282,32,0.000554,408.428202,7,0,8
512.888226,28.560242,27.036641,0.315283,1548,26,0.00056,512.387317,8,0,5
477.830585,30.326058,28.2289439999999,0.322618,1689,28,0.000564,477.328661,8,0,6
310.97215,22.752806,21.570809,0.318041,1280,34,0.000559,310.441483,6,0,10
416.357463,21.411566,20.463102,0.35772,1251,28,0.000547,415.899234,6,0,8
480.725124,29.799392,28.411729,0.356679,1678,30,0.000678,480.30514,8,1,5
488.531822,23.145128,21.973025,0.367571,1349,24,0.000538,488.059294,6,0,6
