OK
480.933227
61
Boogie Dump Took : 2.447533
0.05377
26.672184
7.77702278688525
282.994179,20.855823,18.754157,0.364935,2154,32,0.000509,282.608584,7,0,7
252.011,23.06611,21.170134,0.457083,2230,34,0.000526,251.328649,9,0,8
238.159931,15.243601,13.858361,0.407452,1633,28,0.000499,237.743044,6,0,8
230.353162,21.794749,19.442335,0.517157,2392,32,0.000584,229.890513,8,0,8
234.530263,17.245647,15.269035,0.453675,1949,30,0.008536,234.094961,6,1,7
278.687742,26.821734,23.628398,0.506068,2843,32,0.000504,278.104199,9,1,5
231.09448,22.845483,20.382512,0.450632,2522,32,0.000637,230.661001,8,0,8
216.625212,16.586991,14.865072,0.403186,1770,30,0.000538,216.165371,6,0,8
