OK
2530.868162
42
Boogie Dump Took : 13.808777
1.974038
208.726889
59.1165319761905
2168.627396,87.872588,90.6841700000001,0.374057,1900,20,0.000473,2168.103338,5,0,3
2073.520397,100.056243,98.572425,0.441596,2094,20,0.001117,2073.012443,6,0,4
1756.193548,85.509017,90.2738549999999,0.491581,1986,24,0.000533,1755.733253,5,0,7
1277.687832,82.902663,87.0483949999998,0.685521,1676,28,0.000584,1277.23371,5,0,9
1817.137642,81.805394,83.935008,0.511692,1636,20,0.000482,1816.709226,5,0,5
1879.193937,105.929673,103.083592,0.387687,2180,20,0.00053,1878.804317,6,0,4
1810.441235,85.397309,87.2687279999999,0.510908,1833,20,0.00046,1810.087566,5,0,5
1852.959008,91.817218,92.8945940000002,0.511847,1976,20,0.000482,1852.298019,5,0,5
