OK
343.5488
136
Boogie Dump Took : 2.691207
0.019414
25.411814
2.46674088235294
108.48021,32.999197,32.410744,0.780425,2503,102,0.001475,108.014377,10,4,16
100.964536,39.352458,37.0742690000001,0.579702,2675,92,0.001192,100.412716,13,5,12
89.89017,29.942879,29.288713,0.687739,2092,108,0.001765,89.403383,9,5,20
57.236629,52.016783,47.3927880000001,0.565122,3140,88,0.001175,56.755152,14,3,11
83.788935,66.752242,59.729416,0.594834,4391,86,0.001231,83.233601,18,6,6
103.872195,33.825701,32.037782,0.652296,2352,90,0.013242,103.371815,10,6,9
122.887412,41.990312,39.0631109999999,0.6123,2827,102,0.012358,122.358037,11,6,10
110.649769,26.827,25.5445,0.529861,1834,88,0.001148,110.185851,9,7,10
