OK
448.751131
32
Boogie Dump Took : 3.311156
0.051854
43.693052
12.85566309375
376.982817,15.54668,15.667335,0.381731,1276,18,0.000423,376.591455,3,0,4
378.813918,16.961305,16.315464,0.317,1360,14,0.000518,378.426651,4,0,3
348.523114,25.195061,23.571055,0.344792,2071,18,0.000471,348.104709,5,0,4
346.524332,19.879376,19.795141,0.439096,1666,22,0.000445,346.146236,4,0,7
357.463867,21.629617,20.202373,0.401327,1751,16,0.000489,357.028419,4,0,4
334.554698,21.843686,20.352064,0.38225,1625,14,0.000387,334.188664,4,0,3
371.350375,21.720232,20.15201,0.33117,1746,14,0.000373,370.959254,4,0,3
362.547724,20.558642,19.483535,0.413289,1630,16,0.000398,362.153847,4,0,4
