OK
939.287498
358
Boogie Dump Took : 1.091192
0.000593
36.986686
2.50322271787709
92.21529,0,22.612265,25.687446,11787,112,0.001087,91.292626,7,25,15
97.100552,0,30.9607899999999,16.906136,14745,140,0.001302,96.221537,12,32,7
139.151834,0,20.9059220000001,39.078154,10505,131,0.0012,138.082949,7,34,13
117.763534,0,40.208471,18.134753,18880,199,0.00185699999999999,116.768962,14,43,2
98.594478,0,34.3347650000002,15.709505,16730,198,0.001735,97.688122,13,39,8
100.759784,0,17.246762,22.564045,8971,116,0.001171,99.997984,5,28,14
134.165078,0,29.2068869999999,20.83289,13485,198,0.001892,132.981595,10,42,8
125.542614,0,24.041942,16.921642,10876,178,0.00154,124.373068,8,39,9
