OK
366.645183
163
Boogie Dump Took : 1.42822
0.014503
9.046836
2.18486939263804
52.858095,0,24.5337929999999,2.861721,8486,210,0.020312,52.395846,18,13,12
53.140386,0,21.248149,3.633835,7417,313,0.040617,52.700788,11,9,18
46.860047,0,22.823381,3.010941,8753,227,0.00555,46.120723,16,15,13
50.423976,0,26.875203,3.418387,9251,271,0.0645290000000003,49.891964,13,12,15
56.024117,0,21.8725129999999,2.961337,8153,260,0.015718,55.59325,13,16,12
52.178228,0,22.54647,3.428827,8453,288,0.041517,51.743031,11,16,12
