OK
522.076194
238
Boogie Dump Took : 0.793608
0.01705
12.079707
2.15236639495798
35.999328,0,26.246188,7.118296,10188,435,0.0693150000000001,35.526491,15,27,14
38.459105,0,24.847336,5.503925,9733,484,0.009157,37.947932,18,23,12
30.697909,0,22.952411,8.90081799999999,9247,560,0.058449,30.18539,13,20,25
42.478999,0,21.6865059999999,11.182528,8372,615,0.0746210000000003,41.875899,14,30,13
40.436636,0,26.527472,6.499981,10112,560,0.0905830000000001,39.866533,15,26,10
41.511803,0,22.1022029999999,7.734949,9026,425,0.0651610000000002,40.927185,13,24,14
