OK
671.608126
313
Boogie Dump Took : 0.888333
0.00531
10.838467
2.11242063897764
69.459528,0,12.960829,20.760052,7338,983,0.221059,68.789862,9,36,20
75.226354,0,17.679898,20.016473,9120,953,0.240871,74.522763,10,40,10
64.347285,0,18.5708519999999,28.981289,9388,841,0.2087,63.592795,12,33,18
70.997353,0,21.452774,14.860428,10785,1003,0.23174,70.4119,14,43,6
61.625868,0,18.519576,14.975877,9565,1041,0.135143000000001,60.878279,15,43,12
64.560493,0,22.129856,11.807744,11302,1150,0.136792000000001,63.922178,15,43,9
