OK
838.657629
176
Boogie Dump Took : 1.494305
0.00758
33.711363
4.58383703977273
235.8688,0,52.0564660000002,10.109749,21178,269,0.069339,235.237576,18,12,19
221.564302,0,60.2245420000004,8.123643,23160,268,0.061778,221.065274,19,8,18
215.499557,0,49.559193,8.933534,20704,387,0.062462,214.84279,14,14,17
276.232073,0,45.70584,9.12016,18151,288,0.039571,275.690298,16,13,16
204.315468,0,48.9025250000001,8.57917,20492,263,0.060141,203.634622,17,13,20
232.903829,0,49.2168999999999,8.934338,20165,268,0.051764,232.178068,17,15,11
