OK
129.47505
88
Boogie Dump Took : 0.873864
0.003717
9.542122
1.40057684090909
28.71577,0,14.034401,1.359016,6681,248,0.030044,28.337247,16,4,9
18.658118,0,8.45940099999998,5.055974,4394,420,0.0572940000000001,18.260298,9,1,15
20.547206,0,5.31833299999999,3.841276,2345,398,0.01815,20.130709,5,2,15
33.654845,0,19.704339,0.822797,8930,165,0.0508680000000001,33.288068,17,2,12
21.198405,0,8.43226,2.913178,4205,325,0.0513610000000003,20.846797,8,3,10
30.748477,0,14.099204,1.906823,6775,243,0.01941,30.403612,15,6,9
