OK
287.008335
138
Boogie Dump Took : 1.140211
0.005082
10.116265
1.98691522463768
7.887817,83.607303,29.432034,11.842188,11431,205,0.448230999999999,7.52174,12,7,17
12.994547,120.398145,38.8653239999998,8.35538,14617,173,0.418404999999999,12.54403,16,9,11
11.539028,55.92258,22.1920790000001,11.360295,8441,187,0.46549,11.090922,13,11,17
14.514368,82.213746,27.8034100000001,10.415964,10637,277,0.442385,14.039857,12,12,10
18.465228,79.443257,26.8242370000001,8.783244,10022,174,0.337686,18.035867,13,12,12
10.14578,109.52712,37.7979719999999,7.626892,14447,134,0.219157,9.747978,14,7,13
