OK
881.816317
153
Boogie Dump Took : 1.418198
0.013863
46.406204
5.38257790196078
184.429671,0,64.5156590000003,11.306626,22221,154,0.133579,183.793251,16,10,17
245.571013,0,54.610013,11.951204,19739,153,0.167028,244.993665,12,6,20
245.179014,0,50.4366170000004,15.11312,18332,174,0.168438,244.597838,11,11,18
173.535987,0,66.2158349999999,10.689525,23375,156,0.109512,173.004747,17,12,11
200.963149,0,62.9631610000002,8.029937,21515,147,0.131617,199.963225,15,11,10
176.573485,0,66.919831,12.643057,23213,175,0.107464,176.000299,18,14,13
