OK
719.14116
135
Boogie Dump Took : 0.898104
0.003146
50.984725
5.02704784444444
104.231531,0,53.8546260000004,23.286429,21904,142,0.18095,103.621658,13,9,19
114.364825,0,62.2751870000003,14.974291,24552,100,0.168495,113.762272,14,10,9
91.643967,0,55.7313850000001,22.170486,24089,145,0.264131,90.888105,12,11,15
99.509291,0,60.76088,19.912532,24490,110,0.174515,98.982805,12,9,16
119.127657,0,59.1936600000002,16.253957,24131,103,0.131617,118.562396,13,9,7
165.364212,0,47.5466100000001,21.399787,18961,124,0.20571,164.71577,12,11,10
