OK
337.360079
116
Boogie Dump Took : 0.952791
0.010632
12.539913
2.74056384482759
83.547918,0,33.6243359999998,4.847211,14607,172,0.137495,83.021581,14,11,8
109.704835,0,32.6723899999999,3.699625,14062,112,0.124675,109.236959,13,4,13
82.878256,0,27.8593799999999,6.8885,12466,232,0.249865,82.314508,10,6,20
85.113647,0,35.5923140000002,4.262626,15206,158,0.070564,84.653344,14,8,10
95.063843,0,33.5104879999999,5.090537,14155,129,0.164049,94.572825,11,3,13
76.855868,0,35.1988360000001,5.135625,15269,135,0.148174,76.338106,15,7,13
