OK
594.620565
202
Boogie Dump Took : 0.907037
0.007968
17.173254
2.86594344059406
76.133973,0,60.332685,10.882344,26874,220,0.316998,75.471722,19,8,24
81.757084,0,61.6405369999998,10.200384,27257,280,0.535100999999999,81.083643,22,12,18
69.772601,0,59.3093149999999,10.355756,26745,306,0.394394,69.022503,21,16,17
90.00091,0,59.6777150000001,9.516705,25947,243,0.339119,89.144981,22,13,19
90.665522,0,46.3556009999999,11.822749,20978,311,0.519542999999999,90.032317,16,13,25
69.100194,0,51.6545450000002,11.270678,22980,326,0.322582,68.367964,18,22,15
