OK
677.687679
296
Boogie Dump Took : 0.976491
0.003048
10.583419
2.26683331081081
11.45564,0,9.75779299999995,7.595738,4848,232,0.364331,10.942895,8,39,10
8.5995,0,12.520351,7.947911,6125,197,0.330608,8.054312,9,36,12
14.800254,0,12.604101,8.413145,6152,234,0.484529999999999,14.127056,11,42,8
23.768816,0,16.962566,6.192237,8085,216,0.454487999999999,23.009529,14,41,10
18.255473,0,11.674664,7.078047,6039,220,0.554091999999999,17.643279,11,36,11
26.828822,0,10.514617,8.487678,5114,242,0.459883999999999,26.057814,9,40,11
