OK
355.259485
135
Boogie Dump Took : 1.123657
0.004388
12.503505
2.51804544444444
90.579311,0,46.868228,1.454961,13172,114,0.0800170000000001,90.12469,19,3,15
78.618067,0,36.850215,2.086581,11234,163,0.095188,78.137293,17,5,21
90.797505,0,32.284465,2.498317,9495,171,0.0965670000000001,90.331561,15,5,22
84.328482,0,39.4501080000003,1.982315,11521,110,0.0954040000000002,83.730509,18,7,15
92.037911,0,33.954494,2.341331,10205,145,0.109591,91.570241,16,7,17
94.110127,0,36.9398539999998,1.573631,10892,157,0.127814,93.752944,16,7,11
