OK
568.272007
137
Boogie Dump Took : 1.301684
0.030466
30.006465
3.80366176642336
65.886603,0,56.2824200000001,26.174118,19742,171,0.182586,65.33095,11,13,12
24.976572,0,64.0206169999999,19.45757,22515,122,0.121237,24.446652,13,8,12
26.779556,0,56.2967580000002,22.999891,20188,155,0.240365,26.226095,10,13,14
66.917393,0,59.7916839999999,16.493671,20658,104,0.150411,66.341689,13,11,8
14.101063,0,68.763792,15.572018,23952,141,0.226758,13.538121,13,12,6
63.146017,0,41.08488,29.178388,14900,152,0.210303,62.591839,7,13,15
