OK
174.788132
72
Boogie Dump Took : 0.912333
0.044574
12.708128
2.18077572222222
32.668501,0,21.1200700000001,4.180356,9845,83,0.051914,32.35252,7,1,10
32.770288,0,19.9643070000001,6.572717,9551,69,0.054439,32.343171,7,3,11
40.236214,0,24.401017,3.818137,11129,78,0.090526,39.839494,11,4,6
33.998706,0,25.5734229999999,4.4059,11669,66,0.073302,33.508633,9,2,14
19.739985,0,26.302929,2.939691,12542,45,0.0912330000000001,19.275256,11,3,5
34.904227,0,25.89863,5.802736,11980,96,0.047012,34.387382,10,4,9
