OK
111.574636
82
Boogie Dump Took : 1.429362
0.007788
7.417382
1.280875
37.208851,17.836295,7.88887,0.490311,2669,134,0.000948999999999999,36.893465,10,5,8
33.806578,12.912019,6.22849700000001,0.729327,2160,156,0.002026,33.51564,7,4,12
39.713286,22.026601,8.66458799999999,0.501123,2916,116,0.000846999999999999,39.416713,10,3,12
34.412415,21.000723,9.03087800000001,0.499154,3202,126,0.00104,34.104288,11,3,10
44.06521,21.269823,9.39348300000001,0.389311,3069,104,0.00086,43.796909,11,3,8
33.642731,23.991368,10.063664,0.576521,3604,126,0.001064,33.324069,12,3,11
