OK
104.090642
60
Boogie Dump Took : 1.275267
0.011142
11.414929
1.61748525
37.401834,18.871187,11.124561,0.326619,2034,76,0.00056,37.062635,11,2,7
31.822543,17.614538,11.684921,0.328484,2221,66,0.000543,31.552292,10,1,12
33.059644,13.979328,8.66377200000001,0.277961,1640,92,0.000635999999999999,32.67197,6,3,9
29.79923,15.181748,9.63043199999998,0.396061,1943,98,0.008624,29.462516,8,1,11
25.399663,15.284398,9.16736999999999,0.268081,1859,80,0.0163,25.087922,9,2,4
33.056385,5.897195,5.862472,0.318933,1121,88,0.007878,32.74331,6,1,7
