OK
153.027337
47
Boogie Dump Took : 1.219171
0.008578
12.587104
2.92090953191489
95.840115,43.66896,13.046389,0.230483,3647,42,0.000434,95.591015,7,1,3
102.099617,35.879831,10.486854,0.533729,2999,44,0.017739,101.771583,7,1,7
84.17456,21.492895,8.61320499999997,1.428492,2827,134,0.00662500000000001,83.872551,4,2,14
92.554672,43.849308,13.279652,0.372348,3675,58,0.000381,92.236373,7,1,8
96.001083,39.377884,11.873682,0.414934,3237,52,0.00651,95.732267,7,1,5
86.142346,43.351343,13.005043,0.310867,3823,50,0.000411,85.838535,7,2,2
