OK
227.502992
143
Boogie Dump Took : 0.9377
0.01062
9.423739
1.55714545454545
10.64957,6.052898,4.829555,1.572207,1799,366,0.002218,10.194333,5,7,19
12.680441,17.504205,11.628226,2.171862,4100,542,0.003579,12.235841,15,18,4
15.386414,9.663754,7.28955099999999,4.648501,2984,422,0.018083,14.97376,7,14,12
20.238466,23.584016,13.668924,2.146016,5180,510,0.013215,19.842807,12,13,11
17.492011,19.598692,12.273181,2.770031,4635,460,0.014245,17.076778,12,15,8
9.245624,18.306897,11.111414,2.14122,4233,454,0.00951000000000002,8.821617,12,13,9
