OK
76.480146
66
Boogie Dump Took : 0.93836
0.021321
9.620235
1.12789107575758
5.418614,2.384345,2.27038,0.281939,548,148,0.000792,5.12532,5,5,6
18.718356,5.101205,4.341308,0.221911,1216,162,0.001108,18.455068,12,2,6
13.325329,3.503781,3.23070799999999,0.268252,962,148,0.000885999999999999,13.002389,8,2,9
14.191372,5.609309,4.661343,0.330365,1272,156,0.005087,13.877128,9,2,11
8.519345,1.755875,1.860557,0.317774,499,158,0.00094,8.205097,4,4,8
10.392763,5.183908,4.46393699999999,0.320989,1205,154,0.001009,10.09514,10,3,8
