OK
273.717195
102
Boogie Dump Took : 2.632585
0.021794
10.667079
2.31087951960784
6.568948,92.444106,23.8656120000001,1.68052,5748,196,0.030906,6.222276,10,11,4
18.049846,65.959223,22.4450019999999,2.884861,5085,208,0.023439,17.520423,12,9,8
36.490188,53.135317,15.570266,3.747998,3277,270,0.015443,36.174175,4,8,8
32.210294,29.277114,12.960314,7.073228,3144,348,0.053284,31.844842,6,9,11
6.482929,85.193257,21.304664,3.498803,5016,372,0.042035,6.063993,5,7,13
16.65688,114.186292,28.2368239999999,1.221572,6376,210,0.001113,16.351994,9,12,2
