OK
66.260085
65
Boogie Dump Took : 0.800583
0.005147
8.951307
0.857377676923077
18.866022,5.030873,2.129635,0.735151,1194,192,0.018284,18.577924,5,3,6
19.233262,7.96563,3.196028,0.648991,1836,214,0.001251,18.910096,7,1,12
5.241422,2.664733,2.253501,1.163096,1344,314,0.015548,4.924985,7,4,13
23.21548,10.330089,4.24313699999999,0.525563,2480,170,0.038815,22.948317,12,2,7
24.555789,8.505139,3.64388499999999,0.51675,2261,166,0.00215,24.255189,11,3,4
17.036685,2.833358,2.142208,0.809353,1357,228,0.019589,16.73386,8,2,8
