OK
423.995288
133
Boogie Dump Took : 1.487139
0.013541
24.244957
3.02228484962406
98.112035,164.512898,29.483807,2.493182,11475,224,0.035582,97.655089,14,10,9
117.888662,120.709904,23.263527,3.746626,9733,276,0.0715240000000001,117.504329,11,8,16
110.49504,165.76664,28.909292,2.325936,11564,216,0.0388,110.043137,16,9,10
83.819452,139.405237,25.036678,3.894284,10027,346,0.101906,83.344296,9,10,18
102.96798,151.581409,28.135766,2.909148,11448,262,0.034153,102.534944,15,9,12
118.28912,132.715169,24.708558,3.565225,10122,246,0.015507,117.73722,13,9,13
