OK
1978.127983
865
Boogie Dump Took : 2.096538
0.003747
41.460945
2.25085604855491
245.542435,0,70.1471829999998,31.611848,15931,621,1.017333,243.845038,18,90,8
232.899723,0,47.3339249999999,29.084697,10993,615,0.00998899999999998,231.157863,18,95,12
257.592619,0,41.5230810000001,25.121464,9802,623,0.00982899999999999,255.947175,11,92,21
239.623623,0,54.9554999999999,24.660004,11150,592,0.00819699999999996,238.032923,12,89,21
244.661497,0,50.9830779999998,25.490701,12768,601,0.00595299999999997,243.162016,17,91,11
221.769,0,37.3927630000001,30.709013,9011,688,0.013465,219.687231,8,101,13
238.855766,0,54.4356179999998,29.407976,12149,647,0.01296,237.008812,15,98,8
233.434858,0,42.307147,29.903693,10954,727,0.012241,231.724825,11,99,16
