OK
2795.423341
1326
Boogie Dump Took : 2.114853
0.003101
32.626148
2.04781131447964
125.916021,0,69.9083759999999,123.219137,19693,1352,0.0275480000000002,123.277021,13,157,16
202.702136,0,79.7190690000002,87.020537,20890,1040,0.0176560000000001,200.370476,19,146,10
185.00097,0,70.975286,140.333513,19697,1199,0.0256560000000002,182.298245,13,156,9
157.493975,0,72.0924170000004,83.9586800000001,20360,1151,0.0230960000000004,154.761782,12,147,19
131.983371,0,69.7269519999998,99.34471,20096,1143,0.0217570000000002,129.403,13,151,10
165.802549,0,70.7142729999996,106.579778,18870,1177,0.0271310000000001,162.698709,12,155,12
127.972108,0,66.3034669999999,90.19541,17892,1091,0.0243600000000001,125.007786,13,155,14
162.78928,0,70.0422630000004,110.291752,19254,1125,0.0281160000000001,160.117993,13,151,18
