62029824
60576

89923584
87816

103985152
101548

134889472
131728

149811200
146300

152788992
149208

154456064
150836

172908544
168856

176738304
172596

191700992
187208

218857472
213728

226701312
221388

228315136
222964

244355072
238628

254939136
248964

261570560
255440

275574784
269116

284192768
277532

299995136
292964

306151424
298976

313937920
306580

323149824
315576

325959680
318320

331755520
323980

333393920
325580

333393920
325580

334573568
326732

335884288
328012

374751232
365968

377102336
368264

380919808
371992

385286144
376256

392663040
383460

397414400
388100

401285120
391880

417845248
408052

424534016
414584

424808448
414852

429629440
419560

431202304
421096

432250880
422120

432631808
422492

433680384
423516

433680384
423516

434405376
424224

440913920
430580

447180800
436700

450170880
439620

453378048
442752

463470592
452608

464519168
453632

468680704
457696

471515136
460464

478744576
467524

479793152
468548

479793152
468548

479793152
468548

480964608
469692

482013184
470716

482013184
470716

482168832
470868

483786752
472448

491048960
479540

491048960
479540

491048960
479540

491048960
479540

491048960
479540

492097536
480564

492097536
480564

492097536
480564

492097536
480564

492097536
480564

492097536
480564

492097536
480564

495243264
483636

495243264
483636

496291840
484660

496816128
485172

496816128
485172

496816128
485172

497340416
485684

497340416
485684

504680448
492852

504680448
492852

504680448
492852

504680448
492852

504680448
492852

504680448
492852

505729024
493876

505729024
493876

517275648
505152

517275648
505152

517275648
505152

517275648
505152

517410816
505284

521191424
508976

521191424
508976

527474688
515112

527474688
515112

529539072
517128

530780160
518340

530780160
518340

530780160
518340

531869696
519404

533315584
520816

537362432
524768

537362432
524768

537755648
525152

538804224
526176

539852800
527200

546410496
533604

549556224
536676

549556224
536676

549556224
536676

549847040
536960

553050112
540088

555220992
542208

557891584
544816

0

