61145088
59712

83869696
81904

83869696
81904

92954624
90776

107577344
105056

116707328
113972

118394880
115620

123342848
120452

135905280
132720

142778368
139432

145457152
142048

148619264
145136

150646784
147116

158392320
154680

162324480
158520

162324480
158520

166100992
162208

169713664
165736

169713664
165736

179126272
174928

179126272
174928

186974208
182592

191569920
187080

193179648
188652

196849664
192236

197898240
193260

201216000
196500

206512128
201672

209178624
204276

227147776
221824

227147776
221824

227819520
222480

232824832
227368

237314048
231752

239411200
233800

240459776
234824

240459776
234824

274821120
268380

274821120
268380

274821120
268380

277966848
271452

286945280
280220

286945280
280220

290439168
283632

294035456
287144

294580224
287676

295530496
288604

303865856
296744

303865856
296744

304001024
296876

306417664
299236

307728384
300516

307728384
300516

307728384
300516

317689856
310244

317689856
310244

317689856
310244

317689856
310244

317689856
310244

318738432
311268

318738432
311268

318738432
311268

320278528
312772

320278528
312772

320278528
312772

320774144
313256

321613824
314076

323248128
315672

323248128
315672

324136960
316540

325193728
317572

325693440
318060

326107136
318464

328253440
320560

335720448
327852

335720448
327852

335720448
327852

343183360
335140

343183360
335140

348782592
340608

348782592
340608

348782592
340608

348782592
340608

348782592
340608

348782592
340608

351481856
343244

351481856
343244

352952320
344680

353677312
345388

355774464
347436

356855808
348492

366292992
357708

366292992
357708

366292992
357708

366292992
357708

367341568
358732

368189440
359560

368189440
359560

368533504
359896

369770496
361104

370618368
361932

378576896
369704

380149760
371240

381722624
372776

400621568
391232

400621568
391232

400621568
391232

400621568
391232

400621568
391232

401670144
392256

405614592
396108

406835200
397300

407359488
397812

413884416
404184

414527488
404812

416698368
406932

416698368
406932

416698368
406932

422400000
412500

422400000
412500

422400000
412500

424976384
415016

428273664
418236

428789760
418740

429314048
419252

438226944
427956

438226944
427956

438226944
427956

438226944
427956

439275520
428980

439275520
428980

439275520
428980

439275520
428980

440471552
430148

441520128
431172

441520128
431172

441520128
431172

441520128
431172

441520128
431172

441520128
431172

441520128
431172

441520128
431172

441520128
431172

441888768
431532

441888768
431532

441888768
431532

442937344
432556

443985920
433580

443985920
433580

443985920
433580

443985920
433580

443985920
433580

443985920
433580

443985920
433580

444887040
434460

444887040
434460

447250432
436768

447250432
436768

448299008
437792

449753088
439212

449753088
439212

449753088
439212

453480448
442852

454004736
443364

454004736
443364

454492160
443840

455016448
444352

455016448
444352

455016448
444352

455016448
444352

455016448
444352

455016448
444352

455876608
445192

455876608
445192

455876608
445192

455876608
445192

455876608
445192

455876608
445192

459145216
448384

459145216
448384

459145216
448384

459145216
448384

459145216
448384

459145216
448384

459145216
448384

459145216
448384

459145216
448384

460570624
449776

460570624
449776

460570624
449776

460570624
449776

460570624
449776

460570624
449776

460570624
449776

460570624
449776

460570624
449776

466444288
455512

466968576
456024

466968576
456024

466968576
456024

466968576
456024

466968576
456024

469536768
458532

472502272
461428

472502272
461428

472502272
461428

473550848
462452

473550848
462452

473550848
462452

473550848
462452

473550848
462452

473550848
462452

473550848
462452

474292224
463176

480374784
469116

480374784
469116

480374784
469116

480374784
469116

480374784
469116

480374784
469116

480374784
469116

480374784
469116

480522240
469260

482095104
470796

482095104
470796

482095104
470796

482095104
470796

482095104
470796

483016704
471696

483016704
471696

484065280
472720

484065280
472720

490057728
478572

490057728
478572

490684416
479184

491479040
479960

491479040
479960

493572096
482004

494620672
483028

494620672
483028

494620672
483028

494620672
483028

494620672
483028

495378432
483768

495378432
483768

495378432
483768

495378432
483768

495378432
483768

495378432
483768

495890432
484268

498147328
486472

500011008
488292

500011008
488292

500011008
488292

500011008
488292

500011008
488292

0

