0.021512,1
0.008483,1
9.3E-05,6.9E-05,0.087023,18
0.105751,14
0.026864,23
0.046582,0.134351,2
0.010417,0.102562,1
0.116613,1
0.011766,0.098434,1
0.013162,0.10675,2
0.010552,29
0.025027,33
0.025337,24
0.01731,72
0.063338,91
0.102214,98
0.131391,135
0.20492,0.238615,3
0.097208,47
0.162341,109
0.13514,154
0.353155,170
0.417092,179
0.618015,162
0.74939,0.455606,9
0.688547,149
0.806919,100
0.805104,0.485945,23
0.002464,0.526883,27
0.738781,81
0.77235,0.591793,16
0.592272,11
0.638279,5
0.57937,5
0.715662,83
0.793423,72
0.93576,0.63681,10
0.842934,0.661214,9
0.046444,0
0.840047,0.713968,7
0.694085,19
0.834503,0.755085,10
1.008912,11
0.896402,89
0.958842,113
1.011035,0.740839,6
0.778493,15
0.963266,0.818046,16
0.849887,0.732939,30
0.844239,53
0.83155,0.737301,18
0.888102,67
1.033494,56
1.027184,59
1.0152,50
0.922084,40
0.941518,1.006973,28
0.923874,46
0.978641,39
0.921864,0.847575,19
0.781915,17
0.995355,0.930195,9
0.879727,1.059399,26
0.889515,20
0.795777,17
0.761109,0.918184,9
0.795535,0.809923,5
0.827694,49
0.933358,0.892213,6
0.682817,21
0.872573,16
0.828396,1.149255,27
0.790637,32
0.789,0.91576,15
0.833113,0.869968,17
0.938184,9
0.830028,0.88113,5
1.315042,26
0.377008,21
0.355238,29
0.455662,21
0.446556,24
0.461069,0.865846,23
0.448442,27
0.501835,0.924331,17
0.46366,1.039479,19
1.019526,13
0.491466,1.039714,12
1.241365,23
0.254922,14
0.245107,12
0.26505,0.92917,22
0.242463,18
0.265438,1.00523,26
1.130348,12
0.290114,11
0.286289,0.967762,2
0.280149,0.961969,2
0.281025,0.977287,1
0.086068,0.021392,1.052584,11
1.053381,9
0.287669,1.062976,7
0.285354,1.100688,19
0.305213,25
0.30604,1.124759,13
0.298094,29
0.400676,33
0.437095,36
0.526609,1.646268,9
0.052437,0.142602,1.051499,19
0.139282,1.076753,10
0.145266,33
0.150462,32
0.151416,33
0.152687,26
0.15946,34
0.295067,2.659004,9
1.068346,7
0.218657,40
0.331412,41
0.294131,1.194961,12
0.310203,1.126483,15
1.224217,11
1.613846,8
0.27885,37
0.364254,1.125972,11
0.301536,46
0.291687,1.275857,14
1.234013,10
0.13744,0
0.295119,54
0.309367,62
0.319637,1.323749,15
0.347578,1.920554,15
1.248999,7
0.290014,1.181151,11
0.299332,1.221178,10
0.133837,0
0.28971,1.572024,12
1.234812,11
1.229009,11
0.290913,1.267804,10
0.300369,1.497079,7
3.107977,14
0.176936,0.092833,0.000522,0.292795,20
0.313928,25
0.278379,0.910892,16
1.007509,9
0.960174,7
0.300969,36
0.318342,36
0.332633,1.041526,20
0.346267,37
0.359618,50
0.361814,1.111517,14
0.362556,49
0.538497,58
0.468524,58
0.497458,1.704423,2
0.460513,1.093756,6
1.085186,19
0.463327,63
0.465061,59
0.460177,1.201017,12
0.061457,0.000639,0.00028,0.881151,1
0.259678,0.86078,1
0.243353,18
0.275036,24
0.299101,0.875123,11
0.951157,9
0.978257,7
0.295032,0.921848,19
0.958584,10
1.254728,10
0.981056,9
0.301034,0.962093,7
0.283163,45
0.334248,51
0.369436,50
0.377521,0.959427,19
0.38311,48
0.399107,62
0.464405,62
0.469146,67
0.586688,70
0.590472,1.247747,13
0.051883,0.000694,0.000289,0.847337,5
0.855947,6
0.835829,1
0.227266,20
0.219341,18
0.292317,24
0.273653,32
0.288977,42
0.330269,50
0.367828,45
0.412243,62
0.409754,0.975471,6
0.974732,15
0.357576,0.979736,10
1.08419,14
1.204911,7
0.393351,1.098203,2
0.978216,6
0.378936,58
0.425121,0.990432,18
0.374861,1.033895,10
1.225186,14
0.1118,0.046165,1.07642,12
1.080365,11
1.041979,11
0.389031,64
0.397351,1.092716,9
1.414653,12
0.415076,1.064782,11
1.090962,11
0.146184,0.087979,1.198839,10
1.71573,7
0.475136,57
0.506263,61
0.539271,51
0.523842,1.250198,13
1.123668,7
0.452257,1.123374,11
0.340479,9
0.318951,0.275122,1.179979,10
0.315506,61
0.549704,1.610693,13
1.193386,7
0.507607,65
0.522597,55
0.791993,63
1.101363,65
0.192572,0.124212,0.001906,0.156159,10
0.173614,10
0.175207,1.002882,18
0.20243,17
0.209333,0.80563,2
0.814819,2
0.810684,1
0.787187,1
0.209356,20
0.207042,25
0.229875,0.854094,11
0.22248,32
0.270009,45
0.335913,0.89559,6
0.344325,0.946124,15
0.320241,43
0.423976,48
0.461818,60
0.375131,75
0.448254,77
0.457633,0.985458,14
0.436946,1.1103,8
0.468941,72
0.749574,1.340496,9
0.143568,0
0.567494,1.526035,14
0.413181,1.020186,7
1.054944,11
1.114214,10
1.538791,15
0.408848,61
0.442569,1.046514,10
0.081042,0.000697,0.000301,0.808733,10
0.892643,14
1.058694,0.911446,9
0.940518,9
1.063315,0.749175,8
0.825319,7
0.825562,19
0.86691,10
1.014053,94
0.974948,99
1.169597,1.370567,9
1.084732,83
1.244245,0.839942,11
0.878177,15
1.19271,0.876464,10
1.023475,14
1.208325,9
0.869239,7
0.937254,7
0.93593,19
1.062358,0.993152,10
1.118974,8
1.059512,78
0.910596,0.895069,11
0.898928,0.986684,15
0.972944,10
0.898503,67
0.904912,1.047249,16
0.980238,70
1.111466,1.420354,14
0.71992,1.009925,7
1.015513,1.113848,11
0.97608,1.154254,10
0.95996,1.540112,15
0.947299,1.013739,7
0.752083,1.017291,11
1.17618,10
1.382253,12
0.945695,1.047745,11
1.067625,11
1.093993,10
1.23465,7
0.869056,34
0.877955,0.919238,1.099814,6
0.869262,1.045786,15
0.867914,50
0.886713,50
0.931552,46
0.974011,1.083557,11
0.842498,31
0.983174,21
0.936527,0.900781,1.125766,10
1.533602,13
0.95796,1.112412,7
0.944207,0.994518,11
1.135136,10
1.685618,14
0.964235,42
1.236155,1.09661,8
1.182879,10
1.33255,1.200675,8
1.961587,10
3.374337,0.028556,1.212625,7
0.983737,33
1.293561,5.310405,0.044486,0.060716,0.020878,