95703040
93460

119963648
117152

162091008
158292

189968384
185516

207433728
202572

218943488
213812

229158912
223788

235307008
229792

245145600
239400

247521280
241720

256036864
250036

262262784
256116

286646272
279928

288710656
281944

289234944
282456

306962432
299768

313905152
306548

317222912
309788

317628416
310184

319733760
312240

319733760
312240

320905216
313384

321388544
313856

322961408
315392

331350016
323584

333778944
325956

337973248
330052

343912448
335852

354406400
346100

358326272
349928

360153088
351712

360497152
352048

363470848
354952

367173632
358568

371404800
362700

371568640
362860

373567488
364812

377540608
368692

377860096
369004

387645440
378560

404430848
394952

408166400
398600

409288704
399696

410107904
400496

419491840
409660

419491840
409660

426528768
416532

435654656
425444

435654656
425444

435654656
425444

439996416
429684

441044992
430708

469381120
458380

469381120
458380

469381120
458380

469381120
458380

469381120
458380

469381120
458380

469381120
458380

474980352
463848

474980352
463848

474980352
463848

474980352
463848

474980352
463848

478863360
467640

479911936
468664

487374848
475952

487374848
475952

487374848
475952

493297664
481736

493674496
482104

493674496
482104

498147328
486472

499195904
487496

502099968
490332

502747136
490964

503795712
491988

504848384
493016

505487360
493640

508653568
496732

509267968
497332

517926912
505788

518975488
506812

522166272
509928

523214848
510952

526651392
514308

527269888
514912

531869696
519404

538284032
525668

547487744
534656

547487744
534656

547487744
534656

547487744
534656

547487744
534656

547487744
534656

547921920
535080

556965888
543912

557416448
544352

558010368
544932

562212864
549036

562802688
549612

563068928
549872

563593216
550384

564117504
550896

564117504
550896

564117504
550896

565567488
552312

567377920
554080

568401920
555080

569339904
555996

569905152
556548

573935616
560484

574492672
561028

577716224
564176

622968832
608368

629633024
614876

630190080
615420

630190080
615420

630657024
615876

630657024
615876

630657024
615876

630657024
615876

637706240
622760

643866624
628776

660185088
644712

662577152
647048

662892544
647356

662892544
647356

669917184
654216

669917184
654216

669917184
654216

669917184
654216

669917184
654216

672931840
657160

674205696
658404

677376000
661500

680808448
664852

684351488
668312

685281280
669220

690671616
674484

691204096
675004

692252672
676028

692252672
676028

692252672
676028

711696384
695016

716775424
699976

721399808
704492

723447808
706492

728920064
711836

729968640
712860

729968640
712860

731009024
713876

732057600
714900

732516352
715348

732516352
715348

732516352
715348

732516352
715348

734982144
717756

736030720
718780

737968128
720672

738222080
720920

741347328
723972

742395904
724996

743239680
725820

743239680
725820

743239680
725820

745984000
728500

747032576
729524

747032576
729524

747032576
729524

748417024
730876

748417024
730876

750120960
732540

752218112
734588

752218112
734588

752218112
734588

752566272
734928

754294784
736616

754294784
736616

754294784
736616

756011008
738292

756011008
738292

756011008
738292

757063680
739320

757063680
739320

760520704
742696

762318848
744452

763572224
745676

763572224
745676

763572224
745676

763572224
745676

763572224
745676

764960768
747032

764960768
747032

764960768
747032

764960768
747032

764960768
747032

764960768
747032

764960768
747032

764960768
747032

764960768
747032

764960768
747032

764960768
747032

764960768
747032

764960768
747032

764960768
747032

764960768
747032

764960768
747032

765763584
747816

765763584
747816

765763584
747816

765906944
747956

765906944
747956

765906944
747956

765906944
747956

765906944
747956

766922752
748948

768684032
750668

768684032
750668

768684032
750668

768684032
750668

768684032
750668

768684032
750668

768684032
750668

768684032
750668

768684032
750668

769077248
751052

770805760
752740

770805760
752740

770805760
752740

772689920
754580

772689920
754580

772689920
754580

772689920
754580

772689920
754580

772689920
754580

772689920
754580

772689920
754580

772689920
754580

772689920
754580

772837376
754724

772837376
754724

772837376
754724

772837376
754724

774197248
756052

776294400
758100

777342976
759124

777342976
759124

777342976
759124

779649024
761376

780173312
761888

781471744
763156

783269888
764912

783269888
764912

783269888
764912

783269888
764912

785330176
766924

785330176
766924

787427328
768972

811073536
792064

811073536
792064

811073536
792064

811073536
792064

811073536
792064

811073536
792064

811073536
792064

811073536
792064

811073536
792064

811073536
792064

811073536
792064

811073536
792064

811073536
792064

811073536
792064

811073536
792064

811073536
792064

811073536
792064

811073536
792064

811073536
792064

813170688
794112

813170688
794112

815267840
796160

815267840
796160

815824896
796704

817397760
798240

817397760
798240

817397760
798240

817922048
798752

817922048
798752

817922048
798752

834174976
814624

834174976
814624

834174976
814624

834174976
814624

834174976
814624

836272128
816672

836272128
816672

836272128
816672

836272128
816672

836272128
816672

837320704
817696

837726208
818092

837726208
818092

840097792
820408

841670656
821944

842194944
822456

842194944
822456

842194944
822456

845070336
825264

846835712
826988

848117760
828240

849166336
829264

851263488
831312

851263488
831312

851263488
831312

851263488
831312

851263488
831312

851263488
831312

851263488
831312

851263488
831312

851263488
831312

851263488
831312

851263488
831312

851263488
831312

851611648
831652

853708800
833700

853708800
833700

854224896
834204

855502848
835452

855502848
835452

855502848
835452

855502848
835452

855502848
835452

862109696
841904

865693696
845404

865693696
845404

865693696
845404

865693696
845404

866250752
845948

878645248
858052

878645248
858052

878645248
858052

878645248
858052

878645248
858052

878645248
858052

878645248
858052

878645248
858052

881790976
861124

881790976
861124

881790976
861124

882331648
861652

882331648
861652

882331648
861652

882331648
861652

882331648
861652

882331648
861652

882331648
861652

882331648
861652

882331648
861652

882331648
861652

882331648
861652

882331648
861652

882331648
861652

882331648
861652

882331648
861652

883773440
863060

885391360
864640

885391360
864640

885391360
864640

885846016
865084

885846016
865084

888545280
867720

888860672
868028

891617280
870720

893313024
872376

893313024
872376

893702144
872756

894017536
873064

894017536
873064

895389696
874404

895389696
874404

895389696
874404

895389696
874404

896520192
875508

898486272
877428

898760704
877696

900857856
879744

900857856
879744

901177344
880056

901177344
880056

901177344
880056

901177344
880056

901177344
880056

901177344
880056

901177344
880056

901177344
880056

901177344
880056

901177344
880056

902053888
880912

902053888
880912

902053888
880912

902053888
880912

902053888
880912

902053888
880912

902942720
881780

902942720
881780

902942720
881780

902942720
881780

902942720
881780

902942720
881780

902942720
881780

904187904
882996

904187904
882996

906285056
885044

906285056
885044

906285056
885044

906285056
885044

906285056
885044

906285056
885044

906285056
885044

906285056
885044

906285056
885044

906285056
885044

906285056
885044

906285056
885044

906285056
885044

906285056
885044

906567680
885320

908824576
887524

914407424
892976

914952192
893508

914952192
893508

914952192
893508

917049344
895556

917049344
895556

917049344
895556

917049344
895556

921534464
899936

922701824
901076

924798976
903124

924798976
903124

924798976
903124

924798976
903124

924798976
903124

924798976
903124

924798976
903124

924798976
903124

0

