OK
1495.868407
178
Boogie Dump Took : 1.569929
0.001027
40.183471
3.65982180337079
951.79118,0,41.8015939999999,3.969903,12737,153,0.001585,950.988263,16,7,16
1001.841894,0,38.1695939999998,4.604601,11371,118,0.001341,1001.065377,16,9,12
983.7635,0,30.1130830000001,3.67896,9455,110,0.001247,982.89303,12,5,16
515.285722,0,30.2674159999997,5.123276,8920,181,0.001918,514.317098,12,14,10
980.71214,0,37.7042820000001,4.396716,11862,133,0.001538,979.882586,13,10,10
986.770092,0,37.8883030000001,5.275035,11611,159,0.007891,985.906122,12,14,14
92.889634,0,28.157392,5.531864,8650,128,0.001589,92.202466,9,12,11
944.356103,0,19.936499,3.119621,5602,114,0.002013,943.715775,8,9,9
