OK
2015.260498
875
Boogie Dump Took : 3.477058
0.000503
35.046914
2.24273336342857
125.630277,0,100.110432000001,27.379815,20916,750,0.018106,123.695918,20,80,25
136.926346,0,66.407488,33.745125,14975,740,0.0101110000000001,135.241814,16,95,14
147.255474,0,91.645794,31.405188,19758,734,0.019462,145.382973,18,93,17
173.457727,0,85.4997210000002,36.893611,18459,722,0.010712,171.263772,16,89,21
144.624645,0,92.0225640000007,31.003015,19084,734,0.010702,142.709962,17,94,12
185.31796,0,56.488443,32.542085,12553,748,0.0189660000000002,183.003391,13,96,14
171.511939,0,61.80243,43.91477,13947,781,0.00677199999999996,169.877528,12,105,10
168.525095,0,66.4959120000003,36.811005,14928,652,0.0184790000000001,166.311466,13,98,12
