OK
203.300153
72
Boogie Dump Took : 1.276691
0.006029
24.739662
2.44724744444444
83.496001,0,11.180541,2.273408,6127,136,0.000968999999999999,83.050265,5,0,13
91.562829,0,16.1056939999999,1.235606,8100,58,0.000566,91.057356,12,0,8
108.536893,0,14.663841,1.001149,7984,54,0.000503,108.068307,11,0,8
100.713243,0,13.634123,1.635611,7416,70,0.000597,100.190732,9,1,8
87.468272,0,12.540073,2.944025,6836,144,0.000996999999999999,86.963877,6,0,15
119.226765,0,13.001222,2.235604,6073,59,0.000622,118.398521,9,0,7
109.360177,0,13.299771,1.950937,7129,60,0.000537,108.877379,10,0,7
100.248141,0,13.995552,1.228074,7345,55,0.000557,99.730457,9,0,5
