OK
153.711289
118
Boogie Dump Took : 1.309075
0.006163
8.247372
1.12140016101695
69.829211,0,21.2533,1.332779,7105,59,0.000647,69.341839,14,0,17
68.836268,0,21.728381,1.360824,7254,62,0.000588,68.322893,15,0,16
48.282358,0,24.992738,1.209839,8055,65,0.000616,47.757366,16,0,17
67.868642,0,20.6223529999999,1.185646,6934,62,0.000699,67.373371,15,0,13
60.459019,0,24.7701389999999,0.834918,8105,53,0.00058,60.002677,16,0,11
56.206362,0,23.9625739999999,0.721091,7852,54,0.000621,55.755508,15,0,10
63.431754,0,20.8445400000001,0.788309,6921,80,0.00077,62.936176,13,0,13
58.644916,0,21.359205,1.945865,7047,79,0.000718,58.070762,13,1,20
