OK
175.83946
124
Boogie Dump Took : 0.843312
0.009288
7.78271
1.35940293548387
67.865679,0,17.4185170000001,1.747986,11477,110,0.000813,66.917606,19,0,20
65.369523,0,18.5732400000001,2.052844,12158,135,0.000976999999999999,64.667298,19,0,18
68.916571,0,17.421969,1.37469,9748,104,0.000935,68.193668,15,0,11
61.075422,0,19.546796,1.727276,10556,144,0.00106,60.225594,16,2,16
54.811925,0,15.403648,2.287462,8651,146,0.001198,53.961399,12,1,15
81.110611,0,14.658526,1.220843,9926,131,0.000924999999999999,80.483883,14,0,14
57.920989,0,15.825231,2.555126,10264,173,0.001195,57.345025,11,1,11
70.921203,0,15.496363,1.679203,8390,109,0.000913,70.050253,14,0,15
