OK
108.257031
126
Boogie Dump Took : 1.193519
0.002091
6.556191
0.794300777777778
30.511004,0,20.623209,1.056921,6394,90,0.000687,29.990053,16,0,16
32.017178,0,18.828445,0.647912,6280,86,0.000682,31.533301,16,0,14
29.189642,0,21.219908,0.841426,6930,76,0.000626999999999999,28.662209,18,0,14
26.628832,0,22.83813,0.905248,6709,77,0.000685,26.086613,18,0,14
35.904449,0,18.822617,1.055804,5726,85,0.000682,35.38132,14,0,19
24.485744,0,21.8854269999999,1.309821,6468,83,0.000722,23.917242,16,0,15
27.218672,0,19.227734,1.049231,6134,103,0.000742,26.68607,13,0,22
26.578541,0,18.721785,0.762668,6013,92,0.000758,26.094115,14,1,11
