OK
264.917434
75
Boogie Dump Took : 1.612557
0.002564
30.775528
3.06222546666667
70.685946,0,11.997506,4.02058,6167,130,0.000922,70.143522,3,5,4
58.01272,0,13.89572,4.203045,6668,117,0.000792999999999999,57.487576,4,6,2
45.006097,0,12.8597,8.601096,6755,127,0.000918999999999999,44.358616,4,5,7
51.849313,0,13.059379,4.239365,6560,134,0.001151,51.347536,3,5,8
68.875196,0,11.714794,5.077179,6181,116,0.00101,68.33887,4,5,5
63.094264,0,15.380204,3.510569,8025,133,0.000985,62.436825,6,6,1
68.581577,0,13.1060380000001,6.284751,6258,130,0.001073,67.994515,3,6,4
49.987923,0,16.455573,2.786704,7694,104,0.000915,49.444717,5,5,1
