OK
63.813113
62
Boogie Dump Took : 1.766814
0.000537
7.317941
0.942155177419355
24.382722,10.013895,9.80318900000001,0.724043,2271,46,0.000657,22.89633,7,1,5
29.727962,10.146836,6.453485,0.235629,1120,40,0.000865,29.312944,8,0,5
21.478949,11.748299,7.287279,0.322548,1335,66,0.001012,21.046469,8,0,9
24.585348,14.452237,8.8097,0.343967,1793,57,0.000784,24.080883,9,1,5
15.48084,19.961435,7.63502999999999,0.682534,2142,34,0.000658,15.05846,5,1,5
21.034784,8.039781,5.615555,0.40391,916,68,0.001057,20.599468,5,1,12
21.923759,9.346498,6.50351999999999,0.400422,1091,58,0.000834,21.446551,8,2,5
19.791884,7.117466,4.81656,0.462198,861,62,0.000899,19.364991,5,0,9
