NOK
157.025158
280
Boogie Dump Took : 3.848229
0.001415
8.562204
0.545623003571428
0,0,0,0,0,0,0,43.000658,17,0,12
0,0,0,0,0,0,0,35.393142,12,2,14
0,0,0,0,0,0,0,37.233726,13,1,13
0,0,0,0,0,0,0,36.670046,13,1,12
0,0,0,0,0,0,0,36.890091,12,0,21
0,0,0,0,0,0,0,37.428545,11,1,15
0,0,0,0,0,0,0,36.422647,13,0,15
0,0,0,0,0,0,0,39.362606,15,2,12
0,0,0,0,0,0,0,38.970526,13,1,9
0,0,0,0,0,0,0,39.595473,12,1,12
0,0,0,0,0,0,0,39.18785,12,2,11
0,0,0,0,0,0,0,34.946775,13,0,14
0,0,0,0,0,0,0,33.401775,13,0,15
0,0,0,0,0,0,0,36.262128,13,1,13
0,0,0,0,0,0,0,39.078706,14,1,14
0,0,0,0,0,0,0,39.14427,13,0,7
0,0,0,0,0,0,0,122.68024,2,1,0
0,0,0,0,0,0,0,122.864856,3,0,0
0,0,0,0,0,0,0,108.085503,2,0,4
0,0,0,0,0,0,0,122.873964,3,0,0
0,0,0,0,0,0,0,114.559019,2,0,2
0,0,0,0,0,0,0,113.756311,3,2,1
0,0,0,0,0,0,0,114.049996,2,0,2
0,0,0,0,0,0,0,115.527697,2,0,0
0,0,0,0,0,0,0,117.529753,1,0,4
0,0,0,0,0,0,0,117.510199,1,0,3
0,0,0,0,0,0,0,117.437872,1,2,0
0,0,0,0,0,0,0,117.374025,2,0,0
0,0,0,0,0,0,0,119.444573,2,1,0
0,0,0,0,0,0,0,119.906979,2,0,0
0,0,0,0,0,0,0,121.123752,1,0,0
0,0,0,0,0,0,0,121.937163,1,0,0
#stats#
TotalSplitsOR: 18
TotalSplitsAND: 262
Non-Leading client : comma seperated leading clients killed
20 : 
21 : 
27 : 
26 : 
28 : 
29 : 
26 : 
21 : 
16 : 
21 : 
21 : 
Node : startTime, EndTime
195 : 14-04 18:04:10.376332,14-04 18:04:10.435972
196 : 14-04 18:04:10.376630,14-04 18:04:10.435990
190 : 14-04 18:04:10.373375,14-04 18:04:10.435991
191 : 14-04 18:04:10.373722,14-04 18:04:10.436000
185 : 14-04 18:04:10.370302,14-04 18:04:10.436000
186 : 14-04 18:04:10.370656,14-04 18:04:10.436009
980 : 14-04 18:05:50.914116,14-04 18:06:24.711551
981 : 14-04 18:05:50.916540,14-04 18:06:24.711611
975 : 14-04 18:05:50.904251,14-04 18:06:24.711612
976 : 14-04 18:05:50.905834,14-04 18:06:24.711658
970 : 14-04 18:05:50.895089,14-04 18:06:24.711659
1190 : 14-04 18:06:09.732263,14-04 18:06:24.711712
1191 : 01-01 00:00:00.000000,14-04 18:06:24.711717
1185 : 14-04 18:06:09.709348,14-04 18:06:24.711717
1186 : 01-01 00:00:00.000000,14-04 18:06:24.711722
1180 : 14-04 18:06:09.691623,14-04 18:06:24.711722
1181 : 14-04 18:06:12.077786,14-04 18:06:24.711727
971 : 14-04 18:05:50.896761,14-04 18:06:24.711762
1365 : 14-04 18:06:30.241857,14-04 18:06:33.641023
1366 : 01-01 00:00:00.000000,14-04 18:06:33.641045
1360 : 14-04 18:06:30.226477,14-04 18:06:33.641047
1361 : 01-01 00:00:00.000000,14-04 18:06:33.641060
1355 : 14-04 18:06:30.218082,14-04 18:06:33.641061
1356 : 14-04 18:06:30.246984,14-04 18:06:33.641075