OK
116.227153
187
Boogie Dump Took : 1.451264
0.004559
5.904503
0.580040213903743
0,0,0,0,0,0,0,56.932218,11,0,13
0,0,0,0,0,0,0,40.688585,11,0,11
0,0,0,0,0,0,0,50.09998,11,0,13
0,0,0,0,0,0,0,34.236357,9,1,11
0,0,0,0,0,0,0,47.457519,13,0,9
0,0,0,0,0,0,0,40.032717,11,0,15
0,0,0,0,0,0,0,58.32045,13,0,5
0,0,0,0,0,0,0,44.434067,13,0,12
0,0,0,0,0,0,0,41.011584,12,0,11
0,0,0,0,0,0,0,42.101926,12,0,8
0,0,0,0,0,0,0,47.77897,11,1,6
0,0,0,0,0,0,0,36.982777,11,0,14
0,0,0,0,0,0,0,39.63693,11,0,10
0,0,0,0,0,0,0,38.590679,11,0,17
0,0,0,0,0,0,0,51.517162,10,1,13
0,0,0,0,0,0,0,46.060103,11,0,13
0,0,0,0,0,0,0,39.559491,1,0,0
0,0,0,0,0,0,0,39.559766,1,0,0
0,0,0,0,0,0,0,39.555468,1,0,0
0,0,0,0,0,0,0,0,0,0,0
0,0,0,0,0,0,0,0,0,0,0
0,0,0,0,0,0,0,0,0,0,0
0,0,0,0,0,0,0,0,0,0,0
0,0,0,0,0,0,0,0,0,0,0
0,0,0,0,0,0,0,0,0,0,0
0,0,0,0,0,0,0,0,0,0,0
0,0,0,0,0,0,0,0,0,0,0
0,0,0,0,0,0,0,0,0,0,0
0,0,0,0,0,0,0,0,0,0,0
0,0,0,0,0,0,0,0,0,0,0
0,0,0,0,0,0,0,0,0,0,0
0,0,0,0,0,0,0,0,0,0,0
#stats#
TotalSplitsOR: 3
TotalSplitsAND: 184
Non-Leading client : comma seperated leading clients killed
Node : startTime, EndTime
305 : 14-04 18:11:03.640217,14-04 18:11:03.766272
306 : 14-04 18:11:03.641331,14-04 18:11:03.766304
300 : 14-04 18:11:03.634489,14-04 18:11:03.766306
301 : 14-04 18:11:03.635483,14-04 18:11:03.766325
295 : 14-04 18:11:03.628908,14-04 18:11:03.766327
296 : 14-04 18:11:03.629914,14-04 18:11:03.766345