NOK
188.483483
225
Boogie Dump Took : 1.751075
0.003136
15.575774
0.824226093333333
0,0,0,0,0,0,0,28.108107,12,1,16
0,0,0,0,0,0,0,32.7797,14,0,16
0,0,0,0,0,0,0,35.626831,12,3,12
0,0,0,0,0,0,0,36.301693,15,1,15
0,0,0,0,0,0,0,40.031712,13,2,14
0,0,0,0,0,0,0,29.535203,14,1,13
0,0,0,0,0,0,0,32.371749,12,1,16
0,0,0,0,0,0,0,36.361121,12,2,12
0,0,0,0,0,0,0,36.681562,14,0,16
0,0,0,0,0,0,0,33.100198,13,2,11
0,0,0,0,0,0,0,36.209032,10,3,14
0,0,0,0,0,0,0,26.414584,12,1,8
0,0,0,0,0,0,0,38.140523,12,1,9
0,0,0,0,0,0,0,34.156341,11,0,9
0,0,0,0,0,0,0,35.580018,15,1,12
0,0,0,0,0,0,0,32.789879,12,0,10
0,0,0,0,0,0,0,7.221687,1,0,0
0,0,0,0,0,0,0,7.210795,1,0,0
0,0,0,0,0,0,0,7.210339,1,0,0
0,0,0,0,0,0,0,0,0,0,0
0,0,0,0,0,0,0,0,0,0,0
0,0,0,0,0,0,0,0,0,0,0
0,0,0,0,0,0,0,0,0,0,0
0,0,0,0,0,0,0,0,0,0,0
0,0,0,0,0,0,0,0,0,0,0
0,0,0,0,0,0,0,0,0,0,0
0,0,0,0,0,0,0,0,0,0,0
0,0,0,0,0,0,0,0,0,0,0
0,0,0,0,0,0,0,0,0,0,0
0,0,0,0,0,0,0,0,0,0,0
0,0,0,0,0,0,0,0,0,0,0
0,0,0,0,0,0,0,0,0,0,0
#stats#
TotalSplitsOR: 3
TotalSplitsAND: 222
Non-Leading client : comma seperated leading clients killed
Node : startTime, EndTime
220 : 14-04 18:06:45.801163,14-04 18:06:45.853552
221 : 14-04 18:06:45.801614,14-04 18:06:45.853567
215 : 14-04 18:06:45.797504,14-04 18:06:45.853568
216 : 14-04 18:06:45.797894,14-04 18:06:45.853579
210 : 14-04 18:06:45.793959,14-04 18:06:45.853580
211 : 14-04 18:06:45.794379,14-04 18:06:45.853591