NOK
47.94241
218
Boogie Dump Took : 1.158929
0.000397
2.272561
0.211234279816514
0,0,0,0,0,0,0,9.044258,2,1,7
0,0,0,0,0,0,0,14.575108,7,0,7
0,0,0,0,0,0,0,13.180259,6,1,5
0,0,0,0,0,0,0,15.356241,8,0,6
0,0,0,0,0,0,0,11.182558,5,0,11
0,0,0,0,0,0,0,12.865303,7,0,8
0,0,0,0,0,0,0,15.796691,8,0,8
0,0,0,0,0,0,0,15.043119,7,0,6
0,0,0,0,0,0,0,13.126826,7,0,6
0,0,0,0,0,0,0,13.90812,5,1,5
0,0,0,0,0,0,0,15.677619,7,1,7
0,0,0,0,0,0,0,16.532811,8,0,5
0,0,0,0,0,0,0,16.744439,7,1,5
0,0,0,0,0,0,0,15.958591,5,0,3
0,0,0,0,0,0,0,16.151798,6,0,5
0,0,0,0,0,0,0,14.374271,6,1,7
0,0,0,0,0,0,0,20.917601,9,0,8
0,0,0,0,0,0,0,20.843307,7,0,8
0,0,0,0,0,0,0,20.278842,7,1,6
0,0,0,0,0,0,0,22.392721,7,1,6
0,0,0,0,0,0,0,22.098649,4,0,5
0,0,0,0,0,0,0,21.759824,7,0,11
0,0,0,0,0,0,0,22.345093,6,0,10
0,0,0,0,0,0,0,23.321899,8,0,6
0,0,0,0,0,0,0,23.377139,6,0,5
0,0,0,0,0,0,0,23.067091,6,0,2
0,0,0,0,0,0,0,21.648605,5,1,6
0,0,0,0,0,0,0,21.788472,7,0,5
0,0,0,0,0,0,0,23.160241,9,1,8
0,0,0,0,0,0,0,23.64635,6,0,4
0,0,0,0,0,0,0,23.100602,3,1,4
0,0,0,0,0,0,0,22.189142,6,1,3
#stats#
TotalSplitsOR: 6
TotalSplitsAND: 212
Non-Leading client : comma seperated leading clients killed
20 : 
19 : 
16 : 
21 : 
18 : 
29 : 
18 : 
22 : 
24 : 
25 : 
23 : 
16 : 
27 : 
28 : 
31 : 
19 : 
17 : 
20 : 
30 : 
22 : 
16 : 
23 : 
28 : 
31 : 
21 : 
25 : 
30 : 
27 : 
17 : 
24 : 
22 : 
23 : 
16 : 
29 : 
19 : 
21 : 
28 : 
18 : 
19 : 
28 : 
26 : 
24 : 
28 : 
23 : 
16 : 
31 : 
17 : 
29 : 
27 : 1
19 : 
26 : 
27 : 
18 : 
21 : 
23 : 
17 : 
16 : 
24 : 
22 : 
25 : 
18 : 
28 : 
26 : 
19 : 
23 : 
21 : 
31 : 
17 : 
16 : 
27 : 
18 : 
28 : 
29 : 
31 : 
28 : 
25 : 
26 : 
27 : 
Node : startTime, EndTime
101 : 14-04 18:17:27.785852,14-04 18:17:39.042935
100 : 14-04 18:17:27.785542,14-04 18:17:39.042982
95 : 14-04 18:17:27.782486,14-04 18:17:39.042983
96 : 14-04 18:17:27.782811,14-04 18:17:39.043012
90 : 14-04 18:17:27.779339,14-04 18:17:39.043013
91 : 14-04 18:17:27.779855,14-04 18:17:39.043198