NOK
55.680943
170
Boogie Dump Took : 1.571727
0.001037
2.984674
0.313837511764706
0,0,0,0,0,0,0,10.363396,4,0,4
0,0,0,0,0,0,0,10.926224,6,0,7
0,0,0,0,0,0,0,3.78405,2,0,8
0,0,0,0,0,0,0,7.489698,6,0,3
0,0,0,0,0,0,0,6.231649,2,0,2
0,0,0,0,0,0,0,6.609709,3,0,2
0,0,0,0,0,0,0,6.382949,2,0,2
0,0,0,0,0,0,0,9.902376,3,0,2
0,0,0,0,0,0,0,6.841488,3,0,2
0,0,0,0,0,0,0,7.370059,2,0,2
0,0,0,0,0,0,0,7.067837,6,0,4
0,0,0,0,0,0,0,10.281656,3,0,5
0,0,0,0,0,0,0,11.294813,5,1,9
0,0,0,0,0,0,0,12.185878,9,0,5
0,0,0,0,0,0,0,9.687924,2,0,1
0,0,0,0,0,0,0,9.716322,3,0,3
0,0,0,0,0,0,0,7.182396,4,1,3
0,0,0,0,0,0,0,6.972177,3,0,4
0,0,0,0,0,0,0,6.347511,3,0,3
0,0,0,0,0,0,0,7.059575,2,1,4
0,0,0,0,0,0,0,6.624392,1,0,4
0,0,0,0,0,0,0,7.21842,3,2,2
0,0,0,0,0,0,0,6.79735,1,1,5
0,0,0,0,0,0,0,7.264346,4,2,1
0,0,0,0,0,0,0,7.336674,3,2,0
0,0,0,0,0,0,0,7.295249,2,0,1
0,0,0,0,0,0,0,7.873702,2,2,0
0,0,0,0,0,0,0,7.531263,1,2,2
0,0,0,0,0,0,0,7.548394,3,2,1
0,0,0,0,0,0,0,7.450133,1,2,3
0,0,0,0,0,0,0,7.601658,2,1,0
0,0,0,0,0,0,0,7.603661,2,2,0
#stats#
TotalSplitsOR: 15
TotalSplitsAND: 155
Non-Leading client : comma seperated leading clients killed
16 : 
17 : 
18 : 
21 : 
23 : 
24 : 
16 : 
19 : 
17 : 
21 : 
26 : 
18 : 
23 : 
30 : 
24 : 
31 : 
25 : 
28 : 
16 : 
28 : 
23 : 
16 : 
27 : 
29 : 
26 : 
21 : 
29 : 
27 : 
31 : 
24 : 
23 : 
26 : 
21 : 
31 : 
19 : 
30 : 
24 : 
22 : 
28 : 
23 : 
28 : 
Node : startTime, EndTime
505 : 14-04 18:37:53.462496,14-04 18:37:53.732123
506 : 01-01 00:00:00.000000,14-04 18:37:53.732146
500 : 14-04 18:37:53.444463,14-04 18:37:53.732147
501 : 01-01 00:00:00.000000,14-04 18:37:53.732156
495 : 14-04 18:37:53.419334,14-04 18:37:53.732156
496 : 01-01 00:00:00.000000,14-04 18:37:53.732165
670 : 14-04 18:38:05.377218,14-04 18:38:05.931103
671 : 01-01 00:00:00.000000,14-04 18:38:05.931132
665 : 14-04 18:38:05.321762,14-04 18:38:05.931133
666 : 01-01 00:00:00.000000,14-04 18:38:05.931145
660 : 14-04 18:38:05.276636,14-04 18:38:05.931147
661 : 01-01 00:00:00.000000,14-04 18:38:05.931159