NOK
10.724167
72
Boogie Dump Took : 1.238572
0.001967
0.740061
0.129994166666667
0,0,0,0,0,0,0,3.917951,1,0,3
0,0,0,0,0,0,0,4.195831,4,0,2
0,0,0,0,0,0,0,4.117793,2,0,2
0,0,0,0,0,0,0,3.276045,2,0,4
0,0,0,0,0,0,0,4.24332,2,0,1
0,0,0,0,0,0,0,4.350988,2,0,1
0,0,0,0,0,0,0,4.312753,2,0,1
0,0,0,0,0,0,0,2.854909,1,1,6
0,0,0,0,0,0,0,3.446048,1,0,4
0,0,0,0,0,0,0,4.122094,2,0,1
0,0,0,0,0,0,0,4.139992,2,0,1
0,0,0,0,0,0,0,4.325324,2,0,1
0,0,0,0,0,0,0,4.377068,2,0,1
0,0,0,0,0,0,0,4.135093,2,0,1
0,0,0,0,0,0,0,4.576125,3,0,2
0,0,0,0,0,0,0,4.5585,2,0,1
0,0,0,0,0,0,0,6.404662,3,0,4
0,0,0,0,0,0,0,6.238909,3,0,3
0,0,0,0,0,0,0,5.758191,2,0,5
0,0,0,0,0,0,0,6.524504,3,0,3
0,0,0,0,0,0,0,6.293,3,0,4
0,0,0,0,0,0,0,6.488998,3,0,3
0,0,0,0,0,0,0,6.418549,2,0,4
0,0,0,0,0,0,0,6.556518,2,0,1
0,0,0,0,0,0,0,6.693686,3,0,1
0,0,0,0,0,0,0,6.733401,1,0,2
0,0,0,0,0,0,0,6.94555,3,0,1
0,0,0,0,0,0,0,7.031863,2,0,2
0,0,0,0,0,0,0,6.877017,1,1,1
0,0,0,0,0,0,0,7.174915,2,0,0
0,0,0,0,0,0,0,7.091666,2,0,0
0,0,0,0,0,0,0,6.941795,2,0,0
#stats#
TotalSplitsOR: 3
TotalSplitsAND: 69
Non-Leading client : comma seperated leading clients killed
17 : 
16 : 
18 : 
23 : 
21 : 
19 : 
17 : 
24 : 
22 : 
26 : 
30 : 
20 : 
29 : 
24 : 
31 : 
16 : 
28 : 
20 : 
26 : 
27 : 
19 : 
21 : 
Node : startTime, EndTime