NOK
15.248553
120
Boogie Dump Took : 1.2215
0.001078
0.64845
0.113955208333333
0,0,0,0,0,0,0,3.852391,2,0,6
0,0,0,0,0,0,0,3.840053,2,0,7
0,0,0,0,0,0,0,4.032479,4,1,2
0,0,0,0,0,0,0,2.072494,6,0,15
0,0,0,0,0,0,0,4.205562,6,0,5
0,0,0,0,0,0,0,4.426785,7,0,4
0,0,0,0,0,0,0,4.201384,5,1,3
0,0,0,0,0,0,0,3.823407,2,0,4
0,0,0,0,0,0,0,4.538498,8,0,5
0,0,0,0,0,0,0,3.950755,3,0,3
0,0,0,0,0,0,0,4.089438,4,0,4
0,0,0,0,0,0,0,4.001162,5,0,6
0,0,0,0,0,0,0,4.377107,5,0,3
0,0,0,0,0,0,0,4.217124,6,0,5
0,0,0,0,0,0,0,4.094814,4,1,2
0,0,0,0,0,0,0,4.393723,7,0,2
0,0,0,0,0,0,0,3.52112,1,0,5
0,0,0,0,0,0,0,3.495566,1,0,4
0,0,0,0,0,0,0,3.484867,1,0,2
0,0,0,0,0,0,0,4.282235,1,0,0
0,0,0,0,0,0,0,4.265272,1,0,0
0,0,0,0,0,0,0,4.38147,1,0,0
0,0,0,0,0,0,0,4.388022,1,0,0
0,0,0,0,0,0,0,4.413988,1,0,0
0,0,0,0,0,0,0,4.53618,2,0,0
0,0,0,0,0,0,0,4.471786,1,0,0
0,0,0,0,0,0,0,4.473707,2,1,0
0,0,0,0,0,0,0,4.436118,1,0,0
0,0,0,0,0,0,0,4.441231,2,0,0
0,0,0,0,0,0,0,4.404631,1,1,0
0,0,0,0,0,0,0,4.410347,1,1,0
0,0,0,0,0,0,0,4.19817,2,1,0
#stats#
TotalSplitsOR: 15
TotalSplitsAND: 105
Non-Leading client : comma seperated leading clients killed
26 : 
31 : 
31 : 
30 : 
29 : 
Node : startTime, EndTime
195 : 14-04 18:57:51.270950,14-04 18:57:58.919594
196 : 14-04 18:57:51.271351,14-04 18:57:58.919621
190 : 14-04 18:57:51.267066,14-04 18:57:58.919622
191 : 14-04 18:57:51.267473,14-04 18:57:58.919642
185 : 14-04 18:57:51.263993,14-04 18:57:58.919643
186 : 14-04 18:57:51.264237,14-04 18:57:58.919662