TIMEDOUT
3600
148
Boogie Dump Took : 6.539589
0,0,0,0,0,0,0,2593.654509,5,1,4
0,0,0,0,0,0,0,2256.179527,6,1,5
0,0,0,0,0,0,0,9.444942,1,0,8
0,0,0,0,0,0,0,1986.795308,5,1,5
0,0,0,0,0,0,0,1703.281851,3,0,3
0,0,0,0,0,0,0,1656.896483,5,1,3
0,0,0,0,0,0,0,2213.616134,5,1,4
0,0,0,0,0,0,0,2134.607424,5,1,5
0,0,0,0,0,0,0,2516.977389,6,1,3
0,0,0,0,0,0,0,2169.745593,5,1,4
0,0,0,0,0,0,0,699.811184,1,0,3
0,0,0,0,0,0,0,2205.386583,5,0,4
0,0,0,0,0,0,0,2294.31668,6,1,4
0,0,0,0,0,0,0,2157.520745,6,1,5
0,0,0,0,0,0,0,1962.96419,5,0,3
0,0,0,0,0,0,0,1246.758966,2,0,6
0,0,0,0,0,0,0,1528.861802,5,1,6
0,0,0,0,0,0,0,2238.845024,4,1,5
0,0,0,0,0,0,0,1966.738205,3,0,1
0,0,0,0,0,0,0,2315.005546,5,1,4
0,0,0,0,0,0,0,1419.666092,4,1,6
0,0,0,0,0,0,0,1995.45326,3,0,2
0,0,0,0,0,0,0,2138.627513,4,0,5
0,0,0,0,0,0,0,1460.723473,3,1,2
0,0,0,0,0,0,0,1929.36832,2,0,2
0,0,0,0,0,0,0,2197.837502,4,0,4
0,0,0,0,0,0,0,2232.363015,5,1,5
0,0,0,0,0,0,0,1923.093751,4,0,5
0,0,0,0,0,0,0,1601.322058,3,1,3
0,0,0,0,0,0,0,2287.030353,3,1,4
0,0,0,0,0,0,0,1457.144117,1,0,0
0,0,0,0,0,0,0,2183.689406,3,1,4
