TIMEDOUT
3600
138
Boogie Dump Took : 14.088531
0,0,0,0,0,0,0,2307.223823,3,0,4
0,0,0,0,0,0,0,2208.971773,3,0,2
0,0,0,0,0,0,0,1695.702667,2,0,3
0,0,0,0,0,0,0,1969.76952,4,0,3
0,0,0,0,0,0,0,341.909139,1,0,10
0,0,0,0,0,0,0,1914.793674,3,1,2
0,0,0,0,0,0,0,2210.127694,4,1,3
0,0,0,0,0,0,0,2065.800037,3,0,4
0,0,0,0,0,0,0,2040.647547,4,2,4
0,0,0,0,0,0,0,1478.767173,4,1,6
0,0,0,0,0,0,0,1521.908943,3,0,5
0,0,0,0,0,0,0,1873.809243,3,1,4
0,0,0,0,0,0,0,2222.122178,3,0,3
0,0,0,0,0,0,0,2258.468459,4,1,3
0,0,0,0,0,0,0,1491.968875,2,0,3
0,0,0,0,0,0,0,2105.321809,3,0,2
0,0,0,0,0,0,0,2234.918176,4,2,3
0,0,0,0,0,0,0,1956.038464,2,0,2
0,0,0,0,0,0,0,2004.898426,4,2,3
0,0,0,0,0,0,0,2224.338539,3,0,2
0,0,0,0,0,0,0,1652.64116,3,1,4
0,0,0,0,0,0,0,2261.474656,4,1,3
0,0,0,0,0,0,0,1842.817547,2,0,3
0,0,0,0,0,0,0,2419.385151,4,2,2
0,0,0,0,0,0,0,2257.303033,4,0,3
0,0,0,0,0,0,0,2131.366322,2,0,1
0,0,0,0,0,0,0,2197.187797,3,0,2
0,0,0,0,0,0,0,2458.860956,4,0,1
0,0,0,0,0,0,0,2244.316279,3,0,3
0,0,0,0,0,0,0,2274.584932,3,0,3
0,0,0,0,0,0,0,2153.744342,2,0,1
0,0,0,0,0,0,0,2412.126859,3,1,2
