NOK
241.555606
281
Boogie Dump Took : 2.357372
0.003248
5.315552
0.848796088967971
0,0,0,0,0,0,0,151.150653,5,3,7
0,0,0,0,0,0,0,152.175489,7,2,7
0,0,0,0,0,0,0,167.67757,9,1,5
0,0,0,0,0,0,0,153.838838,7,0,7
0,0,0,0,0,0,0,149.742314,7,2,8
0,0,0,0,0,0,0,153.523619,7,3,7
0,0,0,0,0,0,0,152.468928,7,1,6
0,0,0,0,0,0,0,143.473263,6,2,8
0,0,0,0,0,0,0,151.703277,7,2,6
0,0,0,0,0,0,0,151.613395,8,1,7
0,0,0,0,0,0,0,153.391018,7,2,8
0,0,0,0,0,0,0,154.347678,8,0,6
0,0,0,0,0,0,0,148.119699,6,3,7
0,0,0,0,0,0,0,155.36959,8,2,6
0,0,0,0,0,0,0,150.129123,7,2,6
0,0,0,0,0,0,0,157.872038,8,2,5
0,0,0,0,0,0,0,154.657288,7,2,6
0,0,0,0,0,0,0,155.563476,8,1,6
0,0,0,0,0,0,0,153.699823,6,3,6
0,0,0,0,0,0,0,155.106192,7,1,6
0,0,0,0,0,0,0,149.325084,6,2,7
0,0,0,0,0,0,0,146.310412,5,0,6
0,0,0,0,0,0,0,121.613579,6,1,7
0,0,0,0,0,0,0,151.963495,6,2,6
0,0,0,0,0,0,0,148.538749,6,2,6
0,0,0,0,0,0,0,162.088731,7,2,6
0,0,0,0,0,0,0,147.260556,5,2,5
0,0,0,0,0,0,0,156.081336,7,1,5
0,0,0,0,0,0,0,151.726934,6,2,6
0,0,0,0,0,0,0,155.783024,5,2,5
0,0,0,0,0,0,0,86.236566,1,0,11
0,0,0,0,0,0,0,146.062408,4,2,6
