NOK
238.152387
298
Boogie Dump Took : 8.270612
0.00078
8.262737
0.770652570469799
0,0,0,0,0,0,0,102.392129,5,5,4
0,0,0,0,0,0,0,76.947188,2,2,4
0,0,0,0,0,0,0,84.480132,3,2,3
0,0,0,0,0,0,0,84.189482,6,3,5
0,0,0,0,0,0,0,16.801842,1,0,10
0,0,0,0,0,0,0,92.58975,5,6,4
0,0,0,0,0,0,0,92.460438,5,1,4
0,0,0,0,0,0,0,95.463233,5,6,3
0,0,0,0,0,0,0,42.205657,3,5,5
0,0,0,0,0,0,0,34.133895,1,1,7
0,0,0,0,0,0,0,72.731268,6,6,5
0,0,0,0,0,0,0,86.497195,4,0,7
0,0,0,0,0,0,0,96.520951,4,1,3
0,0,0,0,0,0,0,88.675872,5,0,3
0,0,0,0,0,0,0,97.295584,5,4,3
0,0,0,0,0,0,0,96.629324,5,4,3
0,0,0,0,0,0,0,95.56515,5,5,4
0,0,0,0,0,0,0,88.474618,3,3,4
0,0,0,0,0,0,0,57.85284,3,7,4
0,0,0,0,0,0,0,94.144767,5,3,4
0,0,0,0,0,0,0,94.447513,6,5,4
0,0,0,0,0,0,0,78.003069,3,5,3
0,0,0,0,0,0,0,95.124494,4,3,3
0,0,0,0,0,0,0,92.776748,3,3,3
0,0,0,0,0,0,0,80.555014,4,6,3
0,0,0,0,0,0,0,96.564724,4,2,3
0,0,0,0,0,0,0,85.896498,2,0,5
0,0,0,0,0,0,0,94.247325,3,1,3
0,0,0,0,0,0,0,103.470348,5,3,2
0,0,0,0,0,0,0,94.803917,3,2,3
0,0,0,0,0,0,0,94.511734,3,5,2
0,0,0,0,0,0,0,100.252127,4,2,2
