TIMEDOUT
3600
7291
Boogie Dump Took : 1.361686
0,0,0,0,0,0,0,8.781417,3,228,6
0,0,0,0,0,0,0,9.084415,4,176,4
0,0,0,0,0,0,0,8.893403,5,176,5
0,0,0,0,0,0,0,8.438389,4,200,6
0,0,0,0,0,0,0,7.683147,4,197,9
0,0,0,0,0,0,0,9.291213,6,223,4
0,0,0,0,0,0,0,9.225758,4,228,4
0,0,0,0,0,0,0,9.209353,4,214,4
0,0,0,0,0,0,0,8.597496,5,252,5
0,0,0,0,0,0,0,9.254335,4,232,3
0,0,0,0,0,0,0,8.892215,4,193,2
0,0,0,0,0,0,0,9.415184,4,215,2
0,0,0,0,0,0,0,8.739025,4,198,5
0,0,0,0,0,0,0,8.858575,3,196,5
0,0,0,0,0,0,0,8.457887,3,164,4
0,0,0,0,0,0,0,9.167166,4,194,3
0,0,0,0,0,0,0,9.022476,4,211,3
0,0,0,0,0,0,0,8.740357,3,164,4
0,0,0,0,0,0,0,9.429787,4,175,3
0,0,0,0,0,0,0,9.007056,4,162,5
0,0,0,0,0,0,0,9.024774,4,222,4
0,0,0,0,0,0,0,9.453607,4,223,2
0,0,0,0,0,0,0,9.191663,4,252,3
0,0,0,0,0,0,0,9.36273,4,226,3
0,0,0,0,0,0,0,9.832269,5,214,2
0,0,0,0,0,0,0,8.76197,3,218,4
0,0,0,0,0,0,0,9.145171,3,219,3
0,0,0,0,0,0,0,9.459122,4,203,3
0,0,0,0,0,0,0,8.759215,3,231,4
0,0,0,0,0,0,0,8.784583,3,171,3
0,0,0,0,0,0,0,8.469404,3,242,3
0,0,0,0,0,0,0,9.120693,3,234,3
