OK
108.857868
77
Boogie Dump Took : 0.855141
0.003138
9.613155
1.31616893506494
56.19502,18.680195,7.491089,0.985959,3458,196,0.001122,55.835558,6,0,11
56.221832,17.553477,6.868794,0.893511,3330,206,0.001189,55.825798,7,2,14
54.591557,25.418832,9.43271000000002,0.921567,4253,176,0.001058,54.159562,11,1,14
59.530228,20.273538,7.979751,0.637384,3662,172,0.001016,59.15206,9,2,7
56.306937,29.17062,10.457118,0.359849,4691,96,0.000698,55.938395,10,1,4
54.459455,24.962787,9.21186400000001,0.940792,4168,210,0.001335,54.062632,8,0,7
60.567809,19.807961,7.468805,0.593275,3517,198,0.001126,60.168064,9,2,7
63.933449,19.133062,7.423378,0.500076,3460,220,0.001114,63.602189,7,2,3
