OK
269.214409
139
Boogie Dump Took : 0.780048
0.004878
9.624215
1.88801477697842
29.967077,0,19.173579,2.240482,6862,277,0.00534699999999999,29.536731,13,10,12
38.785003,0,19.036006,2.472186,6655,325,0.018558,38.356343,13,11,12
30.352825,0,15.723023,2.873504,5823,317,0.003257,29.919933,15,5,16
32.62415,0,17.062332,3.667662,6409,468,0.0866480000000006,32.138346,11,10,20
35.517716,0,18.323598,3.241878,6029,428,0.036705,35.099718,14,10,14
35.165499,0,21.906294,1.784111,7970,281,0.0484670000000001,34.670038,15,12,7
