OK
170.035615
103
Boogie Dump Took : 0.916549
0.002037
9.256985
1.60933495145631
26.191357,0,10.88035,1.449438,3129,345,0.003192,25.883092,14,10,7
24.209158,0,7.67417099999999,1.180752,2312,342,0.00213,23.860931,11,7,11
24.74589,0,6.109736,1.769474,1881,283,0.001729,24.308483,11,6,10
21.92074,0,9.12017799999999,0.950368,2732,357,0.052216,21.365811,10,8,11
25.499532,0,6.96472500000001,2.004457,2368,344,0.041032,25.171893,6,9,7
26.458846,0,5.833355,2.908127,1901,410,0.0452850000000002,25.994058,6,5,12
