OK
108.871853
67
Boogie Dump Took : 0.892077
0.000309
9.02476
1.52631291044776
40.590681,0,6.82456599999999,0.646939,3016,153,0.000940999999999999,40.264578,13,2,7
33.462332,0,5.12589699999999,0.960584,2066,202,0.003283,32.875501,8,2,9
35.730865,0,4.75095799999999,0.819855,2165,196,0.00649,35.409199,8,1,16
37.138233,0,4.525781,0.928408,1819,204,0.001111,36.714905,6,3,8
40.220694,0,6.684253,0.407665,2573,128,0.00465699999999999,39.89,10,1,9
29.319924,0,6.050049,0.904278,2429,198,0.020759,28.917888,10,3,6
