OK
501.249193
139
Boogie Dump Took : 1.348694
0.000961
26.203036
3.39268675539568
134.361696,0,36.8943189999999,3.640384,14223,224,0.024923,133.784705,15,11,6
141.880497,0,32.440861,5.878055,12888,266,0.025525,141.349905,14,9,15
138.634985,0,32.9354359999999,5.077816,12650,246,0.046168,138.10208,14,8,16
102.924977,0,32.6889280000001,4.574689,13508,345,0.0610560000000001,102.432367,11,10,20
132.298588,0,35.9639849999999,4.097293,14870,254,0.001906,131.846215,15,10,10
128.433502,0,38.237105,5.723519,14516,236,0.0488160000000001,127.922742,15,7,17
