OK
853.615606
210
Boogie Dump Took : 1.469252
0.004234
38.381371
3.87932084285714
141.262715,0,55.7897860000002,9.000182,23543,307,0.041409,140.677772,18,15,19
199.997595,0,45.9103780000001,10.384439,18988,349,0.0637930000000001,199.431659,17,21,15
172.851193,0,53.3017860000004,12.515184,21357,364,0.065437,172.130065,21,19,16
196.10663,0,50.9814549999998,9.383377,20674,461,0.0746120000000001,195.495001,14,16,23
189.894732,0,52.8934499999997,8.877878,20925,342,0.036127,189.218092,18,16,17
185.261023,0,51.1571940000002,11.681767,21255,330,0.0323970000000001,184.558522,18,17,16
